# NumberOfHospitals NumberOfScenarios TimeHorizon
4 20 3
# DemandeScenario_0_Hospital_0_Period_0 DemandeScenario_0_Hospital_1_Period_0 ... DemandeScenario_0_Hospital_0_Period_1 DemandeScenario_0_Hospital_1_Period_1 ...
# DemandeScenario_1_Hospital_0_Period_0 DemandeScenario_1_Hospital_1_Period_0 ... DemandeScenario_1_Hospital_0_Period_1 DemandeScenario_1_Hospital_1_Period_1 ...
# ...
# ...
# ...
43835 71519 87572 39073  21984 29660 39166 21903  12698 12772 20303 14131  
60849 101168 127340 52147  17205 17404 25405 19368  7286 4346 7842 10554  
41488 46450 70182 42226  21311 28635 40376 20290  12180 22593 25039 10984  
69095 72547 108323 73039  15118 35298 39560 10787  3469 10937 11728 1705  
43736 67650 83451 40429  24388 32957 45234 23819  9878 10310 15466 11089  
29733 40725 52999 28966  20573 32579 41263 18627  11282 16767 20643 11036  
80282 86464 132031 83044  8216 33531 31000 2752  243 5532 2402 61  
71784 118825 146813 62749  13364 6852 15383 17202  2294 740 2207 3612  
23167 29673 43163 22080  17860 21060 31215 17976  13480 20054 25418 12878  
59008 71526 102961 58801  18101 26278 36036 16909  7507 15286 15665 6807  
14632 22355 27715 13618  13362 16588 23141 13423  9730 16303 19659 8692  
64196 68926 102147 67356  15554 26465 33045 13423  7704 22320 24352 4452  
64173 94384 121955 59843  16710 23670 31579 16583  5316 6646 8504 6090  
35672 48729 63024 34901  23245 36117 45966 21438  12284 19571 24597 11392  
69230 93304 131650 64872  15539 28094 27891 16110  3321 3824 4729 4282  
58943 71191 104165 58313  18787 25586 33825 18631  7290 18935 18151 5821  
37664 52919 68233 36278  19440 19258 30173 21065  11998 14159 20728 12153  
46257 79393 98052 39094  26727 30722 43459 28426  9167 9326 14242 10502  
39562 59611 76687 36332  23205 30028 41382 23193  10932 17126 21415 10334  
79325 95185 142988 77494  7418 27006 18648 6773  1238 2166 2071 1213  
