# NumberOfHospitals NumberOfScenarios TimeHorizon
4 100 3
# DemandeScenario_0_Hospital_0_Period_0 DemandeScenario_0_Hospital_1_Period_0 ... DemandeScenario_0_Hospital_0_Period_1 DemandeScenario_0_Hospital_1_Period_1 ...
# DemandeScenario_1_Hospital_0_Period_0 DemandeScenario_1_Hospital_1_Period_0 ... DemandeScenario_1_Hospital_0_Period_1 DemandeScenario_1_Hospital_1_Period_1 ...
# ...
# ...
# ...
43835 71519 87572 39073  21984 29660 39166 21903  12698 12772 20303 14131  
60849 101168 127340 52147  17205 17404 25405 19368  7286 4346 7842 10554  
41488 46450 70182 42226  21311 28635 40376 20290  12180 22593 25039 10984  
69095 72547 108323 73039  15118 35298 39560 10787  3469 10937 11728 1705  
43736 67650 83451 40429  24388 32957 45234 23819  9878 10310 15466 11089  
29733 40725 52999 28966  20573 32579 41263 18627  11282 16767 20643 11036  
80282 86464 132031 83044  8216 33531 31000 2752  243 5532 2402 61  
71784 118825 146813 62749  13364 6852 15383 17202  2294 740 2207 3612  
23167 29673 43163 22080  17860 21060 31215 17976  13480 20054 25418 12878  
59008 71526 102961 58801  18101 26278 36036 16909  7507 15286 15665 6807  
14632 22355 27715 13618  13362 16588 23141 13423  9730 16303 19659 8692  
64196 68926 102147 67356  15554 26465 33045 13423  7704 22320 24352 4452  
64173 94384 121955 59843  16710 23670 31579 16583  5316 6646 8504 6090  
35672 48729 63024 34901  23245 36117 45966 21438  12284 19571 24597 11392  
69230 93304 131650 64872  15539 28094 27891 16110  3321 3824 4729 4282  
58943 71191 104165 58313  18787 25586 33825 18631  7290 18935 18151 5821  
37664 52919 68233 36278  19440 19258 30173 21065  11998 14159 20728 12153  
46257 79393 98052 39094  26727 30722 43459 28426  9167 9326 14242 10502  
39562 59611 76687 36332  23205 30028 41382 23193  10932 17126 21415 10334  
79325 95185 142988 77494  7418 27006 18648 6773  1238 2166 2071 1213  
33334 37816 56737 33799  20854 30537 39316 19796  12677 21693 25853 11483  
49379 61346 89356 48065  20150 36846 41523 18064  9028 11008 15814 9505  
50137 57323 86354 50478  20063 26842 35682 19779  10064 23454 23781 8241  
35895 59695 72760 31582  23811 30930 42250 23762  13325 15962 22635 13998  
24928 32481 44521 24397  17978 21054 31379 18060  11773 15380 20565 11780  
8129 8541 13485 8384  7597 10294 13862 7343  6899 8942 12602 6694  
14163 17065 23555 14450  11294 15596 19951 11098  10898 11875 18085 11276  
24787 32877 45951 23680  17226 23252 32196 16515  12785 19059 23684 12313  
44393 63806 87122 40495  24979 29820 41697 26318  10785 15412 19284 10981  
22973 22987 36433 24264  17216 25517 32230 16305  13079 15098 22721 13167  
43910 58129 76702 43360  18280 28654 34357 17597  12614 21998 27374 11095  
63188 76825 114655 61430  18705 35549 37416 17692  4880 10602 9853 4707  
65533 63565 101455 70024  18118 39395 44705 13226  3370 11987 10999 1926  
40467 61450 75126 38063  25990 36539 49737 24781  11572 13322 19508 12421  
7363 9167 13701 7038  6579 10283 13294 5861  6468 8291 11939 6249  
7403 11119 13903 6941  6357 10055 12205 5855  6677 8884 11931 6566  
67961 107712 134205 61278  15953 14271 22956 19095  3768 4270 7155 3925  
16526 20163 28610 16533  11456 13624 18975 11752  10037 14969 18724 9559  
71436 116005 146409 62450  15339 7758 15647 21641  1485 2078 2526 1485  
30160 45016 56657 28277  20884 25414 35865 21265  12769 20465 25276 11831  
62934 92004 117991 59215  19142 24937 34746 19640  4256 5999 7619 4634  
51446 81993 100637 46642  24836 26944 41649 26375  5716 9148 10495 5781  
6270 9027 11149 6080  7330 10316 13489 7028  6623 7600 11079 6798  
44356 54344 74885 44855  25394 36314 49357 23861  8963 17659 19162 8021  
74149 102623 136493 70934  12306 15859 22314 13201  1700 7181 5591 1165  
7680 9837 14323 7322  7693 9957 13932 7497  6165 10024 12415 5510  
64626 86217 115720 63004  14501 22625 27453 14367  7155 11043 15360 6582  
52776 62546 95779 51326  19952 34105 39580 18928  9511 18015 18270 9200  
24680 32859 45891 23528  18179 22307 32020 18166  12540 17182 23393 12129  
46724 58721 86234 44853  21416 35191 42075 20088  10934 18238 20437 10702  
47786 54741 77264 49526  24023 34731 46118 22767  10265 22469 25093 8219  
47540 67673 91465 44069  22168 32268 40995 21698  10581 14028 18209 11163  
23648 32417 44989 22143  17024 23651 32195 16166  12871 19454 24487 12207  
73368 77516 122321 75445  12596 33012 32163 8881  2332 11534 8684 1323  
31360 35884 52179 32134  18728 23620 32346 18780  14784 22871 29838 13487  
60638 87463 118517 55489  20058 29188 34501 20930  4843 7136 8215 5330  
43517 67717 87962 38597  25187 32395 43258 25847  9297 14565 17586 9049  
31001 34417 54359 30899  21658 33135 41574 20318  12266 20386 24708 11264  
50372 62977 90632 49208  21578 28532 38826 21516  8113 13542 16708 7536  
66761 91739 124065 63531  16753 23320 30099 17372  3405 7967 7902 3092  
25296 33535 46142 24424  17785 20748 30969 17917  12269 19844 24605 11189  
52422 79923 99709 48645  15704 21932 27226 16138  11719 16511 23496 11139  
8158 10248 14239 8110  6684 8249 11327 6762  6958 8594 12531 6832  
75374 91767 134211 74196  9780 24081 23235 8626  3078 9055 6966 2527  
41014 49198 73183 40347  22184 35549 43012 20722  11415 19702 22864 10596  
32994 38344 57880 32847  20605 25396 35731 20727  12843 17685 24182 12346  
30153 29804 47423 31984  21161 25912 37457 20876  11991 18431 22699 11295  
40263 62707 75861 37433  27177 31484 47251 27873  9295 15691 18526 8784  
23965 31862 42718 23437  16247 21378 28472 16168  13298 19360 25234 12650  
38726 46795 70419 37601  23542 35990 44373 22473  11309 18725 22434 10651  
33782 42231 60525 33089  20402 30215 39205 19175  12522 20276 24496 11709  
37057 56581 74109 33201  21640 32932 40990 20454  12064 17410 21918 11894  
49558 65427 85942 49109  20089 20458 32368 21499  10448 18475 22753 9062  
55798 71339 103116 53488  20023 26613 35479 20576  8191 18676 17481 7282  
74930 100643 139013 71484  9784 20522 20225 9717  2782 2986 3927 3568  
45502 48817 73416 47478  24503 40556 50441 21871  10738 18349 22787 9614  
44330 67747 84169 41167  24311 32913 45266 23691  10407 14507 19163 10478  
16641 19507 29185 16567  13112 17822 24663 12464  11223 14856 20349 10988  
53121 79605 100216 49647  22038 30883 42482 21110  8989 9871 14560 10136  
7885 11683 14947 7370  7156 10751 13954 6570  6291 9427 12393 5748  
58979 75048 104868 57969  16331 24513 29890 16055  7996 13769 16610 7449  
34474 42647 57712 34951  22152 30412 40197 21708  14783 20635 28602 14033  
33001 41532 59986 32019  21130 27955 37627 20935  12362 17891 23794 11782  
48467 68605 92490 45212  22547 31672 40595 22462  9642 10973 16182 10409  
24720 27118 41986 25132  15797 16385 25215 16579  13618 22530 27496 12318  
25001 31776 45447 24253  15739 26843 32163 13909  12276 18512 23857 11449  
29229 28286 45272 31237  19721 23923 33958 19720  14342 23126 28740 13062  
74332 102188 136408 71285  11925 18331 23984 11921  1964 4821 4026 2044  
62798 100801 121720 57192  20319 21074 34401 22043  4129 3364 6312 5169  
59228 87965 106126 56829  22563 31922 45262 22170  4137 4370 7776 4501  
38480 39493 61530 40435  23799 33671 45922 22215  12238 21289 24985 11081  
32944 28342 48009 36269  22151 28346 39225 21651  13917 20115 27195 12778  
6536 5605 9503 7216  7320 8549 12381 7436  5635 7097 9503 5697  
48113 57893 82068 48522  21523 38109 45020 19070  9318 14212 17626 9135  
30733 33718 53732 30704  19147 28540 37579 17775  14577 20246 26247 14468  
38782 42610 67671 38786  22241 33455 42968 20967  11754 17832 22323 11412  
15028 22135 27973 14190  13608 18944 25206 13041  10089 16190 20285 9073  
42986 71603 87164 37803  25925 29276 43352 27234  11189 13331 18928 11919  
74910 106215 145932 68762  12628 18365 17697 15676  947 1890 1523 1174  
32278 48292 58946 30683  23315 32150 42598 22838  13978 18411 25486 13972  
