# NumberOfHospitals NumberOfScenarios TimeHorizon
4 50 3
# DemandeScenario_0_Hospital_0_Period_0 DemandeScenario_0_Hospital_1_Period_0 ... DemandeScenario_0_Hospital_0_Period_1 DemandeScenario_0_Hospital_1_Period_1 ...
# DemandeScenario_1_Hospital_0_Period_0 DemandeScenario_1_Hospital_1_Period_0 ... DemandeScenario_1_Hospital_0_Period_1 DemandeScenario_1_Hospital_1_Period_1 ...
# ...
# ...
# ...
43835 71519 87572 39073  21984 29660 39166 21903  12698 12772 20303 14131  
60849 101168 127340 52147  17205 17404 25405 19368  7286 4346 7842 10554  
41488 46450 70182 42226  21311 28635 40376 20290  12180 22593 25039 10984  
69095 72547 108323 73039  15118 35298 39560 10787  3469 10937 11728 1705  
43736 67650 83451 40429  24388 32957 45234 23819  9878 10310 15466 11089  
29733 40725 52999 28966  20573 32579 41263 18627  11282 16767 20643 11036  
80282 86464 132031 83044  8216 33531 31000 2752  243 5532 2402 61  
71784 118825 146813 62749  13364 6852 15383 17202  2294 740 2207 3612  
23167 29673 43163 22080  17860 21060 31215 17976  13480 20054 25418 12878  
59008 71526 102961 58801  18101 26278 36036 16909  7507 15286 15665 6807  
14632 22355 27715 13618  13362 16588 23141 13423  9730 16303 19659 8692  
64196 68926 102147 67356  15554 26465 33045 13423  7704 22320 24352 4452  
64173 94384 121955 59843  16710 23670 31579 16583  5316 6646 8504 6090  
35672 48729 63024 34901  23245 36117 45966 21438  12284 19571 24597 11392  
69230 93304 131650 64872  15539 28094 27891 16110  3321 3824 4729 4282  
58943 71191 104165 58313  18787 25586 33825 18631  7290 18935 18151 5821  
37664 52919 68233 36278  19440 19258 30173 21065  11998 14159 20728 12153  
46257 79393 98052 39094  26727 30722 43459 28426  9167 9326 14242 10502  
39562 59611 76687 36332  23205 30028 41382 23193  10932 17126 21415 10334  
79325 95185 142988 77494  7418 27006 18648 6773  1238 2166 2071 1213  
33334 37816 56737 33799  20854 30537 39316 19796  12677 21693 25853 11483  
49379 61346 89356 48065  20150 36846 41523 18064  9028 11008 15814 9505  
50137 57323 86354 50478  20063 26842 35682 19779  10064 23454 23781 8241  
35895 59695 72760 31582  23811 30930 42250 23762  13325 15962 22635 13998  
24928 32481 44521 24397  17978 21054 31379 18060  11773 15380 20565 11780  
8129 8541 13485 8384  7597 10294 13862 7343  6899 8942 12602 6694  
14163 17065 23555 14450  11294 15596 19951 11098  10898 11875 18085 11276  
24787 32877 45951 23680  17226 23252 32196 16515  12785 19059 23684 12313  
44393 63806 87122 40495  24979 29820 41697 26318  10785 15412 19284 10981  
22973 22987 36433 24264  17216 25517 32230 16305  13079 15098 22721 13167  
43910 58129 76702 43360  18280 28654 34357 17597  12614 21998 27374 11095  
63188 76825 114655 61430  18705 35549 37416 17692  4880 10602 9853 4707  
65533 63565 101455 70024  18118 39395 44705 13226  3370 11987 10999 1926  
40467 61450 75126 38063  25990 36539 49737 24781  11572 13322 19508 12421  
7363 9167 13701 7038  6579 10283 13294 5861  6468 8291 11939 6249  
7403 11119 13903 6941  6357 10055 12205 5855  6677 8884 11931 6566  
67961 107712 134205 61278  15953 14271 22956 19095  3768 4270 7155 3925  
16526 20163 28610 16533  11456 13624 18975 11752  10037 14969 18724 9559  
71436 116005 146409 62450  15339 7758 15647 21641  1485 2078 2526 1485  
30160 45016 56657 28277  20884 25414 35865 21265  12769 20465 25276 11831  
62934 92004 117991 59215  19142 24937 34746 19640  4256 5999 7619 4634  
51446 81993 100637 46642  24836 26944 41649 26375  5716 9148 10495 5781  
6270 9027 11149 6080  7330 10316 13489 7028  6623 7600 11079 6798  
44356 54344 74885 44855  25394 36314 49357 23861  8963 17659 19162 8021  
74149 102623 136493 70934  12306 15859 22314 13201  1700 7181 5591 1165  
7680 9837 14323 7322  7693 9957 13932 7497  6165 10024 12415 5510  
64626 86217 115720 63004  14501 22625 27453 14367  7155 11043 15360 6582  
52776 62546 95779 51326  19952 34105 39580 18928  9511 18015 18270 9200  
24680 32859 45891 23528  18179 22307 32020 18166  12540 17182 23393 12129  
46724 58721 86234 44853  21416 35191 42075 20088  10934 18238 20437 10702  
