# NumberOfHospitals NumberOfScenarios TimeHorizon
1 50 4
# DemandeScenario_0_Hospital_0_Period_0 DemandeScenario_0_Hospital_1_Period_0 ... DemandeScenario_0_Hospital_0_Period_1 DemandeScenario_0_Hospital_1_Period_1 ...
# DemandeScenario_1_Hospital_0_Period_0 DemandeScenario_1_Hospital_1_Period_0 ... DemandeScenario_1_Hospital_0_Period_1 DemandeScenario_1_Hospital_1_Period_1 ...
# ...
# ...
# ...
126999  56800  33247  13665  
118561  69339  30289  15708  
97345  65712  34639  16611  
42417  35340  29354  25415  
100421  61784  28102  21996  
108632  62340  31893  18420  
106972  54392  34176  20915  
200272  37282  7697  2099  
19006  17675  15323  16782  
200605  38124  6327  2108  
182756  52390  9190  2310  
143700  70007  21552  5785  
58672  48832  32804  26536  
20242  20458  17000  16317  
138676  65838  27617  9891  
18711  20587  18242  14656  
203512  32960  9475  1380  
43191  36326  27661  21342  
101604  64857  36055  20446  
106848  76157  33033  12845  
105954  61853  35400  20082  
36775  35713  30468  26119  
100541  52844  40441  19925  
140940  74882  19245  8323  
121727  58735  35087  15828  
83992  53861  35029  26586  
73597  56088  41891  24978  
65933  45764  34625  23610  
201783  33943  9630  2008  
179391  50730  10495  5021  
133583  63113  31431  10809  
195662  42424  7409  1793  
97168  63883  38661  18468  
213469  23737  8304  1363  
137550  62252  26816  11552  
105240  60753  32838  19184  
141770  66419  24053  9025  
63047  48368  35452  26047  
204525  36800  5056  1294  
136453  69081  22103  9491  
197861  43710  4826  967  
36052  32807  27225  21983  
22402  17902  18066  16665  
65966  46293  33529  26076  
58206  46365  38627  26943  
65584  42084  29399  27993  
67116  44064  33798  23899  
112088  54024  35396  19501  
85227  50368  35716  26143  
102148  66144  32341  19452  
