# NumberOfHospitals NumberOfScenarios TimeHorizon
1 300 4
# DemandeScenario_0_Hospital_0_Period_0 DemandeScenario_0_Hospital_1_Period_0 ... DemandeScenario_0_Hospital_0_Period_1 DemandeScenario_0_Hospital_1_Period_1 ...
# DemandeScenario_1_Hospital_0_Period_0 DemandeScenario_1_Hospital_1_Period_0 ... DemandeScenario_1_Hospital_0_Period_1 DemandeScenario_1_Hospital_1_Period_1 ...
# ...
# ...
# ...
126999  56800  33247  13665  
118561  69339  30289  15708  
97345  65712  34639  16611  
42417  35340  29354  25415  
100421  61784  28102  21996  
108632  62340  31893  18420  
106972  54392  34176  20915  
200272  37282  7697  2099  
19006  17675  15323  16782  
200605  38124  6327  2108  
182756  52390  9190  2310  
143700  70007  21552  5785  
58672  48832  32804  26536  
20242  20458  17000  16317  
138676  65838  27617  9891  
18711  20587  18242  14656  
203512  32960  9475  1380  
43191  36326  27661  21342  
101604  64857  36055  20446  
106848  76157  33033  12845  
105954  61853  35400  20082  
36775  35713  30468  26119  
100541  52844  40441  19925  
140940  74882  19245  8323  
121727  58735  35087  15828  
83992  53861  35029  26586  
73597  56088  41891  24978  
65933  45764  34625  23610  
201783  33943  9630  2008  
179391  50730  10495  5021  
133583  63113  31431  10809  
195662  42424  7409  1793  
97168  63883  38661  18468  
213469  23737  8304  1363  
137550  62252  26816  11552  
105240  60753  32838  19184  
141770  66419  24053  9025  
63047  48368  35452  26047  
204525  36800  5056  1294  
136453  69081  22103  9491  
197861  43710  4826  967  
36052  32807  27225  21983  
22402  17902  18066  16665  
65966  46293  33529  26076  
58206  46365  38627  26943  
65584  42084  29399  27993  
67116  44064  33798  23899  
112088  54024  35396  19501  
85227  50368  35716  26143  
102148  66144  32341  19452  
185795  48967  8447  3431  
164652  57786  15281  6120  
38213  36896  30643  23000  
86997  69971  32249  25104  
107654  61769  34237  16300  
20430  19304  16634  16303  
202125  33406  9374  2367  
144440  65439  19824  11142  
20917  18245  18524  15468  
44560  34568  25831  24737  
215520  23665  7210  1120  
207687  35126  4238  587  
125940  58036  33499  14920  
154527  53777  28546  7833  
20959  17206  18612  16686  
160225  50088  21355  10527  
58055  50723  35666  27928  
138674  67186  21974  9944  
141954  58272  29334  9805  
133471  61430  25496  13525  
106087  49831  40458  22442  
138941  63540  31097  7121  
88672  54388  34473  23020  
106961  58293  35359  21063  
55204  49330  31662  28464  
67369  46493  33193  27342  
170887  57592  11526  4673  
64451  47272  35806  26914  
179708  38625  21054  5461  
112559  57828  30555  17939  
64840  46618  35977  25211  
167471  41891  26243  6798  
110969  59984  32140  18256  
44158  35584  27618  22420  
163657  56848  19165  4709  
102268  62663  35585  18926  
64969  46927  34848  26219  
170736  54705  16188  3322  
220544  19165  5776  1684  
60369  45883  34916  28578  
129480  62725  27813  13819  
62107  49437  35552  26698  
74118  61545  34540  26266  
103560  63429  30409  22556  
18919  16851  16695  17083  
21283  19845  17658  16886  
152300  56051  23589  8848  
101133  60320  39106  15166  
182366  54825  7050  2422  
188927  40899  13708  3001  
88604  53818  37960  22750  
108044  60177  35762  17859  
176024  54365  13824  2805  
104350  75593  32573  15940  
202640  35843  7325  1297  
171809  47348  20656  5152  
71467  62590  39715  21699  
42077  32365  29100  23205  
59241  49131  37433  25609  
181864  47556  14900  2321  
62098  48711  31574  27900  
218120  24450  4793  376  
179601  40962  20959  3792  
42919  32126  25805  25844  
181512  56816  8070  1260  
99970  74818  31751  18809  
56768  42484  40260  26784  
157804  58052  18778  9156  
154789  58410  19061  9485  
144422  68373  20807  8395  
128423  69035  30757  10326  
125796  55372  32432  18178  
65656  46210  34404  26380  
104104  56316  36721  22090  
40325  36482  28697  21117  
116596  68423  24693  17180  
78785  59715  31335  24700  
111773  59013  33154  18707  
98357  61077  39767  20482  
17166  16328  15599  17063  
19380  19102  17108  14001  
219741  23233  4497  324  
161443  62042  17526  4011  
140645  67611  22492  10123  
41964  36636  29771  22574  
192796  40836  9580  3792  
194318  39340  8972  3758  
111093  56131  34189  20596  
53660  47191  32501  27717  
209966  30774  6200  634  
207335  34621  4433  1120  
63839  48145  35509  23683  
190140  36059  12063  6077  
125390  62968  32138  14692  
161431  59518  15072  5917  
108338  59330  35672  20078  
157613  54530  21423  8339  
175954  54077  13121  3087  
212387  28207  6337  716  
59686  41651  34415  29076  
21642  19052  17739  17064  
85133  55349  36822  23454  
54799  44738  38766  25841  
169016  49026  17521  8937  
62300  48626  31546  25838  
119693  64141  31177  16191  
49852  44974  38962  27596  
197388  40801  6675  2366  
189642  42966  9578  3718  
98822  51203  42961  24127  
20046  19805  18740  16512  
205880  27846  9840  3233  
221889  21579  3157  1064  
59056  48469  35213  25089  
195416  41420  8423  2038  
176770  41736  16179  7907  
44211  30317  28144  25074  
21050  20475  17215  14726  
201053  38807  4085  3382  
180763  51861  9897  4175  
190577  42380  9633  4138  
115301  61648  35385  15744  
179712  44588  14228  6676  
21334  19900  18591  16780  
119012  69224  31372  10566  
99599  59846  33995  21456  
185443  41138  17256  2559  
38481  35173  31164  23369  
43838  35682  29128  21428  
140058  56733  29114  13264  
182430  58502  5566  979  
74255  60038  40382  21687  
148548  47580  30404  13400  
105143  61120  35466  17405  
170944  51835  17612  5324  
82663  56140  31131  22385  
49759  41577  39280  26663  
128913  66271  31303  10146  
49757  48445  33943  26747  
42415  33963  27022  22274  
97102  65836  32957  23354  
148966  54665  27656  9195  
179082  43784  19986  4021  
146156  50278  26869  12736  
63138  49014  35544  22190  
186930  48682  9978  1780  
41094  37431  27769  22908  
110073  53491  35119  20446  
67151  48829  30365  26156  
142623  52901  27669  15485  
85777  55766  36824  23578  
102166  65364  36153  18129  
72182  58025  42212  21502  
63196  48043  35904  26097  
63359  48975  35542  26176  
110979  72082  31119  16451  
40623  37568  26307  23609  
60702  50259  29100  24706  
152080  59375  21590  9421  
121224  61365  29994  18101  
178629  49106  13656  4439  
44803  31680  29286  25737  
40078  34588  27435  26377  
194942  38959  10895  2111  
18590  20527  18515  17005  
21632  20325  15874  16793  
78709  54371  40274  26179  
151054  69784  16291  7583  
125758  54996  32166  16885  
118618  64245  37820  14432  
99817  60605  36298  20062  
138971  54498  28605  14148  
218268  22278  6000  1201  
208300  31003  7301  795  
21967  20114  16574  14291  
21072  18891  17015  16719  
22439  17859  15220  16957  
107007  54691  36397  20287  
184974  46553  9385  3352  
156459  54470  20195  11168  
62965  48414  34607  24460  
128128  53972  34476  16061  
83817  49113  37349  23173  
150820  55877  20060  13432  
62278  44034  38415  26112  
21063  19805  18505  16947  
114458  71468  33137  15102  
172080  43240  21655  6025  
62286  44227  36884  26042  
48794  50399  35097  26495  
108052  71709  34062  16459  
38595  34171  28560  23043  
128567  60933  29271  14545  
89962  50293  36590  22749  
38603  29543  32338  25387  
144233  64819  21160  10373  
58898  49373  35950  27473  
149745  56624  25181  7964  
199409  35653  9510  2711  
39306  34254  28708  25306  
130978  69313  27850  12142  
43851  36382  27136  21548  
19558  19219  17783  14392  
148968  57125  25990  8994  
39096  31737  26192  22745  
63742  46213  34434  27929  
63910  43786  31786  27264  
140555  65932  20578  12378  
53891  49982  38028  25551  
205570  29785  6893  4356  
83438  59472  34498  24890  
66658  46671  34407  26112  
176474  46324  18024  4927  
60801  46645  37952  24511  
18985  19512  16283  17489  
178047  44202  21213  2351  
185062  49623  9003  3352  
110510  53400  30790  23537  
114150  65016  33332  18642  
83169  59356  35335  25147  
21690  17587  17873  17048  
167889  52821  15221  8159  
122788  65870  30348  14418  
59835  41023  32038  27842  
40842  33059  24541  23206  
66509  46992  28982  27684  
189824  47542  8197  1461  
131493  60560  32236  14491  
170651  59848  12562  3653  
58500  50386  37082  27259  
76835  56684  41112  25203  
62671  45144  34298  25683  
210859  30027  5998  855  
165802  52742  20934  4532  
141330  67413  21005  10382  
44036  36984  27316  23926  
116003  66851  26572  20469  
60427  48700  33441  26333  
176382  45733  15405  7444  
74956  62060  32773  27322  
18013  19902  15291  16270  
20577  18231  17335  15660  
19908  18419  16727  16861  
195881  39689  8917  2205  
38237  36024  30765  20860  
134598  52150  32475  13559  
104643  56207  31288  23852  
202460  41655  2712  945  
65141  43504  35023  24830  
147192  63426  21237  9099  
