# NumberOfHospitals NumberOfScenarios TimeHorizon
1 100 4
# DemandeScenario_0_Hospital_0_Period_0 DemandeScenario_0_Hospital_1_Period_0 ... DemandeScenario_0_Hospital_0_Period_1 DemandeScenario_0_Hospital_1_Period_1 ...
# DemandeScenario_1_Hospital_0_Period_0 DemandeScenario_1_Hospital_1_Period_0 ... DemandeScenario_1_Hospital_0_Period_1 DemandeScenario_1_Hospital_1_Period_1 ...
# ...
# ...
# ...
126999  56800  33247  13665  
118561  69339  30289  15708  
97345  65712  34639  16611  
42417  35340  29354  25415  
100421  61784  28102  21996  
108632  62340  31893  18420  
106972  54392  34176  20915  
200272  37282  7697  2099  
19006  17675  15323  16782  
200605  38124  6327  2108  
182756  52390  9190  2310  
143700  70007  21552  5785  
58672  48832  32804  26536  
20242  20458  17000  16317  
138676  65838  27617  9891  
18711  20587  18242  14656  
203512  32960  9475  1380  
43191  36326  27661  21342  
101604  64857  36055  20446  
106848  76157  33033  12845  
105954  61853  35400  20082  
36775  35713  30468  26119  
100541  52844  40441  19925  
140940  74882  19245  8323  
121727  58735  35087  15828  
83992  53861  35029  26586  
73597  56088  41891  24978  
65933  45764  34625  23610  
201783  33943  9630  2008  
179391  50730  10495  5021  
133583  63113  31431  10809  
195662  42424  7409  1793  
97168  63883  38661  18468  
213469  23737  8304  1363  
137550  62252  26816  11552  
105240  60753  32838  19184  
141770  66419  24053  9025  
63047  48368  35452  26047  
204525  36800  5056  1294  
136453  69081  22103  9491  
197861  43710  4826  967  
36052  32807  27225  21983  
22402  17902  18066  16665  
65966  46293  33529  26076  
58206  46365  38627  26943  
65584  42084  29399  27993  
67116  44064  33798  23899  
112088  54024  35396  19501  
85227  50368  35716  26143  
102148  66144  32341  19452  
185795  48967  8447  3431  
164652  57786  15281  6120  
38213  36896  30643  23000  
86997  69971  32249  25104  
107654  61769  34237  16300  
20430  19304  16634  16303  
202125  33406  9374  2367  
144440  65439  19824  11142  
20917  18245  18524  15468  
44560  34568  25831  24737  
215520  23665  7210  1120  
207687  35126  4238  587  
125940  58036  33499  14920  
154527  53777  28546  7833  
20959  17206  18612  16686  
160225  50088  21355  10527  
58055  50723  35666  27928  
138674  67186  21974  9944  
141954  58272  29334  9805  
133471  61430  25496  13525  
106087  49831  40458  22442  
138941  63540  31097  7121  
88672  54388  34473  23020  
106961  58293  35359  21063  
55204  49330  31662  28464  
67369  46493  33193  27342  
170887  57592  11526  4673  
64451  47272  35806  26914  
179708  38625  21054  5461  
112559  57828  30555  17939  
64840  46618  35977  25211  
167471  41891  26243  6798  
110969  59984  32140  18256  
44158  35584  27618  22420  
163657  56848  19165  4709  
102268  62663  35585  18926  
64969  46927  34848  26219  
170736  54705  16188  3322  
220544  19165  5776  1684  
60369  45883  34916  28578  
129480  62725  27813  13819  
62107  49437  35552  26698  
74118  61545  34540  26266  
103560  63429  30409  22556  
18919  16851  16695  17083  
21283  19845  17658  16886  
152300  56051  23589  8848  
101133  60320  39106  15166  
182366  54825  7050  2422  
188927  40899  13708  3001  
