# NumberOfHospitals NumberOfScenarios TimeHorizon
5 50 5
# DemandeScenario_0_Hospital_0_Period_0 DemandeScenario_0_Hospital_1_Period_0 ... DemandeScenario_0_Hospital_0_Period_1 DemandeScenario_0_Hospital_1_Period_1 ...
# DemandeScenario_1_Hospital_0_Period_0 DemandeScenario_1_Hospital_1_Period_0 ... DemandeScenario_1_Hospital_0_Period_1 DemandeScenario_1_Hospital_1_Period_1 ...
# ...
# ...
# ...
9250 20333 8683 14845 6353  3601 9228 3402 7064 3655  1529 2988 2560 2105 1674  794 2455 744 2336 854  357 913 575 834 472  
5925 12116 6341 8182 4627  3662 9097 2873 7556 2031  2243 4597 2815 3276 1926  1402 3186 1720 2238 1648  808 2060 951 1350 1279  
1496 3077 1580 2112 1128  1346 2749 1407 1989 843  1191 2900 923 2293 714  1085 2657 875 2042 783  939 2177 932 1483 965  
3952 9884 2925 7199 3301  3357 7340 3446 5253 2747  2134 5326 1696 4208 1649  1698 3909 1582 3297 878  1189 2625 1513 1831 1431  
8539 16720 8934 12329 4263  4164 10943 3618 8670 3513  1733 4347 2126 3314 2163  759 2229 992 1666 1610  325 1116 395 939 710  
9754 23364 8077 16662 8294  3454 8194 3350 6712 2974  1296 2784 1696 2384 1355  811 1337 2196 1024 630  222 541 334 603 220  
7930 20008 5609 14900 6167  3459 8026 3281 5802 3765  2347 4761 3120 3897 1798  1145 2167 2150 1768 1006  537 1049 1202 929 435  
2637 6342 1784 5245 962  2408 5754 2037 4246 1903  1854 4297 1518 3472 827  1716 3615 1955 2626 1310  1285 2998 1205 2355 799  
4702 11367 4007 7366 5126  3753 9134 3000 7182 2690  2213 4310 3034 2647 2298  1875 4087 2223 3265 1315  1142 2816 1159 2560 757  
8776 17369 9302 12477 5122  4013 10995 3417 8418 4242  1601 3585 2166 2739 1752  751 2115 889 1701 1195  362 1373 289 1474 377  
1326 2500 1589 1504 1175  1070 2124 1266 1157 1195  1292 2792 1264 2087 824  997 2339 946 1560 1020  1003 2059 1042 1591 516  
4200 8410 4947 4190 5330  4373 10147 4010 7754 2998  2759 6626 2604 5406 1859  1502 3606 1618 2735 1350  986 2395 1105 1912 818  
5737 13803 4570 10225 4297  3452 8048 3335 5699 3384  2370 5556 2157 4693 1338  1484 2920 2318 1927 1743  1054 2438 1259 2110 736  
13240 28944 11661 22587 6313  2028 6131 2653 4630 2872  471 1377 1718 721 3140  58 363 186 230 661  9 37 144 16 351  
9204 19515 9054 14190 5982  3468 9217 2685 7900 2010  1620 4532 1669 3309 2559  877 1943 1611 1394 1559  318 767 681 520 896  
7909 19585 6063 14039 6883  4319 8993 5220 6563 3765  1534 3596 1780 2786 1667  1130 2531 1580 2426 681  442 1002 756 959 361  
9559 23856 6783 18160 6682  3796 7740 5154 5312 4555  1419 3229 1790 2859 1243  585 1140 1249 954 726  296 573 866 523 254  
6588 16234 5145 11547 5842  3357 7151 3912 4490 3843  2632 6028 2738 5066 1725  1507 3382 1870 3002 960  818 1748 1290 1558 537  
11773 27796 9749 20557 8641  3120 6787 4369 5597 2878  675 1637 1504 1328 1522  179 501 455 543 310  33 97 180 82 222  
11137 21431 12898 13592 9123  3262 9470 2584 7366 3394  1071 4017 692 4428 733  214 903 160 1194 168  81 697 30 846 169  
4413 8803 4819 5975 3231  3233 7488 2815 5989 1785  2257 4869 2569 3366 2139  1675 4200 1496 3484 1129  1053 2571 1234 1677 1557  
5644 10773 6493 7054 4187  3897 9064 3724 6693 3190  2138 4514 2333 3538 1342  1405 3602 1453 2531 1795  937 2458 941 1947 987  
9949 19124 10815 13671 5501  3982 11029 3570 8569 4442  1200 3671 1216 3319 1356  455 2015 428 1715 1207  147 613 221 539 541  
4901 12786 3161 9480 4019  3711 8792 3039 6824 2667  2447 4980 3219 3328 2679  1549 3256 2063 2308 1646  1236 2640 1634 2292 733  
9176 19369 9033 14153 5784  3710 9611 3596 7108 4192  1590 4439 1474 3956 1390  748 1952 1001 1686 911  292 674 682 463 781  
8619 18725 8949 11266 9467  4426 9955 4726 7703 2775  1678 4236 1799 3829 891  713 2589 489 3393 278  242 847 262 1108 137  
3433 8568 2701 5675 3702  2971 6935 2718 4845 2773  2147 5425 1537 4386 1554  1785 4074 1766 3162 1445  1413 3142 1540 2543 1047  
11569 24704 10465 19323 5091  3239 8816 4157 5942 6014  724 2345 955 2169 948  203 783 432 583 914  51 131 286 98 321  
13898 25861 16125 17222 9278  1675 8686 236 7112 4195  217 1872 19 2618 149  16 300 0 551 11  2 131 0 421 0  
13335 23828 15818 15930 7950  2112 9213 517 8806 3072  290 2470 44 2287 1517  70 1165 2 991 845  3 121 0 121 123  
5703 12052 5984 7875 5129  3873 8526 3960 6356 2798  2067 4355 2486 2899 1984  1613 4241 1416 3818 1033  753 2009 819 1358 1058  
12696 24607 13429 18075 6279  2369 8985 1601 8122 2279  545 1697 1158 1003 2500  144 891 157 586 1186  39 417 32 229 978  
11040 22387 12264 14039 10171  3306 8033 3269 6539 2135  856 3284 550 2678 1041  426 1803 231 2597 142  123 787 51 1105 100  
7527 15396 7740 11081 4720  3782 9720 3424 7076 4039  2058 4868 2115 4263 1138  1144 2889 1331 2439 1043  594 1648 718 1422 670  
9024 18493 9209 13412 5497  3629 10111 2679 8458 2606  1819 4281 2538 3025 2711  662 1432 1121 1090 893  355 1237 355 1156 461  
13846 29630 13450 21601 9077  1400 3614 2487 3109 1973  490 3077 307 2944 1660  58 405 107 319 808  9 103 25 118 95  
3411 8871 2346 6180 3396  3247 7042 3407 4814 2940  2087 4793 2088 3310 2091  1989 4290 2253 3329 1407  1445 3252 1608 2689 981  
2095 5728 1190 4088 2043  2486 5492 2471 3827 2144  1967 4752 1571 3741 1331  1613 3615 1685 2566 1505  1194 2936 1010 2250 1058  
6968 16772 5001 13429 3419  4236 9309 4811 6449 4284  2230 4796 3029 3437 2419  1006 2680 1145 2033 1499  543 1433 660 1166 806  
14805 30199 14893 22380 8049  835 4491 1472 3660 4060  112 1016 17 991 862  49 859 0 876 436  5 142 0 143 107  
12021 22958 14232 13866 10790  2862 8860 1820 7192 2359  611 2892 240 2801 429  242 1344 77 2442 29  59 600 10 1240 19  
9858 18950 10589 13765 5052  3842 10056 3540 8145 3274  1357 4205 1492 3257 2434  484 2135 426 1843 1094  154 663 229 487 816  
5386 12960 4472 9066 4873  2961 7449 2322 5357 2976  2444 5311 2747 3864 2196  1944 3922 2583 3218 1102  1075 2637 1099 2395 748  
5403 9834 6227 6798 2977  3806 9017 3237 7342 2024  2245 4672 2672 3293 2041  1567 4343 1314 3669 1180  1021 2960 947 2414 1092  
8565 21407 6574 14784 8373  4912 9777 6234 7833 3072  1295 3009 1834 2446 1492  649 1498 1102 1469 458  245 765 313 1055 123  
12013 24483 12676 17048 8467  2846 8690 2640 6989 3780  621 1768 824 1785 616  235 1240 177 1282 577  68 501 41 683 143  
13196 30970 11214 22508 10254  2229 4324 4513 3778 2059  309 1332 378 1522 927  68 221 213 315 273  6 38 44 68 67  
2951 6910 2367 5346 1723  2441 5657 2198 4180 1859  1960 3941 2297 2753 1510  1494 3748 1294 2790 1405  1072 2765 927 1982 1236  
1472 3112 1527 2093 1234  1365 3011 1337 2122 1093  1114 2707 947 1928 1017  985 2293 944 1547 991  917 1770 1129 1117 802  
5977 12064 6324 8484 3982  3260 7661 3322 4966 3799  2506 6076 2267 5228 1397  1478 3578 1679 2637 1630  949 2528 883 2400 539  
