# NumberOfHospitals NumberOfScenarios TimeHorizon
5 20 5
# DemandeScenario_0_Hospital_0_Period_0 DemandeScenario_0_Hospital_1_Period_0 ... DemandeScenario_0_Hospital_0_Period_1 DemandeScenario_0_Hospital_1_Period_1 ...
# DemandeScenario_1_Hospital_0_Period_0 DemandeScenario_1_Hospital_1_Period_0 ... DemandeScenario_1_Hospital_0_Period_1 DemandeScenario_1_Hospital_1_Period_1 ...
# ...
# ...
# ...
9250 20333 8683 14845 6353  3601 9228 3402 7064 3655  1529 2988 2560 2105 1674  794 2455 744 2336 854  357 913 575 834 472  
5925 12116 6341 8182 4627  3662 9097 2873 7556 2031  2243 4597 2815 3276 1926  1402 3186 1720 2238 1648  808 2060 951 1350 1279  
1496 3077 1580 2112 1128  1346 2749 1407 1989 843  1191 2900 923 2293 714  1085 2657 875 2042 783  939 2177 932 1483 965  
3952 9884 2925 7199 3301  3357 7340 3446 5253 2747  2134 5326 1696 4208 1649  1698 3909 1582 3297 878  1189 2625 1513 1831 1431  
8539 16720 8934 12329 4263  4164 10943 3618 8670 3513  1733 4347 2126 3314 2163  759 2229 992 1666 1610  325 1116 395 939 710  
9754 23364 8077 16662 8294  3454 8194 3350 6712 2974  1296 2784 1696 2384 1355  811 1337 2196 1024 630  222 541 334 603 220  
7930 20008 5609 14900 6167  3459 8026 3281 5802 3765  2347 4761 3120 3897 1798  1145 2167 2150 1768 1006  537 1049 1202 929 435  
2637 6342 1784 5245 962  2408 5754 2037 4246 1903  1854 4297 1518 3472 827  1716 3615 1955 2626 1310  1285 2998 1205 2355 799  
4702 11367 4007 7366 5126  3753 9134 3000 7182 2690  2213 4310 3034 2647 2298  1875 4087 2223 3265 1315  1142 2816 1159 2560 757  
8776 17369 9302 12477 5122  4013 10995 3417 8418 4242  1601 3585 2166 2739 1752  751 2115 889 1701 1195  362 1373 289 1474 377  
1326 2500 1589 1504 1175  1070 2124 1266 1157 1195  1292 2792 1264 2087 824  997 2339 946 1560 1020  1003 2059 1042 1591 516  
4200 8410 4947 4190 5330  4373 10147 4010 7754 2998  2759 6626 2604 5406 1859  1502 3606 1618 2735 1350  986 2395 1105 1912 818  
5737 13803 4570 10225 4297  3452 8048 3335 5699 3384  2370 5556 2157 4693 1338  1484 2920 2318 1927 1743  1054 2438 1259 2110 736  
13240 28944 11661 22587 6313  2028 6131 2653 4630 2872  471 1377 1718 721 3140  58 363 186 230 661  9 37 144 16 351  
9204 19515 9054 14190 5982  3468 9217 2685 7900 2010  1620 4532 1669 3309 2559  877 1943 1611 1394 1559  318 767 681 520 896  
7909 19585 6063 14039 6883  4319 8993 5220 6563 3765  1534 3596 1780 2786 1667  1130 2531 1580 2426 681  442 1002 756 959 361  
9559 23856 6783 18160 6682  3796 7740 5154 5312 4555  1419 3229 1790 2859 1243  585 1140 1249 954 726  296 573 866 523 254  
6588 16234 5145 11547 5842  3357 7151 3912 4490 3843  2632 6028 2738 5066 1725  1507 3382 1870 3002 960  818 1748 1290 1558 537  
11773 27796 9749 20557 8641  3120 6787 4369 5597 2878  675 1637 1504 1328 1522  179 501 455 543 310  33 97 180 82 222  
11137 21431 12898 13592 9123  3262 9470 2584 7366 3394  1071 4017 692 4428 733  214 903 160 1194 168  81 697 30 846 169  
