# NumberOfHospitals NumberOfScenarios TimeHorizon
5 100 5
# DemandeScenario_0_Hospital_0_Period_0 DemandeScenario_0_Hospital_1_Period_0 ... DemandeScenario_0_Hospital_0_Period_1 DemandeScenario_0_Hospital_1_Period_1 ...
# DemandeScenario_1_Hospital_0_Period_0 DemandeScenario_1_Hospital_1_Period_0 ... DemandeScenario_1_Hospital_0_Period_1 DemandeScenario_1_Hospital_1_Period_1 ...
# ...
# ...
# ...
9250 20333 8683 14845 6353  3601 9228 3402 7064 3655  1529 2988 2560 2105 1674  794 2455 744 2336 854  357 913 575 834 472  
5925 12116 6341 8182 4627  3662 9097 2873 7556 2031  2243 4597 2815 3276 1926  1402 3186 1720 2238 1648  808 2060 951 1350 1279  
1496 3077 1580 2112 1128  1346 2749 1407 1989 843  1191 2900 923 2293 714  1085 2657 875 2042 783  939 2177 932 1483 965  
3952 9884 2925 7199 3301  3357 7340 3446 5253 2747  2134 5326 1696 4208 1649  1698 3909 1582 3297 878  1189 2625 1513 1831 1431  
8539 16720 8934 12329 4263  4164 10943 3618 8670 3513  1733 4347 2126 3314 2163  759 2229 992 1666 1610  325 1116 395 939 710  
9754 23364 8077 16662 8294  3454 8194 3350 6712 2974  1296 2784 1696 2384 1355  811 1337 2196 1024 630  222 541 334 603 220  
7930 20008 5609 14900 6167  3459 8026 3281 5802 3765  2347 4761 3120 3897 1798  1145 2167 2150 1768 1006  537 1049 1202 929 435  
2637 6342 1784 5245 962  2408 5754 2037 4246 1903  1854 4297 1518 3472 827  1716 3615 1955 2626 1310  1285 2998 1205 2355 799  
4702 11367 4007 7366 5126  3753 9134 3000 7182 2690  2213 4310 3034 2647 2298  1875 4087 2223 3265 1315  1142 2816 1159 2560 757  
8776 17369 9302 12477 5122  4013 10995 3417 8418 4242  1601 3585 2166 2739 1752  751 2115 889 1701 1195  362 1373 289 1474 377  
1326 2500 1589 1504 1175  1070 2124 1266 1157 1195  1292 2792 1264 2087 824  997 2339 946 1560 1020  1003 2059 1042 1591 516  
4200 8410 4947 4190 5330  4373 10147 4010 7754 2998  2759 6626 2604 5406 1859  1502 3606 1618 2735 1350  986 2395 1105 1912 818  
5737 13803 4570 10225 4297  3452 8048 3335 5699 3384  2370 5556 2157 4693 1338  1484 2920 2318 1927 1743  1054 2438 1259 2110 736  
13240 28944 11661 22587 6313  2028 6131 2653 4630 2872  471 1377 1718 721 3140  58 363 186 230 661  9 37 144 16 351  
9204 19515 9054 14190 5982  3468 9217 2685 7900 2010  1620 4532 1669 3309 2559  877 1943 1611 1394 1559  318 767 681 520 896  
7909 19585 6063 14039 6883  4319 8993 5220 6563 3765  1534 3596 1780 2786 1667  1130 2531 1580 2426 681  442 1002 756 959 361  
9559 23856 6783 18160 6682  3796 7740 5154 5312 4555  1419 3229 1790 2859 1243  585 1140 1249 954 726  296 573 866 523 254  
6588 16234 5145 11547 5842  3357 7151 3912 4490 3843  2632 6028 2738 5066 1725  1507 3382 1870 3002 960  818 1748 1290 1558 537  
11773 27796 9749 20557 8641  3120 6787 4369 5597 2878  675 1637 1504 1328 1522  179 501 455 543 310  33 97 180 82 222  
11137 21431 12898 13592 9123  3262 9470 2584 7366 3394  1071 4017 692 4428 733  214 903 160 1194 168  81 697 30 846 169  
4413 8803 4819 5975 3231  3233 7488 2815 5989 1785  2257 4869 2569 3366 2139  1675 4200 1496 3484 1129  1053 2571 1234 1677 1557  
5644 10773 6493 7054 4187  3897 9064 3724 6693 3190  2138 4514 2333 3538 1342  1405 3602 1453 2531 1795  937 2458 941 1947 987  
9949 19124 10815 13671 5501  3982 11029 3570 8569 4442  1200 3671 1216 3319 1356  455 2015 428 1715 1207  147 613 221 539 541  
4901 12786 3161 9480 4019  3711 8792 3039 6824 2667  2447 4980 3219 3328 2679  1549 3256 2063 2308 1646  1236 2640 1634 2292 733  
9176 19369 9033 14153 5784  3710 9611 3596 7108 4192  1590 4439 1474 3956 1390  748 1952 1001 1686 911  292 674 682 463 781  
8619 18725 8949 11266 9467  4426 9955 4726 7703 2775  1678 4236 1799 3829 891  713 2589 489 3393 278  242 847 262 1108 137  
3433 8568 2701 5675 3702  2971 6935 2718 4845 2773  2147 5425 1537 4386 1554  1785 4074 1766 3162 1445  1413 3142 1540 2543 1047  
11569 24704 10465 19323 5091  3239 8816 4157 5942 6014  724 2345 955 2169 948  203 783 432 583 914  51 131 286 98 321  
13898 25861 16125 17222 9278  1675 8686 236 7112 4195  217 1872 19 2618 149  16 300 0 551 11  2 131 0 421 0  
13335 23828 15818 15930 7950  2112 9213 517 8806 3072  290 2470 44 2287 1517  70 1165 2 991 845  3 121 0 121 123  
5703 12052 5984 7875 5129  3873 8526 3960 6356 2798  2067 4355 2486 2899 1984  1613 4241 1416 3818 1033  753 2009 819 1358 1058  
12696 24607 13429 18075 6279  2369 8985 1601 8122 2279  545 1697 1158 1003 2500  144 891 157 586 1186  39 417 32 229 978  
11040 22387 12264 14039 10171  3306 8033 3269 6539 2135  856 3284 550 2678 1041  426 1803 231 2597 142  123 787 51 1105 100  
7527 15396 7740 11081 4720  3782 9720 3424 7076 4039  2058 4868 2115 4263 1138  1144 2889 1331 2439 1043  594 1648 718 1422 670  
9024 18493 9209 13412 5497  3629 10111 2679 8458 2606  1819 4281 2538 3025 2711  662 1432 1121 1090 893  355 1237 355 1156 461  
13846 29630 13450 21601 9077  1400 3614 2487 3109 1973  490 3077 307 2944 1660  58 405 107 319 808  9 103 25 118 95  
3411 8871 2346 6180 3396  3247 7042 3407 4814 2940  2087 4793 2088 3310 2091  1989 4290 2253 3329 1407  1445 3252 1608 2689 981  
2095 5728 1190 4088 2043  2486 5492 2471 3827 2144  1967 4752 1571 3741 1331  1613 3615 1685 2566 1505  1194 2936 1010 2250 1058  
6968 16772 5001 13429 3419  4236 9309 4811 6449 4284  2230 4796 3029 3437 2419  1006 2680 1145 2033 1499  543 1433 660 1166 806  
14805 30199 14893 22380 8049  835 4491 1472 3660 4060  112 1016 17 991 862  49 859 0 876 436  5 142 0 143 107  
12021 22958 14232 13866 10790  2862 8860 1820 7192 2359  611 2892 240 2801 429  242 1344 77 2442 29  59 600 10 1240 19  
9858 18950 10589 13765 5052  3842 10056 3540 8145 3274  1357 4205 1492 3257 2434  484 2135 426 1843 1094  154 663 229 487 816  
5386 12960 4472 9066 4873  2961 7449 2322 5357 2976  2444 5311 2747 3864 2196  1944 3922 2583 3218 1102  1075 2637 1099 2395 748  
5403 9834 6227 6798 2977  3806 9017 3237 7342 2024  2245 4672 2672 3293 2041  1567 4343 1314 3669 1180  1021 2960 947 2414 1092  
8565 21407 6574 14784 8373  4912 9777 6234 7833 3072  1295 3009 1834 2446 1492  649 1498 1102 1469 458  245 765 313 1055 123  
12013 24483 12676 17048 8467  2846 8690 2640 6989 3780  621 1768 824 1785 616  235 1240 177 1282 577  68 501 41 683 143  
13196 30970 11214 22508 10254  2229 4324 4513 3778 2059  309 1332 378 1522 927  68 221 213 315 273  6 38 44 68 67  
2951 6910 2367 5346 1723  2441 5657 2198 4180 1859  1960 3941 2297 2753 1510  1494 3748 1294 2790 1405  1072 2765 927 1982 1236  
1472 3112 1527 2093 1234  1365 3011 1337 2122 1093  1114 2707 947 1928 1017  985 2293 944 1547 991  917 1770 1129 1117 802  
5977 12064 6324 8484 3982  3260 7661 3322 4966 3799  2506 6076 2267 5228 1397  1478 3578 1679 2637 1630  949 2528 883 2400 539  
2781 6869 1994 5296 1802  2509 5178 2659 3772 1634  1863 4216 1627 3433 810  1584 3754 1586 2641 1671  1375 3093 1485 2313 1149  
14546 31576 14591 21228 12726  1175 4472 1624 5164 823  90 768 136 1655 45  1 65 21 94 39  0 12 4 47 0  
11151 23463 11836 15034 10405  2799 7313 2811 5389 2566  1236 3464 1254 3416 507  391 1519 291 2008 122  176 819 134 1584 21  
7304 19098 4677 14145 6028  4813 9988 5472 7627 3602  2048 4331 2646 3671 1333  691 1623 968 1209 1279  496 1010 952 875 504  
1499 3486 1272 2601 1037  1291 3132 1023 2357 944  1011 2616 695 1939 876  1128 2240 1304 1562 819  939 2121 968 1427 956  
9135 20837 7975 15540 6131  3440 8776 3126 6675 3547  1736 3995 2203 3163 1917  804 1444 1751 1137 654  392 1022 639 896 677  
15019 34556 13201 25162 11259  691 2105 2075 2852 1519  102 217 933 178 464  1 12 169 9 300  0 5 2 3 84  
14281 27326 16112 18515 9614  1332 6951 263 6718 2773  176 2055 6 2483 710  19 372 0 280 476  2 103 0 123 32  
7611 17224 6632 13027 4713  3964 9135 4154 6722 3595  1941 4291 2327 3504 1267  1089 2692 1404 2137 1228  489 1548 586 1102 1271  
4467 11833 2862 8379 4324  3957 8276 4463 5640 3582  2637 6182 2445 5096 1771  1734 3798 2085 3015 1400  950 2234 1072 1850 876  
6546 16462 4745 12051 5405  4171 9317 4224 6966 3483  2182 5042 2209 4158 1679  1265 2574 1981 1923 1414  682 1483 1028 1255 691  
11606 25426 10060 20037 5182  3212 7749 4525 5429 4396  661 1775 1366 1266 1743  251 1361 312 970 1585  51 428 52 385 314  
4253 9122 4383 5977 3888  2749 5615 3194 3374 2803  2273 4480 2574 3341 1300  1880 4513 1758 3744 1222  1292 3102 1314 2489 1028  
4300 10240 3248 8068 2318  3276 7359 3069 5609 2085  2274 5456 2098 4107 1915  1616 3860 1688 2796 1772  1170 2770 1318 2038 1341  
9470 23025 6462 18703 4220  4065 8971 4736 6316 3837  1520 3169 3014 1969 3208  438 999 839 776 498  195 463 680 264 1139  
12726 29212 11648 20066 11406  2133 4418 3657 3401 1951  636 1973 685 2318 245  279 1081 323 1887 20  27 152 56 334 8  
9586 23901 6773 18290 6527  4008 7912 5761 5406 4585  1336 2859 2207 2172 1699  567 1429 850 1472 443  202 516 411 567 179  
1486 3472 1212 2662 911  1241 3047 978 2227 1032  1141 2686 1028 1884 1055  1103 2591 984 1927 860  985 2317 821 1857 551  
6793 12399 8094 8011 4752  3358 7673 3551 4480 4268  2539 6330 2327 5043 1936  1436 4511 1068 4036 1248  787 2401 647 2487 514  
10542 21878 10470 16149 6100  3310 8308 3891 5675 4856  1155 3206 1371 2454 1632  532 2039 421 2236 499  177 923 138 987 334  
4277 9819 3377 7856 1908  2970 7502 2235 5673 2339  2255 4154 2995 2937 1441  1780 4190 1798 3249 1379  1190 3118 1065 2423 1155  
2793 5507 3175 3487 2405  2341 4613 2566 3290 1463  2005 4578 1806 3674 1090  1357 3075 1498 1871 1699  1342 3068 1279 2542 725  
3153 6345 3698 3177 4003  3195 6225 3703 4012 2471  2153 4575 2373 2810 2038  1695 4308 1500 3124 1521  1290 3029 1312 2152 1048  
10671 27820 7085 20032 9669  3627 6453 4867 5595 2946  1015 1632 2351 1584 785  344 622 1203 625 181  123 276 668 261 40  
6688 13996 7218 8680 6613  3055 6493 3518 3573 3425  2522 5622 2677 4214 1627  1676 4672 1371 4554 873  871 2489 776 2591 453  
6953 14322 7580 9083 6413  3660 8826 3507 6177 3545  2434 5654 2560 4690 1560  1223 2988 1344 2548 888  746 2320 618 2491 467  
14463 34181 11119 26855 7825  1253 2500 4104 1225 4738  89 182 1002 97 978  7 31 93 26 56  1 3 54 1 29  
12776 30241 10840 21548 10728  2033 4022 3653 3187 2588  639 1314 1365 1189 281  269 806 433 1062 30  75 439 62 1049 2  
1445 3185 1244 2517 644  1378 3082 1324 2191 1107  1235 2835 1085 2183 759  1107 2576 1036 1861 947  1002 2056 1113 1487 698  
6163 13594 5745 9963 4192  3654 8490 3335 6730 2242  2253 5005 2753 3464 2536  1220 3519 972 2808 1382  860 2239 807 1988 581  
3685 8981 3043 6028 3761  3005 6519 3195 4286 2907  2543 5955 2339 4741 1736  1561 3493 1750 2438 1539  1329 3067 1438 2451 1033  
2837 6908 2100 5343 1775  2465 5570 2354 4007 2003  1989 4562 1815 3541 1278  1601 3610 1555 2835 983  1267 2894 1406 2019 1387  
5295 10620 6014 6413 5160  4087 9706 3619 7655 2716  2301 5973 2008 4700 2045  1263 2927 1513 1979 1471  878 2254 925 1765 879  
15322 33443 14174 25056 9246  455 2929 1811 2779 2749  30 383 315 302 827  5 108 65 57 441  0 17 17 6 200  
8556 20603 6845 15157 6584  3648 8415 3826 6171 3765  1843 4134 2242 3434 1642  982 2099 1511 1940 664  320 730 518 647 454  
4520 9591 4300 7226 2483  3179 7430 2766 5823 1905  2204 5290 1936 4219 1333  1560 3080 2065 2192 1265  1184 2665 1553 1754 1705  
12723 24381 14606 15918 9604  2605 9462 1393 9389 2132  418 2388 316 2157 1402  45 359 59 374 325  13 244 4 269 140  
11782 27665 9945 20247 8934  2290 5746 2450 4566 3097  1362 2517 2978 2274 932  255 686 469 857 200  86 197 372 170 325  
1490 3171 1403 2415 776  1337 2998 1303 2074 1168  1247 2887 1113 2165 891  1045 2042 1243 1349 852  1006 2320 890 1845 567  
7262 17250 5604 13432 4193  3122 8197 2323 5917 3494  2332 5233 2414 4173 1759  1463 2780 2630 1927 1831  773 1422 1631 1057 803  
13433 28036 13040 21071 7182  2062 7525 2385 5909 4483  265 954 732 922 968  36 259 114 238 282  8 75 95 40 480  
10299 21876 10614 14706 8704  2852 6830 3239 4432 3407  1786 4886 1697 4953 841  584 2098 506 2431 408  148 515 201 503 179  
5030 11381 4864 7180 5351  4125 8812 4358 6566 2808  2455 6272 2058 5305 1674  1596 3693 1836 2947 1341  976 2520 1003 2248 773  
14641 34267 12563 24756 11571  1018 1994 3342 2255 1963  112 396 329 672 96  25 126 71 299 3  16 107 73 187 0  
10284 23917 8221 18683 5598  3623 7760 5262 5072 5071  1208 3420 1389 2856 1571  469 1106 975 910 795  142 394 311 401 199  
6092 13881 5358 10291 4189  3419 8535 2801 6514 2832  2149 5305 1863 4226 1724  1495 3379 1663 2737 1081  989 1957 1579 1509 775  
5121 13033 3590 9563 4248  3282 7745 2974 5435 3331  2861 6011 3235 4856 1661  1479 3568 1400 2932 1241  1021 2069 1608 1467 1218  
7317 17219 5752 13406 4163  4129 8919 4657 6524 3350  1820 4909 1593 3786 2042  1118 2480 1775 1673 1933  639 1409 1131 1030 1008  
12034 27916 10179 20884 8192  2938 6548 4390 5074 3456  491 1619 663 1401 1236  253 589 649 641 266  66 137 362 126 196  
1481 2986 1599 2037 1091  1350 2891 1390 1989 1106  1232 2797 1082 2197 681  907 1787 1115 1012 1001  1042 2470 918 1923 705  
