# NumberOfHospitals NumberOfScenarios TimeHorizon
5 300 5
# DemandeScenario_0_Hospital_0_Period_0 DemandeScenario_0_Hospital_1_Period_0 ... DemandeScenario_0_Hospital_0_Period_1 DemandeScenario_0_Hospital_1_Period_1 ...
# DemandeScenario_1_Hospital_0_Period_0 DemandeScenario_1_Hospital_1_Period_0 ... DemandeScenario_1_Hospital_0_Period_1 DemandeScenario_1_Hospital_1_Period_1 ...
# ...
# ...
# ...
9250 20333 8683 14845 6353  3601 9228 3402 7064 3655  1529 2988 2560 2105 1674  794 2455 744 2336 854  357 913 575 834 472  
5925 12116 6341 8182 4627  3662 9097 2873 7556 2031  2243 4597 2815 3276 1926  1402 3186 1720 2238 1648  808 2060 951 1350 1279  
1496 3077 1580 2112 1128  1346 2749 1407 1989 843  1191 2900 923 2293 714  1085 2657 875 2042 783  939 2177 932 1483 965  
3952 9884 2925 7199 3301  3357 7340 3446 5253 2747  2134 5326 1696 4208 1649  1698 3909 1582 3297 878  1189 2625 1513 1831 1431  
8539 16720 8934 12329 4263  4164 10943 3618 8670 3513  1733 4347 2126 3314 2163  759 2229 992 1666 1610  325 1116 395 939 710  
9754 23364 8077 16662 8294  3454 8194 3350 6712 2974  1296 2784 1696 2384 1355  811 1337 2196 1024 630  222 541 334 603 220  
7930 20008 5609 14900 6167  3459 8026 3281 5802 3765  2347 4761 3120 3897 1798  1145 2167 2150 1768 1006  537 1049 1202 929 435  
2637 6342 1784 5245 962  2408 5754 2037 4246 1903  1854 4297 1518 3472 827  1716 3615 1955 2626 1310  1285 2998 1205 2355 799  
4702 11367 4007 7366 5126  3753 9134 3000 7182 2690  2213 4310 3034 2647 2298  1875 4087 2223 3265 1315  1142 2816 1159 2560 757  
8776 17369 9302 12477 5122  4013 10995 3417 8418 4242  1601 3585 2166 2739 1752  751 2115 889 1701 1195  362 1373 289 1474 377  
1326 2500 1589 1504 1175  1070 2124 1266 1157 1195  1292 2792 1264 2087 824  997 2339 946 1560 1020  1003 2059 1042 1591 516  
4200 8410 4947 4190 5330  4373 10147 4010 7754 2998  2759 6626 2604 5406 1859  1502 3606 1618 2735 1350  986 2395 1105 1912 818  
5737 13803 4570 10225 4297  3452 8048 3335 5699 3384  2370 5556 2157 4693 1338  1484 2920 2318 1927 1743  1054 2438 1259 2110 736  
13240 28944 11661 22587 6313  2028 6131 2653 4630 2872  471 1377 1718 721 3140  58 363 186 230 661  9 37 144 16 351  
9204 19515 9054 14190 5982  3468 9217 2685 7900 2010  1620 4532 1669 3309 2559  877 1943 1611 1394 1559  318 767 681 520 896  
7909 19585 6063 14039 6883  4319 8993 5220 6563 3765  1534 3596 1780 2786 1667  1130 2531 1580 2426 681  442 1002 756 959 361  
9559 23856 6783 18160 6682  3796 7740 5154 5312 4555  1419 3229 1790 2859 1243  585 1140 1249 954 726  296 573 866 523 254  
6588 16234 5145 11547 5842  3357 7151 3912 4490 3843  2632 6028 2738 5066 1725  1507 3382 1870 3002 960  818 1748 1290 1558 537  
11773 27796 9749 20557 8641  3120 6787 4369 5597 2878  675 1637 1504 1328 1522  179 501 455 543 310  33 97 180 82 222  
11137 21431 12898 13592 9123  3262 9470 2584 7366 3394  1071 4017 692 4428 733  214 903 160 1194 168  81 697 30 846 169  
4413 8803 4819 5975 3231  3233 7488 2815 5989 1785  2257 4869 2569 3366 2139  1675 4200 1496 3484 1129  1053 2571 1234 1677 1557  
5644 10773 6493 7054 4187  3897 9064 3724 6693 3190  2138 4514 2333 3538 1342  1405 3602 1453 2531 1795  937 2458 941 1947 987  
9949 19124 10815 13671 5501  3982 11029 3570 8569 4442  1200 3671 1216 3319 1356  455 2015 428 1715 1207  147 613 221 539 541  
4901 12786 3161 9480 4019  3711 8792 3039 6824 2667  2447 4980 3219 3328 2679  1549 3256 2063 2308 1646  1236 2640 1634 2292 733  
9176 19369 9033 14153 5784  3710 9611 3596 7108 4192  1590 4439 1474 3956 1390  748 1952 1001 1686 911  292 674 682 463 781  
8619 18725 8949 11266 9467  4426 9955 4726 7703 2775  1678 4236 1799 3829 891  713 2589 489 3393 278  242 847 262 1108 137  
3433 8568 2701 5675 3702  2971 6935 2718 4845 2773  2147 5425 1537 4386 1554  1785 4074 1766 3162 1445  1413 3142 1540 2543 1047  
11569 24704 10465 19323 5091  3239 8816 4157 5942 6014  724 2345 955 2169 948  203 783 432 583 914  51 131 286 98 321  
13898 25861 16125 17222 9278  1675 8686 236 7112 4195  217 1872 19 2618 149  16 300 0 551 11  2 131 0 421 0  
13335 23828 15818 15930 7950  2112 9213 517 8806 3072  290 2470 44 2287 1517  70 1165 2 991 845  3 121 0 121 123  
5703 12052 5984 7875 5129  3873 8526 3960 6356 2798  2067 4355 2486 2899 1984  1613 4241 1416 3818 1033  753 2009 819 1358 1058  
12696 24607 13429 18075 6279  2369 8985 1601 8122 2279  545 1697 1158 1003 2500  144 891 157 586 1186  39 417 32 229 978  
11040 22387 12264 14039 10171  3306 8033 3269 6539 2135  856 3284 550 2678 1041  426 1803 231 2597 142  123 787 51 1105 100  
7527 15396 7740 11081 4720  3782 9720 3424 7076 4039  2058 4868 2115 4263 1138  1144 2889 1331 2439 1043  594 1648 718 1422 670  
9024 18493 9209 13412 5497  3629 10111 2679 8458 2606  1819 4281 2538 3025 2711  662 1432 1121 1090 893  355 1237 355 1156 461  
13846 29630 13450 21601 9077  1400 3614 2487 3109 1973  490 3077 307 2944 1660  58 405 107 319 808  9 103 25 118 95  
3411 8871 2346 6180 3396  3247 7042 3407 4814 2940  2087 4793 2088 3310 2091  1989 4290 2253 3329 1407  1445 3252 1608 2689 981  
2095 5728 1190 4088 2043  2486 5492 2471 3827 2144  1967 4752 1571 3741 1331  1613 3615 1685 2566 1505  1194 2936 1010 2250 1058  
6968 16772 5001 13429 3419  4236 9309 4811 6449 4284  2230 4796 3029 3437 2419  1006 2680 1145 2033 1499  543 1433 660 1166 806  
14805 30199 14893 22380 8049  835 4491 1472 3660 4060  112 1016 17 991 862  49 859 0 876 436  5 142 0 143 107  
12021 22958 14232 13866 10790  2862 8860 1820 7192 2359  611 2892 240 2801 429  242 1344 77 2442 29  59 600 10 1240 19  
9858 18950 10589 13765 5052  3842 10056 3540 8145 3274  1357 4205 1492 3257 2434  484 2135 426 1843 1094  154 663 229 487 816  
5386 12960 4472 9066 4873  2961 7449 2322 5357 2976  2444 5311 2747 3864 2196  1944 3922 2583 3218 1102  1075 2637 1099 2395 748  
5403 9834 6227 6798 2977  3806 9017 3237 7342 2024  2245 4672 2672 3293 2041  1567 4343 1314 3669 1180  1021 2960 947 2414 1092  
8565 21407 6574 14784 8373  4912 9777 6234 7833 3072  1295 3009 1834 2446 1492  649 1498 1102 1469 458  245 765 313 1055 123  
12013 24483 12676 17048 8467  2846 8690 2640 6989 3780  621 1768 824 1785 616  235 1240 177 1282 577  68 501 41 683 143  
13196 30970 11214 22508 10254  2229 4324 4513 3778 2059  309 1332 378 1522 927  68 221 213 315 273  6 38 44 68 67  
2951 6910 2367 5346 1723  2441 5657 2198 4180 1859  1960 3941 2297 2753 1510  1494 3748 1294 2790 1405  1072 2765 927 1982 1236  
1472 3112 1527 2093 1234  1365 3011 1337 2122 1093  1114 2707 947 1928 1017  985 2293 944 1547 991  917 1770 1129 1117 802  
5977 12064 6324 8484 3982  3260 7661 3322 4966 3799  2506 6076 2267 5228 1397  1478 3578 1679 2637 1630  949 2528 883 2400 539  
2781 6869 1994 5296 1802  2509 5178 2659 3772 1634  1863 4216 1627 3433 810  1584 3754 1586 2641 1671  1375 3093 1485 2313 1149  
14546 31576 14591 21228 12726  1175 4472 1624 5164 823  90 768 136 1655 45  1 65 21 94 39  0 12 4 47 0  
11151 23463 11836 15034 10405  2799 7313 2811 5389 2566  1236 3464 1254 3416 507  391 1519 291 2008 122  176 819 134 1584 21  
7304 19098 4677 14145 6028  4813 9988 5472 7627 3602  2048 4331 2646 3671 1333  691 1623 968 1209 1279  496 1010 952 875 504  
1499 3486 1272 2601 1037  1291 3132 1023 2357 944  1011 2616 695 1939 876  1128 2240 1304 1562 819  939 2121 968 1427 956  
9135 20837 7975 15540 6131  3440 8776 3126 6675 3547  1736 3995 2203 3163 1917  804 1444 1751 1137 654  392 1022 639 896 677  
15019 34556 13201 25162 11259  691 2105 2075 2852 1519  102 217 933 178 464  1 12 169 9 300  0 5 2 3 84  
14281 27326 16112 18515 9614  1332 6951 263 6718 2773  176 2055 6 2483 710  19 372 0 280 476  2 103 0 123 32  
7611 17224 6632 13027 4713  3964 9135 4154 6722 3595  1941 4291 2327 3504 1267  1089 2692 1404 2137 1228  489 1548 586 1102 1271  
4467 11833 2862 8379 4324  3957 8276 4463 5640 3582  2637 6182 2445 5096 1771  1734 3798 2085 3015 1400  950 2234 1072 1850 876  
6546 16462 4745 12051 5405  4171 9317 4224 6966 3483  2182 5042 2209 4158 1679  1265 2574 1981 1923 1414  682 1483 1028 1255 691  
11606 25426 10060 20037 5182  3212 7749 4525 5429 4396  661 1775 1366 1266 1743  251 1361 312 970 1585  51 428 52 385 314  
4253 9122 4383 5977 3888  2749 5615 3194 3374 2803  2273 4480 2574 3341 1300  1880 4513 1758 3744 1222  1292 3102 1314 2489 1028  
4300 10240 3248 8068 2318  3276 7359 3069 5609 2085  2274 5456 2098 4107 1915  1616 3860 1688 2796 1772  1170 2770 1318 2038 1341  
9470 23025 6462 18703 4220  4065 8971 4736 6316 3837  1520 3169 3014 1969 3208  438 999 839 776 498  195 463 680 264 1139  
12726 29212 11648 20066 11406  2133 4418 3657 3401 1951  636 1973 685 2318 245  279 1081 323 1887 20  27 152 56 334 8  
9586 23901 6773 18290 6527  4008 7912 5761 5406 4585  1336 2859 2207 2172 1699  567 1429 850 1472 443  202 516 411 567 179  
1486 3472 1212 2662 911  1241 3047 978 2227 1032  1141 2686 1028 1884 1055  1103 2591 984 1927 860  985 2317 821 1857 551  
6793 12399 8094 8011 4752  3358 7673 3551 4480 4268  2539 6330 2327 5043 1936  1436 4511 1068 4036 1248  787 2401 647 2487 514  
10542 21878 10470 16149 6100  3310 8308 3891 5675 4856  1155 3206 1371 2454 1632  532 2039 421 2236 499  177 923 138 987 334  
4277 9819 3377 7856 1908  2970 7502 2235 5673 2339  2255 4154 2995 2937 1441  1780 4190 1798 3249 1379  1190 3118 1065 2423 1155  
2793 5507 3175 3487 2405  2341 4613 2566 3290 1463  2005 4578 1806 3674 1090  1357 3075 1498 1871 1699  1342 3068 1279 2542 725  
3153 6345 3698 3177 4003  3195 6225 3703 4012 2471  2153 4575 2373 2810 2038  1695 4308 1500 3124 1521  1290 3029 1312 2152 1048  
10671 27820 7085 20032 9669  3627 6453 4867 5595 2946  1015 1632 2351 1584 785  344 622 1203 625 181  123 276 668 261 40  
6688 13996 7218 8680 6613  3055 6493 3518 3573 3425  2522 5622 2677 4214 1627  1676 4672 1371 4554 873  871 2489 776 2591 453  
6953 14322 7580 9083 6413  3660 8826 3507 6177 3545  2434 5654 2560 4690 1560  1223 2988 1344 2548 888  746 2320 618 2491 467  
14463 34181 11119 26855 7825  1253 2500 4104 1225 4738  89 182 1002 97 978  7 31 93 26 56  1 3 54 1 29  
12776 30241 10840 21548 10728  2033 4022 3653 3187 2588  639 1314 1365 1189 281  269 806 433 1062 30  75 439 62 1049 2  
1445 3185 1244 2517 644  1378 3082 1324 2191 1107  1235 2835 1085 2183 759  1107 2576 1036 1861 947  1002 2056 1113 1487 698  
6163 13594 5745 9963 4192  3654 8490 3335 6730 2242  2253 5005 2753 3464 2536  1220 3519 972 2808 1382  860 2239 807 1988 581  
3685 8981 3043 6028 3761  3005 6519 3195 4286 2907  2543 5955 2339 4741 1736  1561 3493 1750 2438 1539  1329 3067 1438 2451 1033  
2837 6908 2100 5343 1775  2465 5570 2354 4007 2003  1989 4562 1815 3541 1278  1601 3610 1555 2835 983  1267 2894 1406 2019 1387  
5295 10620 6014 6413 5160  4087 9706 3619 7655 2716  2301 5973 2008 4700 2045  1263 2927 1513 1979 1471  878 2254 925 1765 879  
15322 33443 14174 25056 9246  455 2929 1811 2779 2749  30 383 315 302 827  5 108 65 57 441  0 17 17 6 200  
8556 20603 6845 15157 6584  3648 8415 3826 6171 3765  1843 4134 2242 3434 1642  982 2099 1511 1940 664  320 730 518 647 454  
4520 9591 4300 7226 2483  3179 7430 2766 5823 1905  2204 5290 1936 4219 1333  1560 3080 2065 2192 1265  1184 2665 1553 1754 1705  
12723 24381 14606 15918 9604  2605 9462 1393 9389 2132  418 2388 316 2157 1402  45 359 59 374 325  13 244 4 269 140  
11782 27665 9945 20247 8934  2290 5746 2450 4566 3097  1362 2517 2978 2274 932  255 686 469 857 200  86 197 372 170 325  
1490 3171 1403 2415 776  1337 2998 1303 2074 1168  1247 2887 1113 2165 891  1045 2042 1243 1349 852  1006 2320 890 1845 567  
7262 17250 5604 13432 4193  3122 8197 2323 5917 3494  2332 5233 2414 4173 1759  1463 2780 2630 1927 1831  773 1422 1631 1057 803  
13433 28036 13040 21071 7182  2062 7525 2385 5909 4483  265 954 732 922 968  36 259 114 238 282  8 75 95 40 480  
10299 21876 10614 14706 8704  2852 6830 3239 4432 3407  1786 4886 1697 4953 841  584 2098 506 2431 408  148 515 201 503 179  
5030 11381 4864 7180 5351  4125 8812 4358 6566 2808  2455 6272 2058 5305 1674  1596 3693 1836 2947 1341  976 2520 1003 2248 773  
14641 34267 12563 24756 11571  1018 1994 3342 2255 1963  112 396 329 672 96  25 126 71 299 3  16 107 73 187 0  
10284 23917 8221 18683 5598  3623 7760 5262 5072 5071  1208 3420 1389 2856 1571  469 1106 975 910 795  142 394 311 401 199  
6092 13881 5358 10291 4189  3419 8535 2801 6514 2832  2149 5305 1863 4226 1724  1495 3379 1663 2737 1081  989 1957 1579 1509 775  
5121 13033 3590 9563 4248  3282 7745 2974 5435 3331  2861 6011 3235 4856 1661  1479 3568 1400 2932 1241  1021 2069 1608 1467 1218  
7317 17219 5752 13406 4163  4129 8919 4657 6524 3350  1820 4909 1593 3786 2042  1118 2480 1775 1673 1933  639 1409 1131 1030 1008  
12034 27916 10179 20884 8192  2938 6548 4390 5074 3456  491 1619 663 1401 1236  253 589 649 641 266  66 137 362 126 196  
1481 2986 1599 2037 1091  1350 2891 1390 1989 1106  1232 2797 1082 2197 681  907 1787 1115 1012 1001  1042 2470 918 1923 705  
4387 10064 3969 7091 3657  3093 7523 2418 6024 1879  1975 4965 1648 3648 1986  1759 3632 2282 2541 1687  1300 3023 1385 2482 959  
8491 22169 5498 16311 7166  4150 8237 5276 5855 4243  1902 4003 2459 3707 1163  595 1199 976 1107 584  391 699 1108 624 302  
2929 6383 2919 4325 2523  2221 4268 2649 2718 1841  1971 4191 2108 2954 1562  1640 4162 1340 3340 1194  1331 3362 1152 2689 1043  
6745 12326 7668 8667 3492  4281 10541 3710 8414 2947  2180 5407 2447 3754 3020  1200 3419 1240 2600 1762  624 2143 473 2102 513  
14690 29697 15955 19883 11500  996 5422 419 5449 1800  110 1333 7 2068 243  12 381 0 597 85  0 42 0 141 4  
3974 7545 4741 4521 3585  3423 7614 3250 5835 2163  2379 5331 2364 4167 1558  1692 4030 1747 2993 1604  1128 2535 1268 1909 996  
4586 9858 4348 7347 2749  3260 7180 3352 5152 2649  2115 5493 1590 4496 1384  1668 3860 1734 3034 1225  1103 2197 1587 1500 1175  
8937 19816 7785 15373 4590  3994 8936 4782 6366 4071  1465 4520 1280 3537 2125  792 1931 1314 1420 1536  346 872 666 697 703  
8784 20918 6938 15930 5739  3905 8852 4383 6424 4023  1559 3593 1694 3228 680  900 1784 1927 1230 1455  261 817 336 588 832  
8817 19500 7608 15274 4219  4047 9083 4747 6557 3851  1710 4362 2180 3246 2384  642 2226 649 1728 1392  335 841 667 665 706  
11605 29817 8260 20687 11534  2931 4820 3845 5227 1635  888 1371 2392 1421 399  336 771 1289 783 44  37 74 444 49 19  
13553 32578 11252 22864 12139  1669 3164 2676 4082 1137  552 1081 1846 1190 229  35 54 564 39 117  4 17 28 25 6  
1141 2469 1207 1410 1353  1166 2579 1183 1620 1213  1242 2795 1194 1980 1024  1165 2706 1048 2051 834  954 2233 903 1576 873  
6991 16413 5216 13242 3068  3971 9064 3792 6946 2464  2019 5209 2054 3582 3001  1188 2828 1503 2010 1805  778 1553 1584 1059 1360  
1512 3375 1334 2578 862  1370 2963 1303 2235 804  1257 2764 1241 2006 936  1066 2618 869 1984 817  996 2042 1127 1440 760  
5517 10799 6340 6747 4825  3813 8468 3871 6071 3074  2247 5645 2130 4123 2223  1626 4129 1532 3584 1123  970 2567 900 2482 547  
7669 14895 9284 7513 9218  4886 10590 4909 8062 2475  1840 6595 1005 6334 1259  800 2607 600 2863 459  392 1288 360 1750 143  
1523 3388 1364 2565 908  1293 2593 1463 1692 1098  1192 2429 1239 1819 654  1061 2596 806 2100 571  1037 2336 991 1778 697  
9789 23983 6992 18787 5738  3270 7726 3370 5400 4312  1854 3318 3647 2422 2063  591 1213 1294 1013 811  199 425 567 386 292  
12959 25132 14070 17833 7580  2157 7201 2032 5249 4655  566 3327 234 3212 1174  99 760 39 1208 115  22 348 4 562 50  
10274 20301 11239 13915 7149  3671 10063 3043 8734 2667  1168 3407 1272 2977 1298  400 1408 562 953 1504  189 1033 134 1036 376  
6924 13093 8110 8334 5435  4234 11196 3311 8965 3310  2134 5081 2123 4435 1216  1197 3116 1351 2525 1347  619 1933 664 1564 1048  
8554 19330 8062 13170 7668  4198 9071 4724 7246 2662  1534 4120 1669 3191 1925  737 1803 1032 1438 793  430 1253 505 1328 317  
10028 20126 11110 13072 8387  3227 8520 3033 5996 3630  1681 5437 1170 5913 843  544 1426 743 1400 404  166 677 159 667 255  
3419 6680 4096 3508 3949  3504 8173 3173 6112 2599  2197 5376 2005 3889 2041  1862 3955 2095 3092 1171  1194 3055 1136 2359 1125  
4365 10420 3517 7761 3162  3224 6822 3244 5286 1709  2156 4543 2662 2899 2477  1537 3813 1547 2707 1788  1284 2849 1553 2161 1137  
10106 23247 9138 16247 8658  3009 6580 3873 4415 3461  1521 3524 1971 2955 1043  740 2159 766 2584 293  281 903 323 1316 83  
5742 12970 4684 10337 2542  3448 8791 2798 6405 3352  2322 5210 2309 4203 1205  1502 3684 1626 2667 1892  1057 2051 1829 1456 1143  
6928 12865 8069 8534 4660  4314 11036 3660 8563 3640  2149 5453 2032 4657 1543  1101 2819 1254 2289 1214  634 2163 592 1818 1050  
3083 6759 2895 4957 2067  2072 3641 2554 2467 1189  2060 4935 1857 3706 1653  1353 3692 1015 2698 1471  1386 3359 1288 2652 1065  
8711 20857 6936 15612 6207  3729 8849 3364 7194 2523  1960 3814 3381 2664 2369  660 1605 1076 1121 1438  421 985 727 914 401  
5749 14644 4234 9982 5923  4085 8684 4553 5983 3751  2824 6375 2917 5644 1473  1377 3002 1858 2435 1171  825 1819 1238 1626 592  
13006 25387 13975 18157 7474  2450 9566 1872 7894 4633  284 1276 417 1505 668  59 490 90 493 499  6 120 15 118 133  
1489 3129 1433 2364 787  1322 2830 1385 1893 1176  1171 2289 1337 1564 843  1132 2654 980 2069 714  1010 2250 1041 1581 893  
3967 7865 4563 4728 3825  3163 7427 2936 5257 2800  2269 5415 2162 3950 2019  1587 3789 1597 2766 1468  1249 2687 1483 2008 937  
2888 5653 3089 4063 1633  2437 5648 2077 4435 1385  1938 4760 1570 3742 1278  1596 3893 1395 3021 1182  1294 3039 1400 2117 1475  
2908 6444 2484 5081 1331  2488 5673 2273 4250 1722  1953 4406 2035 3041 1915  1620 3584 1666 2751 1088  1258 2675 1407 2059 811  
5158 9762 6214 5679 4888  3988 8880 3941 6519 2955  2098 5149 2072 3460 2282  1634 3833 1643 3218 1025  965 2474 963 1934 875  
1467 3233 1436 2210 1256  1363 2828 1439 1984 993  1223 2738 1198 1932 1023  1104 2444 1119 1719 935  988 2360 893 1752 818  
2659 6626 1985 4833 2201  2448 5544 2323 3980 2007  1706 4262 1351 3146 1543  1716 3825 1685 3030 1048  1204 2823 1215 2021 1242  
11180 26045 10238 16761 11851  3268 7710 3389 7531 1416  939 1849 1839 1951 324  308 804 641 1082 37  70 281 125 548 3  
12287 26190 12161 18744 8596  2574 7032 3122 5374 3727  682 2481 747 2388 997  202 821 234 1204 133  48 261 79 353 99  
6735 17831 4309 12663 6463  4288 9447 4209 7154 3665  2173 3892 3590 2644 2085  1380 3111 1646 3167 583  619 1340 985 1315 384  
8599 18382 8864 12119 7710  2952 6162 3671 3395 3407  2456 6722 2039 6399 1297  803 2732 529 2829 589  530 1259 750 1309 236  
2840 6889 2221 5123 2115  2128 5129 1831 3579 2064  1388 3731 861 2708 1429  1471 3052 1781 1915 1590  1524 3395 1561 2704 997  
10690 22680 10749 15984 7831  3225 9004 2576 8105 2052  1167 2693 2067 1776 2326  486 1474 658 1291 763  146 501 221 494 275  
5593 13479 4539 9727 4614  3844 8833 3584 6812 2742  1607 4311 1116 3193 1888  1528 3254 1987 2331 1663  1235 2586 1730 2145 895  
12196 29321 10436 19292 12804  3094 5644 5194 5520 800  487 1586 713 2369 26  21 151 29 268 3  10 147 8 482 0  
9701 22913 8371 15991 8641  4099 8829 4963 7115 3013  1163 3159 1234 3043 1062  463 1096 772 1048 561  176 317 553 227 245  
9152 20479 8471 14759 6814  3717 7798 4475 6050 2545  1668 4214 1962 3424 1805  723 2489 691 2154 1198  312 977 440 861 625  
4084 7461 4842 4876 2768  3215 6749 3414 4714 2522  2293 5116 2201 4111 1298  1743 4475 1653 3283 1902  1196 2828 1222 2282 929  
9946 26544 6175 18894 9552  5052 8513 7846 7191 3051  536 1174 1211 1274 811  223 488 850 576 178  32 97 169 144 34  
3538 9176 2414 6526 3314  3485 7852 3212 6026 2303  2367 5141 2658 3597 2257  1776 4149 1703 3413 1163  1074 2249 1496 1436 1367  
11637 24352 12830 13684 13503  3866 11387 2789 12428 123  279 887 713 1342 8  25 187 43 436 0  3 53 5 182 0  
11548 29525 7885 21939 9191  3695 6039 6690 4803 3306  383 933 826 1020 774  126 237 629 237 311  41 119 201 160 32  
12477 29798 8982 24037 5684  2636 5427 4300 3396 2938  568 1219 2037 596 2104  104 275 896 108 1609  18 134 126 52 825  
2843 6881 2103 5377 1657  2260 5255 2119 3606 2206  1851 4566 1457 3525 1381  1654 3695 1594 2935 948  1396 2997 1632 2179 1209  
5515 14880 3244 10778 5069  4781 10335 4804 8037 3209  2441 5395 2647 4362 1831  1386 2706 2342 1948 1627  799 1664 1333 1393 727  
5747 11510 6371 7507 4739  3410 6609 3915 4654 2248  2420 5648 2398 4334 1949  1630 4871 1202 4312 1310  876 2267 963 1635 1187  
9074 21269 8128 14118 9076  3558 8075 3848 6069 3071  1841 3733 2747 3086 1003  695 2101 543 2716 245  289 751 359 925 139  
6682 15670 4780 12939 2322  4367 9974 4575 7078 4065  2092 4914 2225 3802 1534  1282 2927 2036 1935 2314  624 1602 938 1136 1257  
1521 3167 1549 2260 1029  1204 2334 1425 1419 1117  1250 2803 1210 2005 1004  949 1941 1104 1160 993  1055 2386 1014 1809 736  
14763 30068 14848 22322 7920  983 5682 1450 4590 4743  54 922 43 1178 336  9 174 37 93 443  1 37 3 19 107  
8767 22757 5657 17085 6809  4191 8962 4272 7182 3069  1676 2931 3356 1987 2463  586 1178 1004 1023 680  372 659 1096 563 338  
14933 30141 15637 21504 9415  822 5641 703 5320 3350  58 1054 30 1308 608  1 50 12 54 228  0 9 0 16 20  
6996 17172 5252 12900 5077  4265 8623 5121 6389 2990  1932 4782 2135 3442 2564  1048 2633 1207 2065 1335  758 1606 1256 1381 632  
12377 32238 7944 24080 9847  2907 3653 6003 3085 3307  425 822 1382 922 297  86 150 713 99 137  15 32 286 16 34  
4309 9058 4545 5944 3804  2726 6366 2642 4163 2899  2155 5274 1946 3861 1970  1916 4272 1974 3622 1004  1276 2675 1556 2116 833  
8462 20446 6156 16161 4580  4276 8762 5479 6225 3729  1725 3791 2483 2871 1760  771 2047 1146 1559 1347  279 902 354 753 409  
15037 33743 12982 25995 8282  658 2642 1983 2021 2315  91 362 733 155 804  24 136 541 31 2102  1 8 118 3 79  
4587 11664 3404 7919 4764  3630 7505 4207 4846 3502  2788 6471 2692 5301 1841  1773 4034 1973 3353 1253  1045 2475 1189 2126 820  
11729 24447 12386 16297 9817  2633 8276 2068 6952 2809  974 2495 1317 2403 786  356 1245 366 1939 91  86 302 166 392 92  
12634 28381 12092 19040 11677  2804 7011 3461 7177 1321  303 1250 487 1635 413  52 194 164 278 132  10 35 95 42 70  
2862 6786 2163 5370 1486  2485 5654 2326 4132 1916  1755 4409 1401 3251 1598  1491 3548 1200 2918 727  1398 2910 1705 2107 1149  
3099 8436 1820 5916 3165  3346 7901 2717 6161 2225  2277 5403 1957 4110 1895  1523 3625 1326 2734 1470  1347 2606 1997 1733 1435  
9494 22256 6889 18252 3556  3944 9594 4415 6353 5499  1556 3088 2803 2255 1662  553 1212 1394 818 1419  167 491 439 341 787  
11784 26642 9831 20883 5909  2900 7043 3643 5306 2789  832 1892 2232 1133 2620  226 989 433 641 1506  43 148 179 113 310  
4081 8580 4363 5399 3948  3197 6381 3516 4642 1963  2419 5679 2367 4213 2057  1537 3449 1727 2337 1570  1171 3043 1123 2291 1196  
6283 12079 7733 5783 7875  4641 11077 4251 7998 3411  2637 6312 2575 5547 1220  1169 3423 988 3343 646  503 1807 351 2052 279  
1405 2949 1497 1900 1289  1351 2758 1449 1930 957  1256 2819 1205 2044 968  1145 2584 1094 1926 827  931 1798 1083 1270 604  
5680 12729 4649 10200 2354  3790 8956 3434 6788 2735  2298 5473 2248 4211 1722  1542 3241 2265 2225 1875  957 2289 1388 1559 1673  
5378 9760 6197 6768 2899  4065 9846 3636 7459 3265  2471 6415 2224 5027 2271  1514 3962 1529 3116 1637  868 2108 1032 1738 818  
13705 30432 12908 21713 10436  1693 4288 3070 3613 2431  279 1597 179 1846 585  114 452 177 731 143  12 88 33 184 31  
1493 3439 1245 2648 872  1355 2752 1460 1932 947  1177 2660 1011 2127 548  1115 2627 1013 1922 925  1011 2150 1114 1498 858  
5938 13486 4967 10501 3141  3840 8663 3928 6323 3191  2178 5539 2003 4219 2144  1312 3371 1281 2584 1499  969 2169 1329 1698 981  
10096 20567 11565 10998 12072  4177 11011 3456 9440 1386  1049 3441 802 4363 150  310 1101 279 1921 20  141 543 228 892 3  
11219 23888 11701 15464 10425  2844 8297 2306 7117 2353  963 2140 1440 1735 678  487 1274 671 1354 133  204 804 180 1342 32  
9547 23138 8048 15166 10191  4238 9817 3876 9358 1925  1238 2174 2565 1703 1184  506 1051 1049 1095 244  168 398 417 482 62  
2903 6019 2780 4613 1353  2200 4067 2620 2768 1427  1820 3503 2162 2328 1454  1715 4042 1650 3022 1433  1355 3350 1203 2708 931  
2436 4706 2918 2606 2579  2159 4676 2272 2924 2174  2166 4865 2084 3701 1466  1636 3590 1730 2554 1346  1411 3444 1293 2731 1064  
13181 28107 13900 17443 13372  1964 5956 1842 5696 261  557 2018 553 2927 1  100 649 80 1454 0  4 89 3 377 0  
10879 25120 9947 16915 10333  3604 8063 4418 6861 2455  744 2214 730 2524 533  458 1129 901 1376 172  89 226 305 270 90  
8836 18523 8395 14148 4345  3917 9149 4567 6217 4873  1719 5177 1485 4446 1719  750 1909 1103 1531 1081  289 763 474 635 514  
13174 26710 13246 19923 6803  2271 8750 2148 6915 4777  311 1123 794 960 1677  47 261 130 343 228  4 35 54 39 117  
8411 16009 9742 10364 6404  4302 11160 3550 9285 3029  1651 4245 1674 3710 1275  733 2233 830 1634 1493  348 1423 308 1113 832  
14083 33170 12154 23343 12202  1572 3029 3768 3489 1317  122 470 333 839 109  33 223 92 522 2  1 4 16 10 1  
2943 6913 2346 5351 1724  2364 4957 2614 3277 2186  2012 4713 1825 3607 1449  1599 3784 1534 2822 1384  1219 3077 1000 2480 890  
13309 30909 11578 22337 10393  1422 3868 1555 3605 2192  696 1161 2012 1036 923  329 839 877 1061 58  37 82 246 105 55  
1455 3417 1143 2677 792  1346 2696 1467 1898 902  1224 2908 1028 2216 843  1142 2508 1160 1807 897  988 2169 945 1702 528  
11679 23045 12416 16530 6813  3128 10530 2413 8547 4355  756 2211 1082 2114 1141  177 654 370 544 852  43 236 79 212 313  
13470 30563 12305 21769 10675  1459 4322 1701 4025 2204  758 1715 1669 2048 438  108 240 571 274 229  11 42 110 65 41  
11555 25624 11222 17366 10222  2686 7761 2097 7286 2013  1068 2355 1694 2242 970  390 869 930 952 245  76 185 274 214 132  
14381 34585 10859 26841 8638  1044 1867 2673 1100 3684  384 415 2703 221 973  2 26 84 41 175  0 3 58 2 131  
12936 24417 15603 14247 12137  2738 10484 741 11130 1075  134 1776 34 2490 317  4 163 3 179 104  0 34 1 78 0  
13252 26792 13493 19765 7199  2003 6316 2578 4675 4474  463 2709 269 2584 1341  56 444 36 496 295  25 405 3 464 174  
4374 9064 4661 6005 3683  2978 6115 3376 3970 2681  2167 4797 2328 3239 2043  1801 4540 1503 4034 951  1304 3406 1191 2863 1029  
3873 9817 2745 7203 3200  3462 7606 3389 5747 2324  2072 5134 1744 3845 1933  1429 3005 1865 1861 1835  1165 2917 983 2419 938  
6818 17246 5154 11567 7245  4710 9294 5943 6564 3687  1848 3810 2498 2597 1601  1179 2975 1242 2869 639  583 1538 655 1674 266  
7691 15200 8925 8885 7754  3585 7880 3848 4829 3367  2491 6426 2134 5873 1209  1111 3840 740 3947 734  460 1739 312 1965 323  
7403 16504 7055 11456 6184  2891 8054 1851 6194 2830  2472 5493 2813 4361 2037  1473 3192 1959 2796 969  715 1516 1216 1226 747  
5376 12011 5256 7803 5305  3758 8053 4090 5614 3123  2392 5693 2392 4359 1977  1145 3356 753 2863 1025  1180 2709 1408 2360 788  
11508 25087 9988 19843 4924  3138 7044 5041 4468 5356  820 2693 960 2256 1348  206 815 299 628 840  89 633 68 524 541  
12218 26603 11292 20013 7185  2643 7023 3106 5826 2542  701 2017 1413 1480 1798  176 949 257 684 1083  53 188 238 121 651  
1442 3074 1492 2037 1272  1262 2408 1475 1571 956  985 2373 894 1532 1103  1153 2680 993 2136 654  1062 2435 1001 1842 769  
10082 24018 7650 18832 5610  3125 7746 3204 5343 4499  1483 3147 2062 2496 1689  696 1271 1537 1030 672  252 445 781 336 392  
1358 3203 983 2621 528  1233 3081 919 2285 987  1226 2517 1262 1899 649  1092 2447 976 1936 539  989 2162 942 1698 494  
6049 15719 4023 11432 5290  3845 8295 4219 5629 3978  1956 4719 1626 3816 1705  1774 3359 2817 2625 1254  970 2159 1271 2080 542  
9829 18551 10992 12967 5707  3739 10394 3427 7336 5258  1425 4639 1051 4857 852  509 1821 595 1431 1178  200 848 198 928 280  
13233 27650 12618 21107 6476  2102 6548 3231 4384 5787  382 1768 421 1856 637  81 741 88 634 592  7 159 13 190 89  
5434 12990 4585 9069 4907  3051 7907 2110 6061 2622  2546 5156 3283 3577 2356  1463 3014 1989 2048 1486  1226 2512 1724 2060 760  
12171 25285 12438 17980 8276  2417 6857 2774 4797 4161  889 2845 896 3079 601  229 1286 173 1330 462  67 388 66 517 103  
10748 26457 8317 19077 9117  3869 7558 5603 6137 3090  881 2010 1650 1906 1023  214 555 522 610 304  61 200 150 296 65  
13780 30858 12650 22433 9948  1670 4013 3320 3432 2377  296 1497 333 1482 1110  53 438 42 732 106  4 57 21 60 80  
10023 20144 11093 13074 8418  3105 8859 2574 6475 3569  1614 4005 1800 3495 1056  669 2307 524 2685 389  260 907 254 1353 83  
11784 30614 7973 21817 10983  3231 4565 5865 4303 2440  748 1542 2093 1809 166  37 114 363 157 43  7 38 62 68 1  
1290 2722 1387 1654 1339  1408 3124 1333 2283 1009  1180 2871 964 2142 931  1091 2202 1243 1495 866  874 1963 918 1260 936  
4247 9419 4153 6293 3892  3034 7310 2650 5339 2625  2491 5463 2577 4314 1552  1636 3282 2069 2422 1187  1117 3113 868 2613 985  
10873 24657 10539 15214 12070  3360 7409 4044 6094 1397  1298 3409 1589 4010 127  208 1024 129 1906 31  50 295 44 755 4  
4438 11817 2785 8402 4269  3876 9036 3336 6915 2923  2643 5230 3531 3594 2470  1669 3437 2261 2493 1538  899 2153 961 1736 872  
8554 16380 9711 10957 6012  3815 8909 3923 6244 3888  1923 5510 1590 4893 1592  851 3177 628 2854 1167  333 1310 281 1172 564  
8483 16065 9563 11042 5299  4030 10180 3408 8564 2485  1652 3945 1967 2941 2000  944 3735 727 2967 1978  383 1355 414 1169 804  
2634 5615 2788 3484 2672  2300 5655 1854 4197 1869  1796 4457 1466 3311 1564  1539 3696 1385 2765 1330  1221 3037 1006 2399 988  
5830 11638 6423 7752 4520  3541 9208 2811 6975 3140  2433 5734 2513 4387 2133  1230 2914 1444 1982 1525  992 2642 957 2343 820  
4248 11439 2589 8033 4275  4314 9516 4187 7263 3005  2252 5033 2454 3561 2361  1408 3264 1426 2524 1368  1342 2742 1911 2271 915  
13537 31259 11736 22978 9841  1976 4506 3608 4151 2098  228 941 573 838 1249  53 152 267 206 172  7 25 95 26 60  
8541 20692 6668 15410 6318  4192 9071 4687 7108 2985  1566 3906 1688 3155 1687  783 1676 1453 1208 1425  399 837 818 744 351  
1291 2993 1188 1963 1311  1368 2928 1408 2027 1098  1268 2699 1297 1966 874  1006 2511 817 1840 890  839 1749 977 1040 928  
7100 16143 5664 12951 3024  4108 9484 4503 6458 4675  2172 5275 2328 4135 1963  1100 2772 1414 2048 1660  640 1489 1028 1184 832  
13468 27595 13618 20235 7798  1962 7451 2119 5705 4885  324 1575 426 1886 639  47 224 165 299 225  3 30 43 42 72  
2993 6579 2913 4571 2439  2310 4498 2663 3057 1672  2011 4453 1950 3451 1239  1376 3803 955 2940 1262  1274 3159 1041 2676 683  
9124 21476 6319 17932 2801  4490 10121 5625 6626 5588  1478 3142 2831 2102 2464  476 1415 866 1001 1457  151 430 374 339 420  
1513 3143 1532 2278 953  1348 3012 1309 2102 1138  1248 2698 1268 1931 945  1047 2546 800 2075 539  1004 2162 1087 1503 871  
9158 20524 8106 15507 5596  3746 9282 3697 7062 3623  1643 3464 2669 2473 2145  727 1908 1053 1537 1153  297 924 426 803 597  
5781 11582 6384 7605 4693  3379 7398 3649 4793 3403  2235 5283 2286 3714 2126  1719 4638 1412 4312 1001  922 2160 1050 1748 735  
3072 6567 3029 4709 2145  2146 4851 2158 3154 2246  1920 4303 1706 3564 816  1454 3707 1244 2697 1486  1304 2600 1628 1843 1019  
1491 3220 1369 2470 771  1375 2894 1399 2099 912  1191 2581 1111 2015 587  1080 2218 1224 1489 938  899 1686 1108 1112 690  
10026 19602 11311 12857 7786  3684 9814 2917 8957 1930  1396 4749 1301 3735 2442  457 1641 536 1420 948  147 496 206 561 188  
8108 14673 9635 9642 5285  4135 10777 3696 7643 4731  1961 5233 1787 4586 1535  883 3099 605 3303 618  357 1293 369 1003 809  
12641 32620 8339 24386 9924  2639 3848 4320 3730 1445  495 405 2741 87 1395  32 20 769 3 746  2 2 95 0 84  
8287 15331 9681 10147 5562  4396 11728 3570 9476 3626  1791 5319 1658 4274 2341  693 1867 874 1505 1010  311 1065 333 870 605  
1453 2964 1441 2235 716  1259 2916 982 2370 513  1258 2671 1302 1926 894  1130 2510 1077 1909 710  955 1882 1095 1346 626  
7659 16940 6945 12729 4679  3516 7346 4456 4624 4123  2256 5774 2177 4796 1818  1065 2484 1320 2099 855  636 1967 658 1708 855  
8497 16129 9687 10836 5773  4255 11073 3705 8681 3808  1555 3965 1754 2887 2065  871 3188 629 3081 970  354 1248 350 1213 511  
1443 3086 1309 2414 637  1324 2626 1470 1816 925  1167 2815 889 2263 598  1151 2505 1166 1827 846  999 2288 902 1798 571  
5980 12890 5998 8852 4882  3020 7508 2706 5126 3330  2081 5057 2016 3674 2068  1636 4144 1416 3750 1013  1114 2665 1208 2400 750  
5051 11506 4829 7318 5332  4073 8408 4486 6213 2659  2073 4565 2406 2934 2203  1433 3278 1622 2277 1328  889 2753 602 2484 733  
1454 3002 1415 2284 702  1356 2808 1389 2053 835  1217 2513 1323 1732 957  1103 2319 1143 1715 709  963 2401 733 1938 559  
2716 5638 2956 3523 2614  2162 5475 1649 4026 1873  1910 3635 2335 2427 1423  1515 3742 1354 2720 1446  1411 3019 1572 2278 1012  
14300 27381 16010 18787 9238  1450 8369 337 8165 3178  47 668 34 710 864  11 282 0 321 253  3 133 0 144 86  
5772 12984 5467 8890 5074  3084 7508 2793 5189 3226  2105 4762 2293 3298 2094  1621 3506 1978 2645 1267  1058 2315 1348 1812 765  
9984 19455 10573 14201 5186  3790 9560 3952 7095 4352  1369 5164 1025 4489 2057  396 1517 366 1498 486  158 529 310 403 625  
8408 17455 9061 11169 7706  3661 9687 3067 7425 3342  2176 5120 2408 4681 1199  798 1917 1078 1617 714  417 1257 451 1326 337  
14041 32036 13044 21780 12823  1691 4399 2869 5466 666  80 399 459 723 99  0 53 6 177 38  0 6 4 31 6  
11701 22993 12830 15818 7945  2895 7883 2816 6144 3470  871 3608 578 3303 1477  247 1455 113 1844 330  73 692 30 775 256  
15062 30803 15786 21577 10470  723 5729 436 6226 2192  23 288 124 242 962  1 54 27 81 9  0 18 6 56 0  
4841 12298 3533 8626 4620  4266 9147 4400 7028 2725  2606 5627 3025 4307 2026  1455 3398 1721 2547 1590  937 2295 1082 1896 933  
6302 15151 5354 10163 6340  4368 9819 4378 7531 3237  2297 4670 3118 3437 1875  1373 3391 1459 3232 794  625 1596 789 1391 655  
2904 5866 3179 3869 2362  2405 5805 2022 4343 1863  2006 4275 2069 3245 1253  1542 3912 1286 3014 1305  1280 2705 1524 1898 1162  
10244 24371 8279 18208 7292  3109 6483 4490 4153 4390  1205 3220 1151 2910 1100  628 1447 867 1447 488  406 795 1051 746 225  
1380 2564 1591 1746 848  1147 2218 1377 1270 1165  1159 2526 1207 1650 1112  1175 2615 1120 1982 773  1029 2244 1067 1605 816  
13656 33442 10649 24245 11307  2100 3133 5257 3281 1891  51 298 328 640 277  4 21 108 31 139  0 5 25 9 13  
10925 24398 10643 16005 10552  3354 8646 3204 7779 2190  845 1715 1574 1315 705  423 1234 509 1614 139  175 507 331 661 35  
1304 3035 1190 2007 1303  1406 3121 1329 2290 996  1073 2544 976 1728 1071  1143 2647 1033 2003 819  937 2354 684 1892 594  
13425 27918 13114 20928 7214  1903 5933 2881 4172 4912  409 2503 252 2629 831  60 389 112 344 440  5 95 18 82 166  
7365 16315 7116 11223 6252  3533 9289 2622 7516 2718  2030 4040 2973 2651 2242  1345 3262 1413 3144 635  719 1608 1070 1399 573  
13480 31641 9695 26023 4916  2110 4532 4617 1934 4492  214 643 1765 221 3348  8 73 222 27 615  0 5 62 1 176  
6384 12788 7507 6448 8001  4768 11544 4262 8767 3296  2659 6413 2645 5917 1191  800 2032 914 1459 670  583 1736 552 1821 277  
2574 6280 2093 4339 2448  2380 5714 1835 4540 1392  1550 3174 1907 1769 1939  1559 3877 1265 3005 1249  1373 3158 1394 2358 1191  
10254 24146 8069 18767 5893  3044 7639 3177 5286 4490  1539 3147 2272 2727 866  628 1119 1894 709 1488  230 512 622 418 443  
11957 25186 13020 14505 13510  3729 10433 3099 11168 112  100 982 170 1665 11  25 264 79 738 0  0 13 8 63 0  
7313 18407 5495 12800 7073  4809 9676 5924 7226 3531  1659 4044 1787 3274 1667  932 2260 1058 2196 681  544 1323 693 1502 237  
8100 14912 9734 9312 6306  4121 11221 3336 8374 4203  1861 4982 1788 3991 1796  973 2813 886 2933 582  391 1253 378 1283 360  
10404 24401 8458 18596 6611  3090 7822 2950 5930 3539  1532 2644 3412 1855 1842  482 1237 823 1006 1045  198 501 431 491 347  
5280 14412 3008 10314 5097  4659 9372 5595 6480 4073  2689 5768 3204 4559 2031  1329 3023 1625 2529 1123  708 1521 1079 1236 642  
13986 29968 14470 19424 13079  1584 5940 1397 6895 497  225 847 441 1500 50  13 119 48 337 5  2 14 24 20 2  
10961 25807 9568 17811 10028  3443 6620 5303 5066 2519  967 3241 678 4028 481  286 716 548 614 475  113 377 177 515 65  
12753 31078 9707 23401 9079  2318 4665 3418 3962 2617  652 971 2476 698 1083  78 139 663 100 632  5 28 51 26 164  
2839 6920 2118 5300 1867  2423 5639 2153 4164 1869  1773 4432 1344 3406 1365  1663 3445 2000 2385 1500  1375 3050 1468 2355 995  
3016 6587 2950 4596 2402  1857 4123 1954 2426 2229  1713 3632 1927 2237 1769  1707 4224 1412 3428 1150  1185 2494 1415 1590 1180  
7020 14806 7414 9548 6482  4217 10364 3562 8668 2500  2028 5293 1939 4194 2027  1213 3003 1398 2605 1038  623 1604 779 1468 590  
5586 10516 6495 6860 4073  3570 7604 3869 5074 3270  2550 6704 2031 5805 1580  1561 4007 1524 3249 1408  908 2310 966 1874 918  
13423 32471 10988 22820 12065  1993 3514 3708 4201 1336  378 889 1308 1146 130  15 17 264 30 86  3 5 107 6 12  
6201 15292 4936 10469 6111  3814 8016 4420 5315 3713  2412 5827 2233 4991 1624  1546 3608 1658 3469 754  622 1434 804 1204 636  
12969 26052 13067 19558 6292  2208 7907 1952 6849 2512  530 2101 1176 1196 3638  73 424 166 277 772  22 291 16 222 306  
11055 23915 11310 15459 10547  3234 7101 3977 5506 2072  1022 3322 818 3199 755  347 1450 217 1893 172  98 720 32 1162 65  
2450 5863 2123 3849 2573  2224 5221 2009 3626 2066  1722 3368 2143 1980 1729  1743 4218 1471 3444 1109  1491 3343 1530 2663 975  
15246 32131 14952 23630 9305  534 4195 1171 4109 2878  32 477 238 374 1243  1 57 18 67 105  0 25 2 17 91  
5743 13372 4466 10630 2781  3652 7174 4332 5193 2302  2388 5235 2760 3873 2008  1543 3791 1761 2818 1790  954 2546 1139 1853 1532  
13841 30018 13046 22240 8692  1533 5156 1884 4870 1689  344 1144 1001 786 1230  72 486 230 272 1089  10 50 186 21 497  
4584 9683 5004 5424 5408  4234 9012 4408 6710 2740  2427 6295 2077 4968 2036  1383 3448 1401 2558 1358  1218 2977 1292 2737 716  
