# NumberOfHospitals NumberOfScenarios TimeHorizon
2 300 2
# DemandeScenario_0_Hospital_0_Period_0 DemandeScenario_0_Hospital_1_Period_0 ... DemandeScenario_0_Hospital_0_Period_1 DemandeScenario_0_Hospital_1_Period_1 ...
# DemandeScenario_1_Hospital_0_Period_0 DemandeScenario_1_Hospital_1_Period_0 ... DemandeScenario_1_Hospital_0_Period_1 DemandeScenario_1_Hospital_1_Period_1 ...
# ...
# ...
# ...
72404 42016  49134 25674  
61093 28867  37531 17919  
43134 26452  32713 16291  
14510 8643  12685 7825  
85394 47247  42952 18325  
66976 39302  40637 23595  
146337 62534  16797 20392  
75302 55926  52993 24502  
77184 41764  39883 19261  
153028 78165  11680 12110  
47684 27652  43247 23755  
93028 46838  36174 23893  
130324 72307  26478 11073  
37083 21461  31384 18786  
135213 65767  30703 22641  
35575 22929  31833 19355  
88443 60783  38256 19183  
41943 17612  30179 18718  
88303 37801  42689 30342  
125577 61685  28207 18536  
120975 75840  35539 13863  
89923 42793  31248 19361  
112642 63580  35085 24463  
15273 8525  13673 7849  
45939 25412  33460 17104  
38637 21642  33915 19674  
49794 34050  41451 21911  
59528 32484  39914 21295  
98833 48350  36289 21572  
26627 17631  25240 13435  
100910 60012  37814 17775  
73393 48750  52062 23877  
76171 42491  37714 23914  
135733 79116  23071 12006  
90341 40743  40160 21555  
27282 16341  23382 14584  
122319 65876  30625 13656  
14535 8830  13399 7961  
83329 53102  39164 22400  
50941 34671  41784 21787  
69813 36580  44986 25358  
38074 22658  33141 14844  
154128 83698  12912 6969  
106075 53736  39836 22034  
117106 66903  37160 16303  
126083 52153  29340 26467  
30569 14699  24836 12774  
107538 39404  40987 29768  
11302 8271  11844 8008  
14231 7247  12515 7995  
104707 74783  49272 14432  
27913 16578  25598 12102  
45631 21375  31492 18510  
24939 16616  21307 14373  
14734 6631  14038 6996  
55468 33498  39201 22300  
15136 8059  13593 6220  
95498 54143  46884 24062  
40873 24450  33981 18805  
68287 38332  43736 25771  
128344 79198  33337 10255  
118103 78828  35944 10960  
30896 15716  25003 12450  
64641 38064  43040 25997  
40938 22587  35163 17797  
99350 49893  42085 22399  
115215 63406  38303 19711  
88386 50702  43897 19948  
34061 18197  31517 18248  
43430 26530  32338 18799  
38159 21914  34291 20002  
27677 14611  22210 14623  
13750 8547  13331 7978  
107008 62507  29211 20503  
12901 8393  14107 7631  
75492 42092  33120 25622  
46022 22010  29314 15128  
51007 31194  43148 20625  
66892 43369  34981 22792  
13721 6930  12141 7553  
45774 23578  31888 18147  
73731 49491  33854 22436  
53690 41527  48061 24267  
107601 55922  34747 19898  
135638 64097  26422 20256  
86707 50180  42917 22795  
104934 47866  37828 21126  
125507 77671  31069 12347  
139944 86832  19228 4566  
120724 73965  34095 14485  
117491 56589  36074 21674  
122996 65604  29987 19202  
72258 51218  46227 19723  
43217 24909  33662 18702  
43829 22728  25522 14075  
126954 77519  28709 11777  
132909 77455  29776 11370  
30807 16727  21342 11913  
154554 76357  11235 11194  
97802 57582  38404 23235  
27036 15483  23252 12971  
43911 20288  32136 20421  
100988 62162  40262 22628  
77607 43621  38857 22267  
38624 24110  22916 17642  
117275 55669  36633 23445  
105331 48176  38218 22761  
82987 60401  47264 20635  
84168 48166  43634 18647  
122941 79486  33832 10981  
97883 38066  44692 33959  
88324 49292  35554 22628  
81928 47301  44236 25946  
66884 35491  45060 23009  
99195 55866  43619 23028  
81153 30764  41498 23482  
105627 49750  35694 25182  
11236 6169  13986 7228  
53003 41198  47551 24568  
66940 48530  48677 25144  
118806 69962  36171 15927  
89794 44544  38269 15986  
130910 74624  30610 14712  
130287 78040  31205 9877  
15407 7505  13460 7328  
78559 49699  37243 23912  
42203 23755  33558 19477  
43289 26579  33342 18579  
60745 29607  34343 13721  
57289 28255  39085 17907  
61125 28826  34225 20129  
14425 8854  13486 7627  
119258 67815  32988 20482  
58095 25719  39827 24768  
58246 35091  39168 16918  
75925 42926  50582 26285  
102203 61196  36159 20794  
44128 25928  33475 14879  
12439 8657  13338 7625  
97180 57606  41039 19576  
108449 74330  31126 13808  
13284 8056  13050 6600  
82912 49080  53301 27653  
67917 39888  45719 24088  
120798 66560  28569 19134  
86820 36437  41402 24075  
14203 7248  12952 7931  
60029 33945  38887 20589  
89011 46578  37214 26251  
70684 36985  33721 23882  
66794 39713  44738 19711  
90272 41489  42866 27427  
114084 65333  29838 18924  
115087 82832  44637 9162  
61926 43748  45452 22576  
45325 25928  30677 17360  
43292 20595  33921 16754  
30824 15277  23627 14652  
15474 7701  13860 7200  
29925 15832  23015 14653  
27476 16694  25742 13512  
40056 26505  32920 18674  
139138 69808  21754 12947  
37448 23908  28170 15622  
33861 25360  29708 18168  
55816 35407  40964 20092  
117437 58448  36733 22473  
52326 34269  40618 18736  
13666 8019  13692 7395  
89621 39635  38815 20514  
150834 76701  14439 10825  
29055 17620  18403 13301  
125242 49884  32110 30607  
127403 70104  30595 16215  
91226 53285  44726 24179  
14820 8755  13946 7702  
74555 32846  41916 27398  
14254 7892  13660 6804  
83286 32103  40401 21601  
108600 60421  40746 22938  
116045 67028  30443 19014  
82213 51102  47227 21532  
97931 63407  47835 21409  
59284 35014  38080 21358  
50062 31259  41040 20881  
65191 43039  37667 19342  
13319 8860  14194 7528  
129719 56177  26532 23913  
154326 75274  10357 13698  
14306 8286  10629 5486  
88801 51372  39768 16238  
24528 14187  24361 11067  
114476 53257  38167 29293  
107601 52183  33642 15660  
65415 39819  42761 21393  
15233 7970  11897 5966  
12485 7320  12557 7165  
57867 34885  40730 20467  
59159 27988  39128 19981  
44478 20011  33215 19612  
26721 17739  24817 13922  
76323 35753  40047 26778  
30118 14214  23478 14454  
122800 58842  28889 22603  
97649 38485  36851 19292  
151064 81216  12562 6329  
84344 53304  32320 21233  
141024 66574  19302 14790  
97773 54988  36865 21277  
82630 31844  43025 28280  
105933 48834  35574 25118  
142108 71641  24002 17759  
102551 61418  42692 18518  
61369 33368  37387 21608  
13898 5485  13856 6843  
121426 62553  37730 21005  
14060 8347  13540 7841  
77149 37863  39078 21173  
58184 30252  34498 18890  
15459 8073  12114 7744  
41254 24627  27898 17980  
86035 42622  38171 24400  
56537 34277  35526 22187  
59186 29862  33877 23303  
80841 52044  41380 22521  
81272 50385  38481 19341  
29877 14522  24546 11541  
46483 24310  30340 19499  
72732 30559  41945 25685  
12266 8115  10655 7813  
98683 56753  39428 21337  
40547 23431  32499 19043  
29443 12793  25532 13729  
149858 68524  16493 20653  
102155 42989  42069 30890  
88170 37666  41232 24064  
124113 75065  33866 13167  
101255 42324  40736 25370  
48265 34771  34083 20698  
97047 62213  43029 18519  
75562 40976  42500 22672  
52491 33728  40767 19789  
86991 42080  41402 21826  
68952 39508  31678 22932  
63614 33635  35277 23592  
84273 63678  42794 17783  
43832 21622  34198 17201  
58382 29842  39628 23085  
133211 70647  28037 14480  
68717 44320  45384 22138  
113855 66654  32503 19597  
111623 70228  37216 16518  
92706 49264  46867 28513  
91243 42748  41013 23215  
30021 17149  21843 14310  
14367 6995  13288 5603  
14766 6423  13954 6913  
58889 33350  34051 22593  
30384 14525  25034 12687  
44468 19581  30947 15859  
15083 7159  13139 6168  
117971 55611  28469 22563  
129673 63227  28609 16891  
44681 34005  32715 21166  
131865 79380  23857 9127  
34749 23809  22635 17669  
122252 57428  29333 16043  
51948 33884  36768 19864  
56109 35215  41276 20506  
26381 17693  20091 13315  
25264 15532  18451 13856  
93990 62190  39731 18416  
25068 17487  22200 14094  
71826 45905  39376 21458  
40205 22930  35079 17625  
48619 33886  27022 20099  
48444 34530  42240 20781  
104886 69927  41135 17019  
82535 64423  59774 21320  
107837 56827  38754 22337  
58631 34260  35576 18290  
71670 43496  40018 21974  
85778 52901  45319 19907  
45365 25149  32699 16373  
41767 20299  34392 19779  
71705 42521  42028 23412  
44873 24321  31326 13302  
13415 7488  12678 7936  
88755 52070  44792 25522  
56915 35385  35400 20862  
35619 24181  35602 17124  
56162 31190  40139 22621  
84789 52612  44124 19615  
30443 14595  24030 14843  
76990 39499  40845 19780  
70582 43234  42077 22570  
110690 63020  39204 20355  
43940 26381  32798 14592  
30166 16668  24367 11639  
41415 15941  31840 16609  
