# NumberOfHospitals NumberOfScenarios TimeHorizon
4 20 2
# DemandeScenario_0_Hospital_0_Period_0 DemandeScenario_0_Hospital_1_Period_0 ... DemandeScenario_0_Hospital_0_Period_1 DemandeScenario_0_Hospital_1_Period_1 ...
# DemandeScenario_1_Hospital_0_Period_0 DemandeScenario_1_Hospital_1_Period_0 ... DemandeScenario_1_Hospital_0_Period_1 DemandeScenario_1_Hospital_1_Period_1 ...
# ...
# ...
# ...
15194 14041 16810 2832  5803 6957 9390 955  
23434 10510 17687 5550  3951 7568 9034 638  
26958 14417 28052 5692  996 9796 5655 437  
14644 20319 23015 1615  9905 4091 8296 2795  
13533 9887 15421 2638  4915 8054 7727 672  
12817 15342 16410 1944  8204 5746 8354 1969  
20726 17219 25503 3755  5693 5107 5283 1859  
10513 9141 12302 1947  6149 5985 8219 1144  
23886 16478 27769 4629  3399 6232 5214 1127  
13885 8326 13889 2958  6727 4990 6465 1602  
5264 4577 5990 990  3939 2871 3252 887  
6579 7455 9278 956  5067 5464 6101 882  
20851 17860 25298 3790  5359 5608 5630 1627  
12670 6821 9514 2941  7193 8118 9715 1372  
21170 22326 31633 2955  6384 3312 2431 2695  
21713 18275 28822 3676  3513 6872 4104 671  
13456 5678 11487 3113  7155 6433 9459 1450  
12287 9987 15971 2135  7630 6112 7198 1860  
15260 9108 12028 3460  7416 7242 11846 1443  
3967 5178 5571 527  4009 3802 5338 674  
