# NumberOfHospitals NumberOfScenarios TimeHorizon
4 50 2
# DemandeScenario_0_Hospital_0_Period_0 DemandeScenario_0_Hospital_1_Period_0 ... DemandeScenario_0_Hospital_0_Period_1 DemandeScenario_0_Hospital_1_Period_1 ...
# DemandeScenario_1_Hospital_0_Period_0 DemandeScenario_1_Hospital_1_Period_0 ... DemandeScenario_1_Hospital_0_Period_1 DemandeScenario_1_Hospital_1_Period_1 ...
# ...
# ...
# ...
15194 14041 16810 2832  5803 6957 9390 955  
23434 10510 17687 5550  3951 7568 9034 638  
26958 14417 28052 5692  996 9796 5655 437  
14644 20319 23015 1615  9905 4091 8296 2795  
13533 9887 15421 2638  4915 8054 7727 672  
12817 15342 16410 1944  8204 5746 8354 1969  
20726 17219 25503 3755  5693 5107 5283 1859  
10513 9141 12302 1947  6149 5985 8219 1144  
23886 16478 27769 4629  3399 6232 5214 1127  
13885 8326 13889 2958  6727 4990 6465 1602  
5264 4577 5990 990  3939 2871 3252 887  
6579 7455 9278 956  5067 5464 6101 882  
20851 17860 25298 3790  5359 5608 5630 1627  
12670 6821 9514 2941  7193 8118 9715 1372  
21170 22326 31633 2955  6384 3312 2431 2695  
21713 18275 28822 3676  3513 6872 4104 671  
13456 5678 11487 3113  7155 6433 9459 1450  
12287 9987 15971 2135  7630 6112 7198 1860  
15260 9108 12028 3460  7416 7242 11846 1443  
3967 5178 5571 527  4009 3802 5338 674  
11003 7263 11865 2242  4828 7046 8004 640  
2474 2436 2945 436  2144 1896 2020 434  
11352 15560 16354 1407  6555 6324 8538 1002  
18205 16302 20886 3377  6123 6298 7522 1476  
5227 4527 6265 956  4430 2570 4659 967  
27169 15117 28317 5718  858 8976 4943 478  
20458 5515 15878 4947  5748 13238 13416 839  
18904 23188 25218 2742  7774 2185 6080 2717  
27329 17245 29555 5584  717 5062 3351 671  
5862 7423 9052 715  5251 5427 6717 875  
2228 2547 2958 340  1782 2335 2434 243  
2757 1901 2759 576  2348 2134 2848 432  
7524 5395 6437 1621  5650 5086 6178 1146  
22330 13529 14520 5161  5578 9917 15679 984  
20278 22887 26632 3138  5134 2956 5781 1284  
14459 15448 24168 1659  9566 6378 7268 2597  
22566 24744 26462 3787  4123 1433 5676 1275  
23649 23980 31731 3779  4013 1768 2345 1869  
2417 2254 2489 460  2233 1965 2215 447  
2618 880 2132 621  2206 1745 1915 470  
21539 15485 20693 4521  5102 4545 7855 1366  
5536 3807 5803 1138  4001 3682 5339 707  
15126 20696 21005 1939  5582 4331 7608 664  
2709 1403 2737 582  2439 2029 2804 473  
3782 5159 5643 455  4746 3277 4956 1017  
23583 16521 21210 5058  3439 7943 10986 666  
9489 8368 12843 1562  7296 4456 7105 1744  
3510 5078 5652 358  3555 3143 5193 533  
12321 7733 9487 2777  6690 8425 9358 1196  
10626 8997 12202 2002  4345 6630 7346 480  
