# NumberOfHospitals NumberOfScenarios TimeHorizon
4 200 2
# DemandeScenario_0_Hospital_0_Period_0 DemandeScenario_0_Hospital_1_Period_0 ... DemandeScenario_0_Hospital_0_Period_1 DemandeScenario_0_Hospital_1_Period_1 ...
# DemandeScenario_1_Hospital_0_Period_0 DemandeScenario_1_Hospital_1_Period_0 ... DemandeScenario_1_Hospital_0_Period_1 DemandeScenario_1_Hospital_1_Period_1 ...
# ...
# ...
# ...
15194 14041 16810 2832  5803 6957 9390 955  
23434 10510 17687 5550  3951 7568 9034 638  
26958 14417 28052 5692  996 9796 5655 437  
14644 20319 23015 1615  9905 4091 8296 2795  
13533 9887 15421 2638  4915 8054 7727 672  
12817 15342 16410 1944  8204 5746 8354 1969  
20726 17219 25503 3755  5693 5107 5283 1859  
10513 9141 12302 1947  6149 5985 8219 1144  
23886 16478 27769 4629  3399 6232 5214 1127  
13885 8326 13889 2958  6727 4990 6465 1602  
5264 4577 5990 990  3939 2871 3252 887  
6579 7455 9278 956  5067 5464 6101 882  
20851 17860 25298 3790  5359 5608 5630 1627  
12670 6821 9514 2941  7193 8118 9715 1372  
21170 22326 31633 2955  6384 3312 2431 2695  
21713 18275 28822 3676  3513 6872 4104 671  
13456 5678 11487 3113  7155 6433 9459 1450  
12287 9987 15971 2135  7630 6112 7198 1860  
15260 9108 12028 3460  7416 7242 11846 1443  
3967 5178 5571 527  4009 3802 5338 674  
11003 7263 11865 2242  4828 7046 8004 640  
2474 2436 2945 436  2144 1896 2020 434  
11352 15560 16354 1407  6555 6324 8538 1002  
18205 16302 20886 3377  6123 6298 7522 1476  
5227 4527 6265 956  4430 2570 4659 967  
27169 15117 28317 5718  858 8976 4943 478  
20458 5515 15878 4947  5748 13238 13416 839  
18904 23188 25218 2742  7774 2185 6080 2717  
27329 17245 29555 5584  717 5062 3351 671  
5862 7423 9052 715  5251 5427 6717 875  
2228 2547 2958 340  1782 2335 2434 243  
2757 1901 2759 576  2348 2134 2848 432  
7524 5395 6437 1621  5650 5086 6178 1146  
22330 13529 14520 5161  5578 9917 15679 984  
20278 22887 26632 3138  5134 2956 5781 1284  
14459 15448 24168 1659  9566 6378 7268 2597  
22566 24744 26462 3787  4123 1433 5676 1275  
23649 23980 31731 3779  4013 1768 2345 1869  
2417 2254 2489 460  2233 1965 2215 447  
2618 880 2132 621  2206 1745 1915 470  
21539 15485 20693 4521  5102 4545 7855 1366  
5536 3807 5803 1138  4001 3682 5339 707  
15126 20696 21005 1939  5582 4331 7608 664  
2709 1403 2737 582  2439 2029 2804 473  
3782 5159 5643 455  4746 3277 4956 1017  
23583 16521 21210 5058  3439 7943 10986 666  
9489 8368 12843 1562  7296 4456 7105 1744  
3510 5078 5652 358  3555 3143 5193 533  
12321 7733 9487 2777  6690 8425 9358 1196  
10626 8997 12202 2002  4345 6630 7346 480  
16479 9066 14823 3674  5371 9656 8397 893  
7659 8127 12318 950  7716 6225 7741 1710  
18256 22936 23254 2678  6962 2891 8328 1746  
2289 2531 2942 365  1810 1742 2821 248  
1916 2013 3077 240  1935 2299 2779 270  
23649 14796 20087 5249  3529 6175 6541 835  
4560 4944 6229 699  3812 3996 4329 688  
9053 15385 14875 699  9188 6212 9198 1989  
19170 16298 25625 3217  6838 6075 5516 2170  
8071 4014 6719 1856  5250 4973 7694 907  
13433 10597 15536 2562  5910 5832 8672 1074  
9370 8263 8693 1866  7352 4711 7710 1678  
18322 15871 21898 3354  5880 6349 6360 1481  
8252 12899 12998 788  8072 6322 8400 1679  
20042 22528 27690 2981  6595 2973 5356 2189  
8330 5313 8554 1743  5496 4387 6995 1072  
15814 6765 12264 3741  7049 9455 10647 1305  
18483 20387 28243 2459  8264 4363 4807 2885  
22447 21849 27374 3911  4733 2590 3864 1950  
16491 22810 25978 1817  7370 3043 5857 1767  
2763 1725 2869 578  2346 2125 2599 452  
6941 10342 10155 773  7764 5604 8815 1627  
24081 9768 21593 5495  3478 7493 7719 692  
11851 11488 12418 2205  5364 7230 7954 774  
22052 12077 21803 4761  4372 8063 9082 913  
5478 2876 4874 1232  4226 2895 3781 940  
11004 5683 10457 2424  6757 5310 7596 1457  
7808 10364 10888 1027  7906 4881 7670 1872  
15647 10424 10841 3522  8437 8508 12833 1717  
4872 4251 6431 825  4444 3086 4068 999  
26110 22518 28065 5040  1277 3656 4383 461  
16262 12149 18504 3161  6847 6867 8247 1582  
10975 7208 11900 2230  4737 6461 8089 618  
24586 17478 27380 4874  2919 6868 5480 981  
13008 20638 20363 1224  9819 4235 10091 2287  
17866 12648 15541 3848  6342 7896 9111 1330  
2623 1638 2224 583  2234 2258 2640 402  
21719 17073 24097 4239  4404 6198 7670 1065  
9474 9473 15247 1192  6442 7939 8316 969  
15725 5780 12101 3764  6804 6792 7612 1421  
27183 14952 28158 5742  718 10741 5442 318  
12858 9562 15760 2378  7518 5567 7344 1839  
15083 14485 18039 2672  5112 5299 8765 752  
10299 12906 13864 1461  7104 6412 9028 1309  
6074 7759 8326 837  5480 5154 7142 955  
13266 11272 14793 2534  4970 7395 7713 694  
15114 10316 12606 3307  7512 7103 9814 1609  
19088 19576 28487 2693  5619 4994 4502 1314  
10255 9338 12520 1828  6120 6027 6585 1262  
11268 12615 15193 1716  6218 6547 8416 1027  
7049 5742 9507 1180  5451 5788 6546 1003  
2722 1993 2733 562  2419 1438 2115 548  
18711 25571 28710 2163  8951 540 4995 3392  
21766 13520 23623 4445  4638 6279 5213 1341  
5380 2745 5495 1150  3821 4480 5038 633  
5550 3268 5449 1194  4191 4018 4896 801  
4869 3980 4426 1000  4405 3487 5459 849  
22177 15071 22540 4618  3586 8751 7646 670  
13576 10081 13657 2791  6496 7198 9517 1211  
2325 1894 1986 483  2145 2193 2390 390  
20847 25285 25826 3191  7125 646 6930 2861  
18471 13280 17093 3914  6378 6480 10891 1355  
18560 15807 21374 3486  4823 5310 8276 892  
17682 16751 20481 3200  6362 5676 6903 1619  
4992 3178 3951 1118  3959 2518 3024 909  
16087 11338 18526 3130  6755 5013 5905 1805  
7279 7259 8326 1298  6139 4069 6235 1380  
23145 18285 28654 4210  4281 4972 3786 1718  
24819 23666 27571 4561  3007 1996 4383 1462  
27451 14101 26448 6018  554 3825 4567 251  
15997 9673 13740 3563  6783 3901 7079 1625  
18682 15631 21204 3552  5732 6879 8264 1259  
11400 11808 15917 1739  8128 5672 7911 1977  
5695 7728 7717 751  6150 4887 7310 1215  
13345 11100 14628 2584  6283 7047 8951 1153  
26461 22667 29650 5030  1514 2864 3344 1068  
7310 7207 9463 1217  5867 4206 5392 1345  
10112 9276 12695 1763  7071 4352 7181 1668  
12789 6554 9605 2988  6224 8601 8313 1101  
8191 4015 7808 1809  5590 2392 4826 1336  
16297 12424 16843 3300  4767 7400 9406 623  
8849 10091 10855 1420  5819 6213 8287 921  
8161 4123 8062 1773  5263 3948 4384 1197  
2725 2076 2864 549  1878 2359 2461 281  
2700 1245 2564 600  2402 1134 1963 563  
18145 16258 20398 3396  5835 6663 8191 1261  
10974 7784 12066 2191  4537 6779 7812 544  
19112 24049 30382 2236  6222 2174 3246 1692  
22334 22234 31966 3355  3643 2798 1675 1058  
11335 12428 15498 1723  8072 5019 7110 2071  
18934 15110 21130 3673  5965 6639 8399 1398  
17840 23285 25388 2337  8988 2016 7009 3094  
24222 19277 21370 5041  3609 6023 11603 946  
8321 5343 8626 1733  4247 5115 7028 576  
16744 15756 25061 2404  7351 7996 6654 1762  
16336 8771 16653 3485  6831 7494 9286 1450  
16308 16618 17838 2924  7394 6162 10218 1658  
26296 10080 20347 6271  1643 14244 12507 2  
21770 10056 19906 4900  4972 9060 9473 1008  
7813 6965 8931 1455  4225 5643 5653 627  
5488 7775 7892 659  4977 5439 6311 797  
24905 13917 24386 5389  2366 5620 3673 693  
23036 13002 17907 5281  3895 10573 10514 642  
7882 6868 8878 1488  5055 3649 3951 1179  
7576 7159 8712 1378  3867 5651 5885 460  
13499 7506 11571 3044  6460 6162 6605 1402  
8421 12924 12713 871  8703 6171 9382 1880  
21233 15150 16648 4637  5948 4860 11575 1418  
14230 14071 19182 2284  5422 7083 7593 789  
23812 8641 19805 5592  3619 7312 7689 610  
15477 13691 16735 2956  6982 4245 6122 1877  
4388 2634 2761 1019  4156 2678 3350 941  
13851 9537 14496 2845  6465 5786 6335 1501  
23326 23629 25337 4203  4661 1951 7451 1853  
13433 10580 13911 2697  5556 6897 9440 849  
18404 15557 19594 3588  6087 4319 5562 1720  
22921 13456 15247 5319  4321 10423 11400 715  
13518 20668 20154 1426  7973 4379 8495 1586  
12786 14338 18821 1777  8041 5997 6780 2059  
8236 6122 8828 1653  5821 4393 6030 1272  
13155 4577 10739 3112  7307 6978 9876 1440  
10083 12836 13191 1440  8529 5094 9651 1956  
8133 3629 7220 1853  5267 5176 7561 914  
24860 13855 24597 5358  2482 10418 7796 531  
13229 9846 15681 2507  6712 7336 7709 1417  
4274 5063 6043 604  3728 3981 4218 661  
12415 10716 12197 2462  7355 6157 10191 1494  
8335 5447 8462 1747  4911 5055 7258 808  
8655 9999 12289 1235  7665 4036 7120 1901  
6640 6967 9540 977  5957 4725 6880 1204  
12658 11494 15914 2211  6908 6444 8534 1419  
22510 21722 27745 3909  4754 2687 5196 1806  
11756 12322 15578 1875  7763 5864 7970 1819  
18950 14791 21489 3662  5947 4885 5559 1704  
9293 8167 12789 1505  7318 5385 6866 1730  
16625 10764 16269 3536  5954 8665 8953 1116  
16169 10983 15009 3465  6961 7061 9375 1500  
2672 1856 2477 571  2423 1014 2130 564  
21543 17468 24264 4144  4660 5160 7441 1230  
2680 2075 2716 545  2458 1932 2654 497  
9653 6246 7335 2166  7252 5935 8940 1486  
27762 18526 28168 5802  275 3201 3313 472  
4658 4647 6401 732  4601 2993 4780 1000  
21857 20658 28891 3622  5376 3407 4217 2071  
21857 13973 20264 4736  4769 5270 7104 1208  
25224 23620 31444 4392  2638 1836 1754 1671  
7565 4888 6124 1683  5171 6115 7220 857  
24161 10673 19918 5623  3248 12281 11684 435  
2373 2135 2289 466  2510 1386 2571 545  
5290 3464 4653 1157  4463 2491 4331 1001  
