# NumberOfHospitals NumberOfScenarios TimeHorizon
4 100 2
# DemandeScenario_0_Hospital_0_Period_0 DemandeScenario_0_Hospital_1_Period_0 ... DemandeScenario_0_Hospital_0_Period_1 DemandeScenario_0_Hospital_1_Period_1 ...
# DemandeScenario_1_Hospital_0_Period_0 DemandeScenario_1_Hospital_1_Period_0 ... DemandeScenario_1_Hospital_0_Period_1 DemandeScenario_1_Hospital_1_Period_1 ...
# ...
# ...
# ...
15194 14041 16810 2832  5803 6957 9390 955  
23434 10510 17687 5550  3951 7568 9034 638  
26958 14417 28052 5692  996 9796 5655 437  
14644 20319 23015 1615  9905 4091 8296 2795  
13533 9887 15421 2638  4915 8054 7727 672  
12817 15342 16410 1944  8204 5746 8354 1969  
20726 17219 25503 3755  5693 5107 5283 1859  
10513 9141 12302 1947  6149 5985 8219 1144  
23886 16478 27769 4629  3399 6232 5214 1127  
13885 8326 13889 2958  6727 4990 6465 1602  
5264 4577 5990 990  3939 2871 3252 887  
6579 7455 9278 956  5067 5464 6101 882  
20851 17860 25298 3790  5359 5608 5630 1627  
12670 6821 9514 2941  7193 8118 9715 1372  
21170 22326 31633 2955  6384 3312 2431 2695  
21713 18275 28822 3676  3513 6872 4104 671  
13456 5678 11487 3113  7155 6433 9459 1450  
12287 9987 15971 2135  7630 6112 7198 1860  
15260 9108 12028 3460  7416 7242 11846 1443  
3967 5178 5571 527  4009 3802 5338 674  
11003 7263 11865 2242  4828 7046 8004 640  
2474 2436 2945 436  2144 1896 2020 434  
11352 15560 16354 1407  6555 6324 8538 1002  
18205 16302 20886 3377  6123 6298 7522 1476  
5227 4527 6265 956  4430 2570 4659 967  
27169 15117 28317 5718  858 8976 4943 478  
20458 5515 15878 4947  5748 13238 13416 839  
18904 23188 25218 2742  7774 2185 6080 2717  
27329 17245 29555 5584  717 5062 3351 671  
5862 7423 9052 715  5251 5427 6717 875  
2228 2547 2958 340  1782 2335 2434 243  
2757 1901 2759 576  2348 2134 2848 432  
7524 5395 6437 1621  5650 5086 6178 1146  
22330 13529 14520 5161  5578 9917 15679 984  
20278 22887 26632 3138  5134 2956 5781 1284  
14459 15448 24168 1659  9566 6378 7268 2597  
22566 24744 26462 3787  4123 1433 5676 1275  
23649 23980 31731 3779  4013 1768 2345 1869  
2417 2254 2489 460  2233 1965 2215 447  
2618 880 2132 621  2206 1745 1915 470  
21539 15485 20693 4521  5102 4545 7855 1366  
5536 3807 5803 1138  4001 3682 5339 707  
15126 20696 21005 1939  5582 4331 7608 664  
2709 1403 2737 582  2439 2029 2804 473  
3782 5159 5643 455  4746 3277 4956 1017  
23583 16521 21210 5058  3439 7943 10986 666  
9489 8368 12843 1562  7296 4456 7105 1744  
3510 5078 5652 358  3555 3143 5193 533  
12321 7733 9487 2777  6690 8425 9358 1196  
10626 8997 12202 2002  4345 6630 7346 480  
16479 9066 14823 3674  5371 9656 8397 893  
7659 8127 12318 950  7716 6225 7741 1710  
18256 22936 23254 2678  6962 2891 8328 1746  
2289 2531 2942 365  1810 1742 2821 248  
1916 2013 3077 240  1935 2299 2779 270  
23649 14796 20087 5249  3529 6175 6541 835  
4560 4944 6229 699  3812 3996 4329 688  
9053 15385 14875 699  9188 6212 9198 1989  
19170 16298 25625 3217  6838 6075 5516 2170  
8071 4014 6719 1856  5250 4973 7694 907  
13433 10597 15536 2562  5910 5832 8672 1074  
9370 8263 8693 1866  7352 4711 7710 1678  
18322 15871 21898 3354  5880 6349 6360 1481  
8252 12899 12998 788  8072 6322 8400 1679  
20042 22528 27690 2981  6595 2973 5356 2189  
8330 5313 8554 1743  5496 4387 6995 1072  
15814 6765 12264 3741  7049 9455 10647 1305  
18483 20387 28243 2459  8264 4363 4807 2885  
22447 21849 27374 3911  4733 2590 3864 1950  
16491 22810 25978 1817  7370 3043 5857 1767  
2763 1725 2869 578  2346 2125 2599 452  
6941 10342 10155 773  7764 5604 8815 1627  
24081 9768 21593 5495  3478 7493 7719 692  
11851 11488 12418 2205  5364 7230 7954 774  
22052 12077 21803 4761  4372 8063 9082 913  
5478 2876 4874 1232  4226 2895 3781 940  
11004 5683 10457 2424  6757 5310 7596 1457  
7808 10364 10888 1027  7906 4881 7670 1872  
15647 10424 10841 3522  8437 8508 12833 1717  
4872 4251 6431 825  4444 3086 4068 999  
26110 22518 28065 5040  1277 3656 4383 461  
16262 12149 18504 3161  6847 6867 8247 1582  
10975 7208 11900 2230  4737 6461 8089 618  
24586 17478 27380 4874  2919 6868 5480 981  
13008 20638 20363 1224  9819 4235 10091 2287  
17866 12648 15541 3848  6342 7896 9111 1330  
2623 1638 2224 583  2234 2258 2640 402  
21719 17073 24097 4239  4404 6198 7670 1065  
9474 9473 15247 1192  6442 7939 8316 969  
15725 5780 12101 3764  6804 6792 7612 1421  
27183 14952 28158 5742  718 10741 5442 318  
12858 9562 15760 2378  7518 5567 7344 1839  
15083 14485 18039 2672  5112 5299 8765 752  
10299 12906 13864 1461  7104 6412 9028 1309  
6074 7759 8326 837  5480 5154 7142 955  
13266 11272 14793 2534  4970 7395 7713 694  
15114 10316 12606 3307  7512 7103 9814 1609  
19088 19576 28487 2693  5619 4994 4502 1314  
10255 9338 12520 1828  6120 6027 6585 1262  
11268 12615 15193 1716  6218 6547 8416 1027  
