# NumberOfHospitals NumberOfScenarios TimeHorizon
5 300 4
# DemandeScenario_0_Hospital_0_Period_0 DemandeScenario_0_Hospital_1_Period_0 ... DemandeScenario_0_Hospital_0_Period_1 DemandeScenario_0_Hospital_1_Period_1 ...
# DemandeScenario_1_Hospital_0_Period_0 DemandeScenario_1_Hospital_1_Period_0 ... DemandeScenario_1_Hospital_0_Period_1 DemandeScenario_1_Hospital_1_Period_1 ...
# ...
# ...
# ...
8959 18417 8968 13615 5030  3893 10241 3691 7543 4487  1679 4662 1683 3946 1778  684 1837 839 1699 589  
14284 33938 11939 24445 11642  1379 2561 3405 3197 1630  139 364 759 526 238  9 23 158 26 96  
14809 31994 13400 24739 7289  818 3903 1582 3056 2132  170 789 1329 304 3658  11 175 62 89 406  
4607 9866 4445 7248 2924  2926 7019 2249 5806 1271  2231 5589 1856 4333 1704  1511 3439 1882 2159 2271  
11507 22494 12228 16298 6256  3190 10038 2930 7363 5497  807 2556 955 2488 1022  232 1237 184 1434 437  
2513 4881 2981 2786 2560  2517 5263 2564 3890 1565  1899 4033 2075 2686 1718  1546 3132 1700 2327 965  
2810 6502 2156 5243 1196  2205 5101 1716 4162 824  2055 4206 2386 2917 1678  1628 3335 1943 2340 1346  
7250 14689 7237 11051 3556  3979 9382 3764 7370 2644  1963 5327 1668 4398 1321  1246 3287 1559 2372 1921  
8101 14684 9435 10006 4674  4496 11956 3723 9478 3944  1820 4993 1856 3985 2227  802 2783 699 2512 1100  
11272 28579 8141 20466 10098  2779 5124 3615 4446 2692  1232 2065 2660 2066 666  432 855 1465 877 137  
2641 5587 2818 3456 2666  2170 4900 2145 3211 2153  1966 4847 1608 3755 1470  1755 3983 1688 3191 1074  
6098 12742 6206 9039 4235  3460 8908 2531 7319 2089  2103 4862 2479 3163 2860  1458 3698 1499 2842 1589  
9323 17859 11025 10753 8464  4424 12309 3245 10907 2741  1250 3655 1321 2928 1633  397 1292 434 1014 547  
7331 14921 7336 11151 3787  4069 9992 3718 7748 3174  1946 4208 2494 3125 1824  1158 3350 1304 2406 2162  
11117 27139 9115 18305 11229  3798 7959 4572 7957 1659  632 1083 1883 978 659  221 524 672 615 69  
6858 13982 7589 8741 6417  4351 10589 3745 8788 2594  1923 5175 1807 3926 2179  1140 2352 1597 1883 803  
7711 16764 7332 12257 5156  3678 9109 3071 7515 2169  2082 4842 2400 3771 1751  1121 2825 1543 2003 1927  
14788 31411 13765 24115 7297  955 4467 2488 3111 5303  66 896 111 853 805  2 89 10 109 76  
7262 15460 6630 12040 3273  4064 9147 4615 6240 4428  2161 5361 2300 4229 2008  1052 2721 1188 2299 939  
12876 25832 14278 16753 10802  2222 7776 1568 6564 2502  478 1799 419 1837 284  193 1070 100 2060 25  
3865 9400 3166 6474 3692  2982 6169 3425 3914 2912  2234 5629 1775 4454 1731  1934 4327 2055 3456 1341  
1220 2449 1410 1386 1322  1363 3068 1300 2162 1117  1130 2099 1353 1381 797  1115 2718 938 2045 876  
6751 12340 7686 8660 3528  4050 8874 4280 6303 3583  1995 4461 2075 3459 1619  1291 3885 1148 2852 2053  
4532 9587 4359 7177 2557  2963 7615 2238 5777 2435  2362 5280 2594 3728 2307  1604 3675 1842 2571 1799  
4159 9513 3864 6428 3869  3179 6210 3710 4324 2205  2036 5186 1772 3713 2131  1862 4237 1878 3554 1069  
3589 7992 3599 4822 4047  3396 8126 2834 6350 2291  2437 4972 2898 3520 1887  1499 3827 1334 2867 1495  
6034 15678 4021 11378 5314  3546 8383 3045 6113 3458  2937 5800 3926 4495 2113  1244 2673 1636 2098 1252  
10021 23097 9049 16072 8719  3846 8834 4033 7865 1996  1065 2724 1591 1975 1968  533 1426 699 1530 353  
1225 2805 1167 1761 1334  1244 2537 1393 1587 1167  954 1971 1097 1094 1094  919 1849 1083 1049 968  
3050 5944 3718 2798 3957  3160 7762 2633 5622 2709  2608 5673 2769 4135 1951  1703 3719 1912 2569 1459  
2037 5598 1149 3947 2067  2150 5401 1530 4043 1745  2120 4847 1918 3707 1490  1606 3813 1363 2963 1199  
5190 12580 4280 8669 4934  3864 8823 3702 6593 3058  2091 5114 1872 3946 1912  1602 3303 2173 2423 1444  
4989 10919 5114 6663 5402  3462 7565 3691 4945 3253  2721 6711 2397 5634 1740  1400 2862 1840 1868 1218  
1383 3374 1085 2461 1117  1309 2770 1394 1834 1172  1184 2854 981 2131 921  907 2350 648 1729 830  
4375 8636 4837 5820 3207  3097 7409 2850 5225 2932  1990 4673 2043 3084 2224  1627 4030 1552 3031 1516  
4579 10345 4023 7783 2902  3282 7285 3293 5336 2521  2100 4098 2547 3015 1323  1631 4274 1391 3429 1354  
8795 19488 8826 12067 9430  4517 11364 3815 10273 2279  1235 2579 1995 1766 1336  731 1677 1122 1518 387  
6600 14880 6367 9633 6640  3730 8406 3907 5809 3442  2032 4126 2630 2663 1700  1642 3994 1681 3834 736  
12736 24594 14575 15959 9923  2370 9159 1280 7654 3248  479 1817 395 1885 409  176 980 91 1747 45  
12100 27134 10537 20773 6899  2494 7067 2835 5076 4460  874 1986 1637 1713 1361  249 416 1092 322 511  
11654 27717 9520 20482 8671  3212 6846 4554 5595 2997  625 1404 1528 1043 1541  226 608 526 622 319  
4047 8444 4378 5262 3947  3378 7256 3362 5562 2001  2300 5984 1806 4811 1735  1771 4210 1781 3330 1396  
4821 11084 4559 6920 5330  3949 9570 3242 7653 2610  2718 6005 2951 4774 1859  1372 3024 1758 2103 1514  
1362 2832 1478 1776 1305  1346 2731 1457 1890 975  1121 2144 1329 1374 901  866 1896 938 1093 1034  
7025 13292 8114 8742 5054  4216 10288 3674 8322 2795  2085 5471 1844 4735 1374  1131 2973 1260 2395 1262  
5901 13962 4797 10492 4061  3582 7912 3356 6387 1676  2001 5318 1606 3943 2237  1655 3593 2224 2593 1866  
4303 10045 3331 7984 2094  3061 7502 2541 5530 2618  2448 5146 2799 3805 1788  1621 3815 1559 3061 1034  
2959 6073 3161 4094 2335  2446 5555 2333 3986 1993  1649 3753 1706 2390 1842  1589 3231 1788 2413 999  
2640 6650 1891 4922 2097  2478 5514 2223 4318 1326  1464 3925 955 2832 1536  1383 3485 1063 2586 1321  
11045 21223 13281 11805 11521  4151 12533 2586 12120 1586  521 2604 369 3322 405  76 404 120 636 98  
10589 26871 7182 20458 7550  2943 5806 4040 3906 4408  1790 3130 3715 2694 977  333 738 801 740 475  
11086 20637 12972 13496 7828  3420 10486 2219 9864 2186  858 3336 848 2233 2789  315 1556 247 1410 633  
10743 23948 9681 17904 6833  3449 8094 4194 6232 3424  1032 3098 1167 2702 1300  382 962 848 749 843  
11985 27400 10044 21125 6827  2783 6634 4254 4421 5085  797 2061 1359 1934 831  188 560 514 500 499  
10692 23669 10099 16929 8030  3147 7944 3460 5978 3702  1239 2727 1962 2321 1031  452 1646 389 1863 462  
10190 21001 10929 13879 8555  3797 10287 3137 9202 2414  912 2608 1184 1737 1855  595 1831 697 1857 514  
14041 29203 15088 18725 12847  1611 6541 1106 7081 735  160 1040 173 2033 37  0 76 14 206 12  
1374 2591 1620 1639 1091  1348 2737 1413 1973 846  1250 2868 1173 2067 1015  940 2091 995 1293 1055  
5883 12412 6116 8325 4947  3748 8561 3408 7002 1947  2397 5621 2543 4269 2121  1199 3416 1098 2497 1707  
4314 8463 4845 5578 3328  3268 8068 2636 6328 2258  2322 5454 2109 4443 1348  1614 3562 1739 2853 978  
3001 6551 2947 4546 2428  2419 5736 2050 4371 1700  1964 4648 1728 3600 1372  1633 3590 1758 2640 1325  
12204 22248 14578 14310 8623  2842 9483 1479 9005 2372  491 2203 276 2018 1221  204 1908 35 2033 581  
7458 16832 7262 10518 8046  4359 9472 4827 6943 3231  2227 5947 1889 5913 1069  785 1860 1081 1466 767  
5491 12215 5387 8014 5271  3235 7185 3441 4642 3315  2470 6449 1822 5767 1360  1693 3496 2231 2654 1265  
1138 2368 1273 1305 1347  1364 3071 1295 2164 1121  993 2248 997 1388 1103  1028 2249 1077 1471 986  
7682 17177 6963 12711 5145  3468 7700 4060 4996 4132  2224 5233 2326 4534 1308  928 2897 734 2399 1187  
4253 8084 4832 5462 2844  3101 7415 2883 5136 3075  2428 5966 2173 4639 1935  1613 3673 1801 2599 1622  
5924 13806 4789 10675 3443  3801 8643 3834 6291 3267  2293 4672 2981 3377 1935  1426 3246 1694 2585 1158  
8023 19501 6488 13754 7178  3976 8711 4442 6384 3652  2178 4846 2564 4532 1020  734 1860 883 1621 863  
2936 6207 3047 4159 2483  2349 5610 2039 4091 1957  1851 3948 2057 2621 1745  1679 3732 1722 2845 1198  
10957 27309 7773 20846 7548  3364 6510 5197 4500 4497  831 1720 1455 1452 1121  475 1014 1063 1088 145  
7412 14797 7939 10358 4903  4027 10278 3542 7846 3650  2075 5459 2034 4327 2175  1002 2547 1252 1908 1397  
6985 15386 6928 10140 6552  4255 9476 4407 7304 2960  1922 4168 2414 2929 1845  1264 3318 1257 3072 860  
12374 23247 14597 14700 9744  2548 8115 1555 6370 3002  764 4334 180 5642 513  94 799 39 813 318  
14381 28678 15985 18734 11718  1174 5977 342 5334 1875  233 1697 54 2919 27  17 418 0 681 13  
15421 33854 14412 24891 10263  301 1578 1863 1769 1597  74 1002 100 1114 1132  17 454 3 401 531  
10924 26015 7770 21191 4539  3627 7927 4962 5249 4166  961 2114 2349 1278 2509  220 602 763 362 1177  
12418 25251 14053 14591 13299  2836 8860 1946 8475 329  532 2341 374 3778 4  21 402 6 1146 1  
9073 20564 7797 15714 5340  3634 8557 3543 6889 2225  1769 4189 2662 2784 3196  633 1904 738 1428 1338  
12419 26201 13424 15506 13479  3196 9960 2292 11453 128  187 636 593 999 24  10 82 72 181 2  
5917 11981 6383 8108 4507  3381 6595 3862 4741 2154  2421 6511 2109 4915 2561  1564 4334 1288 3852 1132  
4407 9998 4073 6993 3693  3058 7274 2396 6015 1440  2175 4161 2929 2642 2114  1396 3461 1439 2278 1872  
5539 13573 3881 10761 3010  3989 8669 4232 6299 3159  2216 5295 2348 3756 2598  1340 3323 1357 2534 1512  
6128 13377 5671 10020 3702  3542 8281 3121 6656 1925  2097 5631 1707 4277 2136  1546 3559 1972 2545 1949  
8788 17265 10512 8809 10590  4938 13739 3486 12347 2218  1359 3364 1609 3182 648  555 1806 553 2541 121  
11545 28866 8676 20580 10327  2816 5456 3533 5032 2384  925 1345 2585 1138 812  386 750 1204 740 95  
8578 16675 9168 12066 4621  3962 9162 4250 6607 3979  1835 5867 1560 4549 2771  785 2556 669 2572 651  
14582 33729 12942 23911 12063  1178 2966 2683 4030 784  52 131 752 161 574  1 55 2 92 90  
4292 10292 3215 8075 2405  3114 7003 3204 4751 3137  2396 4918 2883 3495 1950  1725 4084 1783 3131 1527  
4127 10041 3278 7252 3436  2846 7165 2067 5503 2203  2489 5499 2604 4115 1978  1789 3998 1927 3113 1384  
15236 33801 14370 24116 11581  463 2040 1811 2018 1952  110 837 197 1466 80  2 170 2 358 20  
6544 15604 5619 10606 6318  3714 7252 4792 4528 3510  2306 5916 2015 4967 1725  1486 3619 1576 3333 924  
10708 24151 9476 18080 6920  2982 8133 2583 6482 3134  1299 2627 2566 1779 2402  544 1223 1096 1050 719  
10352 23078 9867 16001 8676  3398 6929 4476 5408 2292  1057 3077 1160 2139 1831  533 2060 393 2070 556  
7253 17403 5697 13141 4987  3700 8558 3197 7064 1749  2212 5084 2702 3574 2804  1076 2536 1431 1804 1714  
8132 18663 7537 12471 7807  3870 7605 5042 5110 3169  2115 5982 1639 5885 1184  941 2599 950 2599 669  
11655 27605 9671 20222 8914  3249 6676 4898 5447 2814  579 1647 1034 1337 1474  160 527 220 610 266  
4266 10364 3283 7777 3070  3330 7419 3293 5437 2586  2194 5266 1842 4293 1287  1573 3603 1803 2499 1861  
7273 16839 6447 11926 6044  3972 8433 4626 6002 3439  2220 5294 2311 4568 1449  1047 2948 951 2678 902  
7564 16223 7087 12258 4200  3896 8480 4324 6277 3052  1850 3945 2349 2930 1695  1116 2929 1271 2239 1534  
8799 20724 6938 16082 5104  3944 9046 4152 6869 3217  1646 3906 2016 3002 1700  790 1740 1435 1258 1185  
1417 3447 1046 2679 859  1295 3121 1052 2312 1000  1198 2568 1121 2020 550  1123 2611 990 1991 764  
14009 26491 16243 17266 10337  1708 8983 136 8484 2947  82 946 3 1641 205  13 369 0 559 130  
5973 12828 6022 8785 4888  3575 7218 4078 5178 2509  1818 4195 2060 2480 2434  1722 4474 1536 4006 1089  
5537 13017 4835 9030 4985  3573 8137 3571 5774 3266  2467 5306 2891 3944 1994  1249 3066 1292 2298 1295  
7940 19894 5791 14611 6455  3651 8269 3721 5993 3794  1625 3739 1497 3126 1512  1440 2797 2320 2531 741  
11572 25158 10141 19815 5081  3233 8330 4501 5473 6018  778 2515 1150 2116 1499  173 584 448 496 646  
14019 34438 10153 26600 8925  1672 2232 4777 1462 3441  122 205 1358 122 932  0 22 70 21 191  
6867 14666 7169 9370 6593  3986 9632 3694 7256 3302  2374 5879 2190 5392 1240  1189 2727 1582 2171 1115  
14242 28564 15828 18433 12084  1451 7640 415 8280 1347  95 434 126 674 191  22 244 10 758 6  
10785 23223 10455 16818 7354  3038 6566 4111 4545 3480  1117 3375 1149 2471 1858  556 2399 347 2593 575  
7275 14234 7891 10025 4485  4023 9184 4080 6863 3286  2157 5684 2099 4454 2275  1030 2823 1129 2098 1536  
11730 23348 12867 15744 8727  3172 9665 2570 8427 3092  700 2680 706 2614 1171  161 869 159 1027 359  
3883 8138 4210 4936 4007  3442 7659 3363 5683 2465  1889 5123 1378 3859 1835  1789 3758 2144 2735 1421  
5587 14787 3587 10465 5416  4412 9569 4605 7002 3720  2298 5002 2627 3829 2053  1417 2896 2016 2295 1168  
6057 13843 5366 10126 4416  3405 8520 2590 6858 2198  2119 3995 3206 2405 2532  1380 3573 1347 2697 1614  
6126 13729 5609 10009 4381  3382 7545 3678 5030 3578  2180 5343 2151 3989 2132  1366 3544 1259 2925 1228  
5036 10587 5455 6310 5378  3182 8015 2637 5642 3093  2955 6778 2881 5767 1599  1558 3345 1968 2409 1357  
9882 22412 7876 18038 4069  3810 9593 4165 6612 5061  1317 2942 2023 2276 1300  511 1261 1097 849 1373  
8666 20392 7398 14640 7048  4111 8831 4590 7206 2394  1653 3719 2457 2641 2316  771 2120 980 1816 1012  
12806 25976 14088 16752 11099  1811 5498 1610 3616 2218  1017 4060 596 5296 230  125 737 75 1280 43  
13876 30131 13162 22127 9087  1454 4777 2362 3504 4027  391 1662 508 2129 339  74 268 220 376 106  
3659 8586 3317 5505 3938  3289 7513 3121 5451 2674  2520 5504 2694 4127 1874  1445 3367 1531 2335 1513  
9741 22496 9111 14189 10624  3552 7441 4428 5379 2392  1806 5011 1591 6093 390  500 1281 790 1538 167  
6449 11199 7749 7520 3498  4468 10791 4056 8259 3592  2369 6554 2097 5229 2468  1052 2774 1204 1923 1744  
6419 12744 7618 6406 7977  4689 10851 4515 7858 3321  2252 5620 2148 4533 1377  1342 4103 991 4636 511  
1374 3379 1060 2479 1096  1345 3152 1149 2339 995  1209 2861 1024 2158 875  1078 2222 1233 1469 979  
9370 21403 8796 14130 9187  4265 8939 5176 7255 2457  1400 4305 1159 4499 940  511 1332 826 1232 633  
3829 7504 4486 4358 3851  2944 6630 2964 4324 2890  2623 5963 2509 4804 1563  1824 4193 1862 3324 1286  
1515 3146 1541 2267 976  1353 3186 1131 2427 897  1165 2661 1129 1821 1103  1085 2614 878 2060 675  
8553 16794 10271 8355 10594  4741 12448 3767 10202 2384  1794 5031 1592 5512 499  425 1235 506 1332 122  
7260 14716 7921 9697 5963  3433 7293 3933 4571 3524  2284 5800 2141 4553 1903  1063 3332 825 2714 1100  
11956 27833 10182 20542 8663  2769 6727 3318 5625 2922  817 1743 1719 1534 1075  203 375 913 281 620  
11616 23066 13399 13584 11646  3353 10288 2305 9318 1717  688 2424 606 3104 187  125 787 63 1369 62  
9105 18925 9139 13775 5643  3757 9468 3400 7801 2571  1632 3913 2190 2913 2095  695 1917 980 1397 1462  
13723 29815 13406 21030 10463  1672 5592 2059 5086 2629  329 1064 705 1275 464  74 348 149 683 32  
7368 14996 7411 11143 3925  3949 9183 3820 7194 2662  2022 5755 1673 4664 1826  1135 2676 1705 1784 2099  
4617 10068 4425 7264 3271  3131 7364 2646 5885 1764  2116 4755 2404 3124 2489  1730 4048 1771 3214 1293  
12807 27941 12837 18532 11672  2392 6684 2661 6275 1681  487 1755 585 2464 221  108 377 266 573 36  
13491 24621 15388 17248 7075  1891 7821 955 6741 3987  287 2119 36 2063 1266  130 1996 2 1886 896  
10975 20605 12969 12986 8704  3588 11178 2466 9200 3652  938 3446 656 4111 578  216 1046 212 1006 529  
4088 10223 2832 7893 2673  3164 6789 3481 4519 3118  2282 5398 2169 4011 2035  1523 3852 1226 3115 1213  
4037 7960 4644 4853 3757  3293 7934 2869 5925 2622  2148 4513 2487 2964 2023  1839 4413 1705 3765 1078  
11819 28799 9844 18891 12676  3685 7295 5044 8119 776  240 544 1063 784 169  63 197 403 261 12  
1424 3290 1113 2633 646  1348 3135 1202 2264 1087  1174 2815 915 2222 673  1110 2610 968 1981 784  
10750 23775 10091 17185 7760  3327 7618 4215 5675 3549  1181 3513 1278 3267 1272  299 925 484 712 713  
14912 30001 15863 21004 10032  711 4364 505 4431 2194  157 1755 13 1523 1335  29 630 0 814 72  
4170 10308 3003 7924 2744  3218 6905 3523 4674 3033  2415 5515 2432 4176 1916  1499 3639 1499 2657 1611  
8503 19377 7894 13243 7648  3281 7414 3694 4951 3554  2057 4365 2694 3409 1354  1128 3124 1087 3338 555  
5673 10849 6229 7687 3219  3855 9751 3114 7692 2779  2376 5700 2325 4534 1752  1391 3074 1718 2356 1214  
8867 22629 6184 16543 7480  4587 9290 5406 7698 2559  1249 2849 1775 2127 2079  751 1347 1901 1089 852  
12433 29003 11064 19927 11374  2182 5102 2728 4765 1844  946 1837 2268 1785 326  169 603 174 1039 71  
4496 9884 3994 7616 2364  3006 6856 2578 5526 1344  2151 4071 2913 2597 2107  1706 4426 1464 3527 1341  
7919 17541 7881 11193 8018  4582 10211 4787 8282 2724  1893 5153 1765 4777 1340  653 1945 669 1729 817  
8754 17487 9630 11650 6792  4031 10524 3545 8242 3627  1751 4887 1674 4298 1611  696 1834 905 1609 782  
6545 15764 5474 10840 6210  3707 7506 4596 4788 3651  2288 4888 2779 3525 1829  1347 3616 1193 3363 885  
1499 3482 1280 2582 1061  1225 2970 860 2423 545  921 2480 576 1799 891  990 2494 728 1873 811  
11805 28315 7946 23499 4115  3418 7115 5826 3927 5648  511 1130 2020 603 2300  67 270 444 142 1069  
11687 27663 9692 20316 8844  3014 6890 3711 5870 2718  675 1504 1313 1225 1377  288 557 857 523 444  
13449 27635 14814 17052 13065  2249 7898 1484 8510 489  97 1096 57 1770 77  15 201 22 561 3  
4002 9484 2801 7827 1441  3342 7774 3100 5645 2786  2426 5548 2472 4092 2066  1715 3984 1831 2971 1595  
13863 32037 10521 26026 5502  1738 3988 4049 1847 3755  195 646 1678 247 3008  14 206 89 83 895  
1426 2812 1607 1829 1149  1352 3075 1264 2179 1118  1192 2524 1139 1982 556  1151 2592 1090 1954 788  
15306 33705 14563 24099 11406  437 2572 1514 2800 2150  54 386 270 584 75  12 184 33 490 2  
3629 8751 3094 5748 3836  3391 7966 2852 6315 2089  2427 5280 2693 3773 2140  1600 3957 1425 3128 1361  
6778 16082 5829 11113 6235  3577 8807 2992 6748 3092  2572 5183 3471 3980 1924  1362 2869 1956 2366 1019  
6081 12688 6235 8926 4338  3502 8735 3090 6388 3341  2142 4937 2395 3443 2314  1380 3557 1351 2822 1360  
11674 22830 13913 12253 13137  3564 10829 2186 10068 483  516 2815 211 4767 12  40 247 42 630 1  
12798 28745 10442 23026 5352  2457 6658 3518 4395 4133  418 1260 1123 676 2424  104 180 659 92 649  
11716 28008 10007 19029 11356  2612 5805 2940 5605 1740  813 1133 2328 677 470  497 1366 676 2002 52  
2909 6965 2285 5282 1957  2172 5142 1964 3539 2145  2025 4053 2316 2956 1309  1594 3889 1395 3001 1272  
2967 6361 3012 4326 2466  2329 4566 2622 3192 1560  1874 4032 2042 2695 1753  1313 3306 1197 2210 1531  
4483 10251 3744 7923 2519  2750 6614 1956 5537 924  2292 5510 2267 3826 2602  1794 3619 2385 2568 1569  
1387 3106 1344 2064 1307  1386 3129 1224 2404 825  1233 2890 1052 2223 804  1120 2608 978 2015 729  
7139 17324 5355 13315 4580  3954 8936 3762 7048 2392  2272 4790 3256 3285 2810  1144 2431 1730 1898 1036  
10760 23230 10493 16627 7712  3380 8405 3519 7113 2528  1134 3303 1448 2748 1709  339 1053 547 964 581  
5466 13535 3731 10734 3011  3604 8620 2960 6635 2492  2502 5303 2881 4010 1709  1389 3147 1450 2496 753  
1349 3359 999 2485 1062  1341 2968 1323 2052 1152  1161 2580 1174 1740 1090  896 2208 757 1508 944  
8463 18944 6898 15234 3386  3935 7712 5379 5241 3522  1903 4937 2175 3732 2310  805 2611 829 2102 1156  
13140 32035 10606 22415 12067  2560 4416 4974 4947 1281  99 364 616 665 248  10 42 132 79 37  
10267 24715 8651 16779 10052  4108 7876 5976 6316 2496  1057 2845 1291 2915 799  262 978 272 1323 209  
15201 34729 13150 26068 9933  537 1942 2111 2029 2153  67 209 781 102 1118  6 16 187 7 199  
2811 6855 2028 5374 1629  2504 5630 2378 4119 1891  2022 4577 1952 3435 1483  1252 3228 1024 2266 1458  
3248 8646 2066 6045 3276  2543 6519 1727 4736 2427  2465 5681 2209 4364 1906  2057 4463 2182 3562 1376  
13067 32401 10008 23127 11543  2579 4208 4848 4739 1435  135 246 833 321 332  22 25 376 13 266  
7668 17204 6966 12635 5337  3420 7868 3774 5222 4055  2019 4121 2749 2880 1824  1210 2863 1428 2365 983  
4905 9597 5803 5379 5200  4221 9798 3871 7598 2817  2399 6270 2048 4992 2026  1585 3514 1822 2899 1030  
5771 11179 6451 7579 3988  3807 9662 3011 7754 2601  2300 5073 2704 3566 2351  1424 3740 1241 3330 843  
1307 2790 1383 1724 1338  1317 3179 1066 2377 990  1123 2365 1235 1505 1092  1053 2591 857 1939 856  
10189 22000 10302 14758 8892  3180 9177 2260 8045 2480  1557 3245 2475 2619 1460  556 1290 912 1302 333  
10356 22122 9547 17030 5098  3261 9015 2705 7312 2443  1476 3754 2381 2434 3396  456 1124 1150 701 1711  
6142 13104 5970 9590 3935  3513 7215 3868 5397 2194  2115 4437 2441 3350 1544  1529 4601 1244 3665 1796  
4435 10395 3755 7627 3322  2935 7053 2191 5833 1325  2284 5341 2053 4206 1434  1642 3915 1562 3014 1318  
11764 23601 13393 14101 11686  3300 9232 2627 8320 1507  654 3305 293 4428 324  70 505 55 722 99  
2868 6874 2157 5381 1629  2296 5181 1928 4161 989  2045 4653 1974 3450 1565  1648 3428 1961 2406 1423  
12300 30391 9251 22428 9662  2777 5074 4638 4277 3052  649 1212 1952 1216 592  70 182 328 246 166  
14735 29553 16036 19977 11050  1005 6504 284 6396 2422  65 604 58 1270 76  5 156 3 389 52  
8841 17899 8985 13216 4801  4029 10097 3863 7862 3513  1626 4344 2013 3058 2849  707 2145 864 1646 1346  
3007 5720 3761 2588 3920  3483 7192 3715 5045 2453  2468 6152 2154 4631 2068  1908 4712 1752 3780 1429  
5577 12554 5331 8398 5203  3739 8696 3560 6443 3071  1808 4949 1220 3993 1619  1806 3986 2048 3460 1005  
11367 25928 10524 17768 10167  3422 7831 4051 7349 1676  701 1724 1416 1379 1210  242 933 297 1065 354  
15121 31261 15250 22760 9243  679 5289 891 4653 3946  13 272 189 692 187  0 57 47 79 170  
1475 3436 1281 2489 1148  1308 2950 1104 2352 602  1216 2797 1139 1992 1042  1087 2533 916 2012 597  
15094 30952 15747 21744 10447  681 5298 517 5049 2992  31 417 110 670 180  4 179 8 575 9  
4953 9890 5726 5644 5265  3702 7707 4067 5129 3028  2563 5938 2539 4503 1904  1646 4265 1500 3483 1284  
12268 23949 14530 13410 12984  3094 10845 1475 10794 623  426 1848 328 3239 23  22 215 43 585 3  
13308 29238 13011 20067 11227  2175 6094 2787 5948 1828  284 1223 433 1758 278  35 277 86 310 241  
8590 16876 8987 12409 4395  3809 10032 3021 8447 2174  1906 4919 2234 3671 2342  774 2474 812 1954 1042  
1367 2615 1605 1629 1156  1391 3009 1327 2263 837  1037 2035 1245 1180 1069  920 1913 1051 1110 1022  
11022 26834 9127 17951 11313  4024 7956 5596 7404 1864  550 1245 1311 1269 398  149 524 237 809 51  
2863 6797 2172 5371 1502  2435 5417 2222 4178 1367  1800 4340 1670 2993 1939  1598 3772 1544 2759 1478  
4689 11564 3791 7657 4994  2906 7526 1962 5567 2740  2384 5574 2081 4364 1935  2005 3994 2692 3038 1508  
14894 34697 12728 25465 11043  896 1937 3376 2245 2096  22 234 191 475 254  1 25 71 15 228  
15107 30973 15657 21979 10069  631 5053 505 5699 1726  63 622 186 398 982  8 125 34 60 608  
2095 5672 1253 3983 2123  2305 5200 2237 3527 2188  2079 4850 1833 3738 1470  1523 3456 1552 2416 1483  
4333 9438 4340 6326 3841  3030 6219 3446 4086 2671  2350 5098 2371 4122 1251  1406 3314 1539 2111 1735  
5165 13255 3412 10047 3806  3625 8620 3025 6560 2820  2604 5568 3038 4111 2304  1523 3320 1661 2814 727  
7095 13895 8046 8980 5744  4038 10577 3286 8226 3457  2271 5757 2166 4897 1728  970 2578 1098 1938 1327  
11924 25851 11866 17739 9853  2746 6430 3556 5064 2535  747 3142 484 3252 895  264 968 266 1261 256  
5400 10741 6158 6580 5052  3871 8282 4010 6121 2648  2394 5902 2301 4428 2194  1329 3817 1115 2963 1445  
2887 6331 2496 5001 1267  2414 5234 2296 4013 1313  1949 3966 2267 2713 1641  1567 3306 1833 2234 1527  
1191 3006 895 2068 1188  1094 2662 924 1778 1148  1263 2942 1089 2235 873  889 1806 1065 1014 1028  
4368 8936 4720 5908 3619  2687 5660 3029 3380 2915  1816 3990 2010 2284 2089  1690 3351 1869 2706 747  
6808 14334 7262 9030 6585  3793 9927 2938 7838 3032  2414 5904 2281 5156 1558  1326 3160 1519 2851 903  
8672 17166 9031 12602 4569  3846 8896 4330 6042 4571  1789 4918 1642 4314 1472  760 2321 819 1764 1399  
1490 3366 1379 2379 1204  1331 2742 1442 1848 1084  1251 2700 1220 2039 763  1094 2439 990 1940 553  
9129 18983 9335 13472 6267  3877 9365 3958 7225 3443  1514 3820 1684 3316 1244  696 2069 794 1792 965  
13857 30229 13263 21795 9853  1497 4295 2640 3313 3140  388 1835 351 2488 314  47 311 100 262 280  
10821 21756 12467 12175 11961  3459 9358 2832 7521 1492  1216 4453 736 6012 149  236 952 216 1703 25  
13584 30092 13433 19551 13251  2016 5080 2938 5318 284  206 1483 11 2712 72  5 214 0 479 26  
1342 3235 925 2648 546  1258 3114 954 2327 965  1264 2872 1152 2152 872  1156 2576 1131 1896 860  
9577 23645 6549 18804 5156  3388 7754 3902 5063 5104  1925 3588 3467 2748 1758  615 1246 1384 1027 782  
10632 23648 10011 16834 8177  2899 7155 3331 5064 3745  1162 3156 1248 2798 1107  718 1712 1130 1786 388  
11503 24638 11816 16301 10257  3235 9239 2686 8920 1905  823 2024 1431 1879 828  186 744 261 828 355  
5437 9939 6273 6831 3101  3783 8937 3219 7300 1969  2395 5417 2717 3762 2619  1575 4121 1511 3321 1463  
2929 6452 2541 5059 1378  2502 5643 2365 4161 1828  1906 4568 1762 3273 1809  1383 3350 1042 2854 488  
4973 11486 4636 7335 5299  3615 8290 3516 5864 3203  1847 3499 2535 1787 1972  1900 4735 1732 4168 1153  
14956 31397 14390 23662 7993  777 4270 1902 3416 4218  69 1030 55 1035 655  11 191 25 89 624  
10283 21372 10882 14269 8532  3763 9680 3505 8323 2637  1190 3822 1130 3603 1278  358 1112 568 943 761  
10037 23403 7768 18618 4849  3880 8446 5041 5990 3866  1277 3032 2234 2126 2303  385 1012 816 765 875  
11478 23175 12641 15072 9672  3209 9771 2511 8430 2906  761 2506 795 2493 821  280 1017 320 1492 125  
8593 21256 6801 14516 8548  4095 7573 5935 5062 3437  1959 4878 2014 4740 1053  727 1780 1028 1840 392  
2598 5301 2910 3177 2632  2341 4655 2648 3077 1851  2032 4333 2115 3165 1435  1583 3334 1723 2394 1192  
9749 22977 8437 16054 8634  3710 8946 3426 7830 2424  1523 3228 2334 2755 1364  547 1002 1496 788 672  
8257 15321 9315 10741 4524  3828 8391 4195 5755 3917  1913 5825 1613 4224 2897  1015 3519 716 3441 950  
7652 17244 6796 12888 4978  3733 7527 4491 5572 2536  2149 5381 2320 4134 2317  869 2945 638 2328 1425  
4559 9821 4272 7392 2612  3019 5925 3443 4249 1924  2254 5141 2453 3473 2483  1733 4471 1576 3518 1557  
8072 17994 8120 10619 9442  4997 11569 4937 9661 2703  1477 3353 1967 2659 1020  773 2466 638 3156 264  
6381 15728 5043 10952 6013  4467 9185 5236 6706 3378  2201 5417 2145 4509 1788  1285 2991 1588 2587 1049  
8685 21867 6468 15392 8126  4673 8893 6481 6658 3453  1299 3495 1195 3363 1115  755 1720 1178 1806 470  
1538 3322 1480 2427 1016  1247 3098 882 2453 725  1070 2023 1345 1193 1044  1016 1887 1254 1217 786  
9012 18349 9345 13134 5717  3916 10439 3359 8380 3391  1606 3779 2118 2937 1817  699 2100 883 1590 1469  
1286 3305 849 2501 956  1239 2943 1077 2057 1140  1283 2840 1245 2081 936  1132 2490 1156 1761 947  
5624 10618 6308 7388 3331  3502 7106 3994 4715 3106  2599 7087 2080 5781 2164  1438 3532 1563 2536 1724  
8090 17567 8478 10137 9476  3721 7744 4373 4744 2838  2599 6755 2315 6743 838  846 2519 787 2759 317  
1351 2734 1515 1686 1283  1395 2994 1358 2231 865  1254 2673 1284 1923 901  1145 2636 1044 2011 779  
9637 17842 10967 12374 5486  3981 10757 3641 7835 5015  1446 4757 1196 4232 1744  443 1824 373 1576 912  
8623 21316 6830 14574 8545  4656 9958 5206 8237 3018  1559 3564 1972 3407 1056  558 1123 1203 969 664  
11160 21027 12392 14881 6116  3310 9563 3101 6868 5250  949 3678 635 3861 937  275 1480 194 1436 700  
12707 25019 14392 16028 10610  2664 9035 1657 8983 1842  335 2129 223 1963 1041  89 588 81 943 109  
6890 12755 7868 8802 4000  4052 9853 3950 6812 4469  2069 5128 2157 3626 2368  1172 3244 1125 2512 1295  
7083 15871 5789 12734 2900  3870 9843 3368 7152 3921  2092 4943 2099 3923 1454  1308 2580 2467 1643 2199  
2770 5141 3194 3480 1739  2285 4734 2529 3035 2144  1851 3667 2112 2475 1437  1550 3242 1609 2498 908  
2871 6873 2166 5382 1627  2367 5543 1945 4337 1358  1807 4463 1495 3268 1651  1395 3508 1129 2580 1365  
3040 6349 3046 4614 1913  2285 5514 1735 4457 1151  1834 3470 2264 2355 1351  1678 3877 1699 2841 1474  
6623 11796 7820 7990 3729  4359 11055 3894 8063 4414  2332 6442 1948 5522 1885  1019 2270 1307 1782 999  
14207 33021 12621 23047 12394  1294 2642 3181 2849 1215  304 1083 564 1762 19  6 127 15 420 4  
9627 20851 9847 13445 9248  4062 10589 3367 9700 2146  1034 2957 993 2526 1268  740 1630 1297 1610 474  
9646 20140 10617 11591 10782  4288 9401 4576 7647 1771  1457 5252 876 5993 700  299 1244 247 1545 239  
4446 9551 4068 7362 2205  3212 7377 3195 5135 3079  2233 5221 2007 4278 1180  1572 4135 1336 3193 1507  
8804 17901 9527 11948 7028  3471 8417 3563 5717 3870  2038 5495 1865 5009 1361  868 2813 710 3032 570  
9572 19108 11295 9601 11988  4595 11709 3867 9723 1457  1143 3673 880 4108 168  366 1553 239 2586 17  
3997 9891 3059 7140 3397  2620 5577 2964 3325 3049  2282 5673 1826 4501 1716  2020 4331 2270 3481 1243  
9288 23315 7147 15685 9725  4527 8359 6569 6355 3003  1237 2829 1683 2609 717  443 1344 445 1860 132  
2721 5970 2737 3855 2651  2266 5700 1657 4426 1603  1935 4698 1588 3642 1410  1583 3795 1402 2919 1251  
8040 19899 6112 14444 6711  4408 8739 5759 6298 3665  1763 4412 1877 3735 1674  856 2114 1003 2144 491  
12737 27365 13369 16687 13475  2265 6089 2357 5461 158  655 2741 408 4665 0  151 636 237 1105 0  
5025 9904 5872 5685 5194  3941 8532 4070 6102 2955  1989 4743 2027 3016 2166  1373 3482 1314 2413 1315  
12137 25527 12410 17779 9094  2841 7913 2900 7021 2546  578 2330 680 1952 1543  182 636 305 767 231  
8433 20564 6511 15260 6380  3895 9067 3612 7323 2746  1801 3775 2288 3139 964  887 1918 1590 1326 1675  
7192 15951 6062 12669 3121  3801 9775 3275 7104 3947  2336 4966 3241 3509 2631  1187 2636 1810 1924 1583  
2897 6119 3028 4052 2522  2449 5150 2575 3639 1828  1794 3450 2134 2315 1343  1507 3247 1665 2178 1416  
4153 9394 3277 7631 1551  3361 7754 3207 5612 2820  2252 5313 2021 4204 1367  1692 3983 1735 3029 1397  
11262 21376 12989 14020 8230  3502 10675 2555 9199 3337  784 3082 644 3027 1199  194 1115 150 1139 580  
3013 6429 2846 4857 1655  2223 5648 1632 4298 1698  1898 3973 2208 2586 1917  1493 2869 1918 1859 1328  
11403 21816 12937 14632 7928  3005 8309 2703 6162 3833  1035 4533 547 4336 1383  232 1165 142 1198 364  
6090 12675 6194 9056 4082  3164 6754 3675 4121 3645  2323 6420 1772 5248 1952  1496 4086 1223 3540 1192  
2946 6759 2653 4795 2405  2334 5304 1956 4298 1044  1932 3831 2320 2593 1587  1573 3716 1571 2630 1588  
1500 3199 1526 2201 1196  1165 2485 1257 1523 1221  1183 2310 1313 1655 712  1147 2468 1156 1836 762  
1294 2486 1541 1456 1242  1277 2430 1427 1714 744  1230 2533 1314 1773 899  1090 2229 1148 1650 654  
8627 20828 6562 15979 5550  4020 8961 4561 6498 4023  1669 3882 2098 3024 1939  841 1810 1415 1514 881  
12230 25818 12326 18283 8727  2144 5743 2706 3702 3836  1003 3824 737 4126 741  319 978 444 1315 135  
1436 2795 1618 1858 1063  1155 2303 1346 1348 1183  1166 2269 1280 1640 666  1140 2704 946 2165 648  
7807 19994 5146 15256 5567  3572 7937 3816 5402 4327  2498 4682 3987 3540 2011  1105 2378 1698 2133 824  
5834 11656 6418 7760 4537  3028 6974 3148 4276 3609  2701 6704 2409 5617 1772  1627 3956 1679 3307 1207  
2859 6891 2136 5376 1671  2208 5271 1957 3669 2140  1851 4543 1478 3474 1431  1723 3615 1925 2722 1158  
2326 5657 1959 3666 2551  2162 5302 1738 3814 1930  2033 4673 1901 3462 1617  1681 3698 1783 2681 1403  
13844 33946 10617 25016 10832  1860 2479 5432 2331 2454  74 256 206 408 333  29 178 86 382 10  
2341 6063 1615 4278 2239  2118 4586 2253 2865 2252  1591 4168 1055 3138 1410  1541 3820 1167 3028 1141  
8780 20755 6881 16089 5156  3822 8769 4372 6091 4521  1852 3940 2641 3190 1464  775 1813 1355 1372 1294  
