# NumberOfHospitals NumberOfScenarios TimeHorizon
5 100 4
# DemandeScenario_0_Hospital_0_Period_0 DemandeScenario_0_Hospital_1_Period_0 ... DemandeScenario_0_Hospital_0_Period_1 DemandeScenario_0_Hospital_1_Period_1 ...
# DemandeScenario_1_Hospital_0_Period_0 DemandeScenario_1_Hospital_1_Period_0 ... DemandeScenario_1_Hospital_0_Period_1 DemandeScenario_1_Hospital_1_Period_1 ...
# ...
# ...
# ...
8959 18417 8968 13615 5030  3893 10241 3691 7543 4487  1679 4662 1683 3946 1778  684 1837 839 1699 589  
14284 33938 11939 24445 11642  1379 2561 3405 3197 1630  139 364 759 526 238  9 23 158 26 96  
14809 31994 13400 24739 7289  818 3903 1582 3056 2132  170 789 1329 304 3658  11 175 62 89 406  
4607 9866 4445 7248 2924  2926 7019 2249 5806 1271  2231 5589 1856 4333 1704  1511 3439 1882 2159 2271  
11507 22494 12228 16298 6256  3190 10038 2930 7363 5497  807 2556 955 2488 1022  232 1237 184 1434 437  
2513 4881 2981 2786 2560  2517 5263 2564 3890 1565  1899 4033 2075 2686 1718  1546 3132 1700 2327 965  
2810 6502 2156 5243 1196  2205 5101 1716 4162 824  2055 4206 2386 2917 1678  1628 3335 1943 2340 1346  
7250 14689 7237 11051 3556  3979 9382 3764 7370 2644  1963 5327 1668 4398 1321  1246 3287 1559 2372 1921  
8101 14684 9435 10006 4674  4496 11956 3723 9478 3944  1820 4993 1856 3985 2227  802 2783 699 2512 1100  
11272 28579 8141 20466 10098  2779 5124 3615 4446 2692  1232 2065 2660 2066 666  432 855 1465 877 137  
2641 5587 2818 3456 2666  2170 4900 2145 3211 2153  1966 4847 1608 3755 1470  1755 3983 1688 3191 1074  
6098 12742 6206 9039 4235  3460 8908 2531 7319 2089  2103 4862 2479 3163 2860  1458 3698 1499 2842 1589  
9323 17859 11025 10753 8464  4424 12309 3245 10907 2741  1250 3655 1321 2928 1633  397 1292 434 1014 547  
7331 14921 7336 11151 3787  4069 9992 3718 7748 3174  1946 4208 2494 3125 1824  1158 3350 1304 2406 2162  
11117 27139 9115 18305 11229  3798 7959 4572 7957 1659  632 1083 1883 978 659  221 524 672 615 69  
6858 13982 7589 8741 6417  4351 10589 3745 8788 2594  1923 5175 1807 3926 2179  1140 2352 1597 1883 803  
7711 16764 7332 12257 5156  3678 9109 3071 7515 2169  2082 4842 2400 3771 1751  1121 2825 1543 2003 1927  
14788 31411 13765 24115 7297  955 4467 2488 3111 5303  66 896 111 853 805  2 89 10 109 76  
7262 15460 6630 12040 3273  4064 9147 4615 6240 4428  2161 5361 2300 4229 2008  1052 2721 1188 2299 939  
12876 25832 14278 16753 10802  2222 7776 1568 6564 2502  478 1799 419 1837 284  193 1070 100 2060 25  
3865 9400 3166 6474 3692  2982 6169 3425 3914 2912  2234 5629 1775 4454 1731  1934 4327 2055 3456 1341  
1220 2449 1410 1386 1322  1363 3068 1300 2162 1117  1130 2099 1353 1381 797  1115 2718 938 2045 876  
6751 12340 7686 8660 3528  4050 8874 4280 6303 3583  1995 4461 2075 3459 1619  1291 3885 1148 2852 2053  
4532 9587 4359 7177 2557  2963 7615 2238 5777 2435  2362 5280 2594 3728 2307  1604 3675 1842 2571 1799  
4159 9513 3864 6428 3869  3179 6210 3710 4324 2205  2036 5186 1772 3713 2131  1862 4237 1878 3554 1069  
3589 7992 3599 4822 4047  3396 8126 2834 6350 2291  2437 4972 2898 3520 1887  1499 3827 1334 2867 1495  
6034 15678 4021 11378 5314  3546 8383 3045 6113 3458  2937 5800 3926 4495 2113  1244 2673 1636 2098 1252  
10021 23097 9049 16072 8719  3846 8834 4033 7865 1996  1065 2724 1591 1975 1968  533 1426 699 1530 353  
1225 2805 1167 1761 1334  1244 2537 1393 1587 1167  954 1971 1097 1094 1094  919 1849 1083 1049 968  
3050 5944 3718 2798 3957  3160 7762 2633 5622 2709  2608 5673 2769 4135 1951  1703 3719 1912 2569 1459  
2037 5598 1149 3947 2067  2150 5401 1530 4043 1745  2120 4847 1918 3707 1490  1606 3813 1363 2963 1199  
5190 12580 4280 8669 4934  3864 8823 3702 6593 3058  2091 5114 1872 3946 1912  1602 3303 2173 2423 1444  
4989 10919 5114 6663 5402  3462 7565 3691 4945 3253  2721 6711 2397 5634 1740  1400 2862 1840 1868 1218  
1383 3374 1085 2461 1117  1309 2770 1394 1834 1172  1184 2854 981 2131 921  907 2350 648 1729 830  
4375 8636 4837 5820 3207  3097 7409 2850 5225 2932  1990 4673 2043 3084 2224  1627 4030 1552 3031 1516  
4579 10345 4023 7783 2902  3282 7285 3293 5336 2521  2100 4098 2547 3015 1323  1631 4274 1391 3429 1354  
8795 19488 8826 12067 9430  4517 11364 3815 10273 2279  1235 2579 1995 1766 1336  731 1677 1122 1518 387  
6600 14880 6367 9633 6640  3730 8406 3907 5809 3442  2032 4126 2630 2663 1700  1642 3994 1681 3834 736  
12736 24594 14575 15959 9923  2370 9159 1280 7654 3248  479 1817 395 1885 409  176 980 91 1747 45  
12100 27134 10537 20773 6899  2494 7067 2835 5076 4460  874 1986 1637 1713 1361  249 416 1092 322 511  
11654 27717 9520 20482 8671  3212 6846 4554 5595 2997  625 1404 1528 1043 1541  226 608 526 622 319  
4047 8444 4378 5262 3947  3378 7256 3362 5562 2001  2300 5984 1806 4811 1735  1771 4210 1781 3330 1396  
4821 11084 4559 6920 5330  3949 9570 3242 7653 2610  2718 6005 2951 4774 1859  1372 3024 1758 2103 1514  
1362 2832 1478 1776 1305  1346 2731 1457 1890 975  1121 2144 1329 1374 901  866 1896 938 1093 1034  
7025 13292 8114 8742 5054  4216 10288 3674 8322 2795  2085 5471 1844 4735 1374  1131 2973 1260 2395 1262  
5901 13962 4797 10492 4061  3582 7912 3356 6387 1676  2001 5318 1606 3943 2237  1655 3593 2224 2593 1866  
4303 10045 3331 7984 2094  3061 7502 2541 5530 2618  2448 5146 2799 3805 1788  1621 3815 1559 3061 1034  
2959 6073 3161 4094 2335  2446 5555 2333 3986 1993  1649 3753 1706 2390 1842  1589 3231 1788 2413 999  
2640 6650 1891 4922 2097  2478 5514 2223 4318 1326  1464 3925 955 2832 1536  1383 3485 1063 2586 1321  
11045 21223 13281 11805 11521  4151 12533 2586 12120 1586  521 2604 369 3322 405  76 404 120 636 98  
10589 26871 7182 20458 7550  2943 5806 4040 3906 4408  1790 3130 3715 2694 977  333 738 801 740 475  
11086 20637 12972 13496 7828  3420 10486 2219 9864 2186  858 3336 848 2233 2789  315 1556 247 1410 633  
10743 23948 9681 17904 6833  3449 8094 4194 6232 3424  1032 3098 1167 2702 1300  382 962 848 749 843  
11985 27400 10044 21125 6827  2783 6634 4254 4421 5085  797 2061 1359 1934 831  188 560 514 500 499  
10692 23669 10099 16929 8030  3147 7944 3460 5978 3702  1239 2727 1962 2321 1031  452 1646 389 1863 462  
10190 21001 10929 13879 8555  3797 10287 3137 9202 2414  912 2608 1184 1737 1855  595 1831 697 1857 514  
14041 29203 15088 18725 12847  1611 6541 1106 7081 735  160 1040 173 2033 37  0 76 14 206 12  
1374 2591 1620 1639 1091  1348 2737 1413 1973 846  1250 2868 1173 2067 1015  940 2091 995 1293 1055  
5883 12412 6116 8325 4947  3748 8561 3408 7002 1947  2397 5621 2543 4269 2121  1199 3416 1098 2497 1707  
4314 8463 4845 5578 3328  3268 8068 2636 6328 2258  2322 5454 2109 4443 1348  1614 3562 1739 2853 978  
3001 6551 2947 4546 2428  2419 5736 2050 4371 1700  1964 4648 1728 3600 1372  1633 3590 1758 2640 1325  
12204 22248 14578 14310 8623  2842 9483 1479 9005 2372  491 2203 276 2018 1221  204 1908 35 2033 581  
7458 16832 7262 10518 8046  4359 9472 4827 6943 3231  2227 5947 1889 5913 1069  785 1860 1081 1466 767  
5491 12215 5387 8014 5271  3235 7185 3441 4642 3315  2470 6449 1822 5767 1360  1693 3496 2231 2654 1265  
1138 2368 1273 1305 1347  1364 3071 1295 2164 1121  993 2248 997 1388 1103  1028 2249 1077 1471 986  
7682 17177 6963 12711 5145  3468 7700 4060 4996 4132  2224 5233 2326 4534 1308  928 2897 734 2399 1187  
4253 8084 4832 5462 2844  3101 7415 2883 5136 3075  2428 5966 2173 4639 1935  1613 3673 1801 2599 1622  
5924 13806 4789 10675 3443  3801 8643 3834 6291 3267  2293 4672 2981 3377 1935  1426 3246 1694 2585 1158  
8023 19501 6488 13754 7178  3976 8711 4442 6384 3652  2178 4846 2564 4532 1020  734 1860 883 1621 863  
2936 6207 3047 4159 2483  2349 5610 2039 4091 1957  1851 3948 2057 2621 1745  1679 3732 1722 2845 1198  
10957 27309 7773 20846 7548  3364 6510 5197 4500 4497  831 1720 1455 1452 1121  475 1014 1063 1088 145  
7412 14797 7939 10358 4903  4027 10278 3542 7846 3650  2075 5459 2034 4327 2175  1002 2547 1252 1908 1397  
6985 15386 6928 10140 6552  4255 9476 4407 7304 2960  1922 4168 2414 2929 1845  1264 3318 1257 3072 860  
12374 23247 14597 14700 9744  2548 8115 1555 6370 3002  764 4334 180 5642 513  94 799 39 813 318  
14381 28678 15985 18734 11718  1174 5977 342 5334 1875  233 1697 54 2919 27  17 418 0 681 13  
15421 33854 14412 24891 10263  301 1578 1863 1769 1597  74 1002 100 1114 1132  17 454 3 401 531  
10924 26015 7770 21191 4539  3627 7927 4962 5249 4166  961 2114 2349 1278 2509  220 602 763 362 1177  
12418 25251 14053 14591 13299  2836 8860 1946 8475 329  532 2341 374 3778 4  21 402 6 1146 1  
9073 20564 7797 15714 5340  3634 8557 3543 6889 2225  1769 4189 2662 2784 3196  633 1904 738 1428 1338  
12419 26201 13424 15506 13479  3196 9960 2292 11453 128  187 636 593 999 24  10 82 72 181 2  
5917 11981 6383 8108 4507  3381 6595 3862 4741 2154  2421 6511 2109 4915 2561  1564 4334 1288 3852 1132  
4407 9998 4073 6993 3693  3058 7274 2396 6015 1440  2175 4161 2929 2642 2114  1396 3461 1439 2278 1872  
5539 13573 3881 10761 3010  3989 8669 4232 6299 3159  2216 5295 2348 3756 2598  1340 3323 1357 2534 1512  
6128 13377 5671 10020 3702  3542 8281 3121 6656 1925  2097 5631 1707 4277 2136  1546 3559 1972 2545 1949  
8788 17265 10512 8809 10590  4938 13739 3486 12347 2218  1359 3364 1609 3182 648  555 1806 553 2541 121  
11545 28866 8676 20580 10327  2816 5456 3533 5032 2384  925 1345 2585 1138 812  386 750 1204 740 95  
8578 16675 9168 12066 4621  3962 9162 4250 6607 3979  1835 5867 1560 4549 2771  785 2556 669 2572 651  
14582 33729 12942 23911 12063  1178 2966 2683 4030 784  52 131 752 161 574  1 55 2 92 90  
4292 10292 3215 8075 2405  3114 7003 3204 4751 3137  2396 4918 2883 3495 1950  1725 4084 1783 3131 1527  
4127 10041 3278 7252 3436  2846 7165 2067 5503 2203  2489 5499 2604 4115 1978  1789 3998 1927 3113 1384  
15236 33801 14370 24116 11581  463 2040 1811 2018 1952  110 837 197 1466 80  2 170 2 358 20  
6544 15604 5619 10606 6318  3714 7252 4792 4528 3510  2306 5916 2015 4967 1725  1486 3619 1576 3333 924  
10708 24151 9476 18080 6920  2982 8133 2583 6482 3134  1299 2627 2566 1779 2402  544 1223 1096 1050 719  
10352 23078 9867 16001 8676  3398 6929 4476 5408 2292  1057 3077 1160 2139 1831  533 2060 393 2070 556  
7253 17403 5697 13141 4987  3700 8558 3197 7064 1749  2212 5084 2702 3574 2804  1076 2536 1431 1804 1714  
8132 18663 7537 12471 7807  3870 7605 5042 5110 3169  2115 5982 1639 5885 1184  941 2599 950 2599 669  
11655 27605 9671 20222 8914  3249 6676 4898 5447 2814  579 1647 1034 1337 1474  160 527 220 610 266  
4266 10364 3283 7777 3070  3330 7419 3293 5437 2586  2194 5266 1842 4293 1287  1573 3603 1803 2499 1861  
7273 16839 6447 11926 6044  3972 8433 4626 6002 3439  2220 5294 2311 4568 1449  1047 2948 951 2678 902  
7564 16223 7087 12258 4200  3896 8480 4324 6277 3052  1850 3945 2349 2930 1695  1116 2929 1271 2239 1534  
