# NumberOfHospitals NumberOfScenarios TimeHorizon
5 20 4
# DemandeScenario_0_Hospital_0_Period_0 DemandeScenario_0_Hospital_1_Period_0 ... DemandeScenario_0_Hospital_0_Period_1 DemandeScenario_0_Hospital_1_Period_1 ...
# DemandeScenario_1_Hospital_0_Period_0 DemandeScenario_1_Hospital_1_Period_0 ... DemandeScenario_1_Hospital_0_Period_1 DemandeScenario_1_Hospital_1_Period_1 ...
# ...
# ...
# ...
8959 18417 8968 13615 5030  3893 10241 3691 7543 4487  1679 4662 1683 3946 1778  684 1837 839 1699 589  
14284 33938 11939 24445 11642  1379 2561 3405 3197 1630  139 364 759 526 238  9 23 158 26 96  
14809 31994 13400 24739 7289  818 3903 1582 3056 2132  170 789 1329 304 3658  11 175 62 89 406  
4607 9866 4445 7248 2924  2926 7019 2249 5806 1271  2231 5589 1856 4333 1704  1511 3439 1882 2159 2271  
11507 22494 12228 16298 6256  3190 10038 2930 7363 5497  807 2556 955 2488 1022  232 1237 184 1434 437  
2513 4881 2981 2786 2560  2517 5263 2564 3890 1565  1899 4033 2075 2686 1718  1546 3132 1700 2327 965  
2810 6502 2156 5243 1196  2205 5101 1716 4162 824  2055 4206 2386 2917 1678  1628 3335 1943 2340 1346  
7250 14689 7237 11051 3556  3979 9382 3764 7370 2644  1963 5327 1668 4398 1321  1246 3287 1559 2372 1921  
8101 14684 9435 10006 4674  4496 11956 3723 9478 3944  1820 4993 1856 3985 2227  802 2783 699 2512 1100  
11272 28579 8141 20466 10098  2779 5124 3615 4446 2692  1232 2065 2660 2066 666  432 855 1465 877 137  
2641 5587 2818 3456 2666  2170 4900 2145 3211 2153  1966 4847 1608 3755 1470  1755 3983 1688 3191 1074  
6098 12742 6206 9039 4235  3460 8908 2531 7319 2089  2103 4862 2479 3163 2860  1458 3698 1499 2842 1589  
9323 17859 11025 10753 8464  4424 12309 3245 10907 2741  1250 3655 1321 2928 1633  397 1292 434 1014 547  
7331 14921 7336 11151 3787  4069 9992 3718 7748 3174  1946 4208 2494 3125 1824  1158 3350 1304 2406 2162  
11117 27139 9115 18305 11229  3798 7959 4572 7957 1659  632 1083 1883 978 659  221 524 672 615 69  
6858 13982 7589 8741 6417  4351 10589 3745 8788 2594  1923 5175 1807 3926 2179  1140 2352 1597 1883 803  
7711 16764 7332 12257 5156  3678 9109 3071 7515 2169  2082 4842 2400 3771 1751  1121 2825 1543 2003 1927  
14788 31411 13765 24115 7297  955 4467 2488 3111 5303  66 896 111 853 805  2 89 10 109 76  
7262 15460 6630 12040 3273  4064 9147 4615 6240 4428  2161 5361 2300 4229 2008  1052 2721 1188 2299 939  
12876 25832 14278 16753 10802  2222 7776 1568 6564 2502  478 1799 419 1837 284  193 1070 100 2060 25  
