# NumberOfHospitals NumberOfScenarios TimeHorizon
3 300 2
# DemandeScenario_0_Hospital_0_Period_0 DemandeScenario_0_Hospital_1_Period_0 ... DemandeScenario_0_Hospital_0_Period_1 DemandeScenario_0_Hospital_1_Period_1 ...
# DemandeScenario_1_Hospital_0_Period_0 DemandeScenario_1_Hospital_1_Period_0 ... DemandeScenario_1_Hospital_0_Period_1 DemandeScenario_1_Hospital_1_Period_1 ...
# ...
# ...
# ...
17007 17084 9122  9281 7985 4155  
23856 19134 10785  7616 9203 3961  
34158 28988 14671  1670 7651 2322  
2569 3504 1288  2491 3145 1198  
23749 33459 13473  6838 5843 2240  
19546 35806 12344  13140 4326 4148  
3401 2789 1435  2994 3276 1453  
16804 25803 9429  10022 9350 4782  
26084 25087 14329  7744 10106 2592  
12122 14465 5939  9013 6407 3673  
34446 27188 15187  1351 12089 1933  
10510 14410 5391  9447 8298 4086  
2884 3469 1373  3102 3004 1410  
6167 6099 2655  5181 6216 2629  
15143 15451 6578  9413 10006 4476  
15983 15088 7969  9414 10298 4162  
33846 31891 15107  1272 8082 1673  
29665 31003 14715  4744 7783 1999  
12586 14632 6417  4900 9125 3015  
3456 6981 2365  5076 6082 2674  
13195 14089 6500  7975 6842 3827  
22089 24722 11390  7059 9273 3618  
10277 8355 4638  7343 7161 3291  
6008 7339 3005  4838 4942 2056  
16953 21889 7837  11297 11584 5629  
14366 25302 8880  8886 9293 3771  
16318 17364 8173  8433 10403 4214  
11152 13515 6238  8957 6402 3825  
20037 12854 8087  9066 10639 4594  
24737 25133 10839  6855 8847 3413  
13781 10804 5889  7920 10072 4297  
23984 32999 13674  8369 6183 2415  
2135 3598 1349  2622 2879 1423  
22073 23980 10236  8874 9574 4639  
6309 6159 3194  4708 6240 2546  
8156 9458 4589  7915 7628 3521  
7250 10538 3758  7893 7578 3578  
30211 32953 13686  3404 6936 2416  
13832 22084 8010  8774 10004 4089  
28920 29655 14629  5086 7028 2150  
34662 30104 15475  1139 6383 1580  
30446 27137 13208  3255 9033 2195  
33932 33920 16052  1694 5517 1109  
15040 28379 9928  12849 8971 4884  
6578 7110 3218  5505 3705 2253  
3017 3355 1600  2959 2963 1467  
19890 14364 8861  9204 12399 4566  
2839 3279 1563  3159 2978 1452  
27886 30516 14564  5507 4833 2074  
2969 3654 1478  2555 3251 1422  
9564 8372 4673  7582 6976 3283  
12866 13227 6506  7699 9622 3992  
9843 10237 4556  6605 6830 2875  
3015 3553 1452  3103 2378 1281  
8021 9690 4578  7079 6375 3419  
26860 27410 12596  5078 9725 2991  
5477 5968 2362  5045 5342 2248  
26263 29980 12072  5762 7944 3067  
8450 14430 5340  7763 9507 3731  
20304 19863 9286  7639 9832 4377  
16664 17509 8045  6758 10250 3955  
22841 30006 12180  8033 7780 3356  
3302 3373 1513  2924 2595 1426  
4494 7214 2530  4963 5513 2239  
26477 29350 14253  6539 8453 2445  
3115 2661 1528  3103 2273 1324  
21790 29321 11247  7026 8102 3354  
28952 31789 13783  4531 6523 2106  
27228 33481 14062  6628 5356 2660  
15401 14817 8516  9615 13483 4775  
12203 15579 5608  9952 10460 4682  
21874 29973 12060  9112 7032 3070  
27479 25203 13922  6562 9472 2724  
2799 3649 1554  2870 2536 1411  
16234 17927 7898  8501 9873 4378  
16054 12335 7497  8900 11109 4580  
16518 17703 8032  7261 10009 3546  
20754 18721 9463  7315 10560 4270  
21842 22988 9833  7790 11249 4353  
7773 10501 4540  7282 8186 3464  
8358 14445 5015  5214 9024 3297  
16931 16212 7636  8447 10237 4103  
16643 15030 7991  7711 11774 4051  
14639 18600 7533  9236 9053 4558  
9150 11093 4629  7202 7568 3578  
9744 9812 4372  7416 7051 3344  
34187 24842 14503  1670 13423 2572  
4702 7319 2635  2910 5707 1960  
6039 7343 3018  5395 5714 2515  
9856 13890 4995  8732 9648 4249  
30813 28889 15633  4099 7184 1395  
3297 3082 1605  3009 3194 1476  
22752 36663 13167  8875 3401 3435  
23560 31379 11672  10437 5954 4155  
13356 12731 6481  7300 10158 3907  
2963 3564 1595  2985 2278 1365  
19275 21019 9101  8352 9978 3959  
22186 24958 10657  8037 9956 4172  
23783 19001 10775  7975 10397 3744  
27145 26832 12585  4686 9968 2791  
13184 13319 5998  8739 8443 4097  
12998 14293 6488  5500 9468 3229  
12685 13092 6476  6150 10029 3475  
17193 16195 7984  7881 9195 4248  
2746 3374 1546  2934 2954 1469  
2789 3555 1559  2818 3331 1455  
13754 18481 7155  6778 9666 3473  
17072 19045 9351  8955 11660 4281  
27417 20336 11567  6370 10246 3982  
10219 10005 4840  6365 8267 3190  
22135 22900 12079  10063 7420 3453  
26611 26832 12194  7156 6930 3460  
2746 2729 1486  2970 2352 1379  
17122 18083 7381  8749 11033 4390  
29139 35390 14101  6113 4546 2990  
23248 16214 10181  8476 12405 4521  
25170 30660 11915  8758 6030 3687  
18405 21442 8889  9670 9003 4238  
8415 11035 4310  7377 7596 3663  
2742 3385 1548  3042 3233 1439  
2443 3637 1319  2497 3407 1376  
26068 23183 12643  6260 10264 3325  
2705 3728 1506  2799 2891 1450  
10623 13944 5232  5638 9500 3544  
6854 5097 2892  4876 5152 2598  
27879 32172 13448  5600 6074 2396  
18752 20751 8767  6817 10899 4124  
14916 18113 7989  7265 10308 3804  
2782 3511 1557  3052 3199 1433  
19224 25849 9997  8413 8613 3539  
24945 33780 13566  7110 5495 2348  
5606 7503 2997  4375 5945 2476  
28637 28334 15236  6283 9663 1927  
15223 28506 9811  10719 8822 4488  
29175 26673 14306  5264 9500 2475  
2626 3259 1220  2665 2776 1147  
23247 24434 11044  8259 8822 4082  
28036 22728 13562  6786 11275 2987  
20507 16500 8669  8335 9460 4601  
9048 10864 4809  5937 7714 3302  
18646 23507 10716  8535 11004 3762  
17214 13412 7540  8626 11482 4348  
10193 7140 4247  6763 6375 3434  
23359 14870 9474  7869 11295 4776  
23465 18413 10699  7994 8247 3747  
19817 20163 9804  7972 11192 4043  
3022 3661 1596  2781 2925 1223  
7119 10404 3670  7186 6697 2996  
3412 3328 1603  3081 2239 1311  
16687 13721 7765  8964 7249 3798  
6154 4938 2984  5440 3667 2304  
28127 22854 13591  5546 12071 2989  
12307 13114 6429  8034 9709 4039  
27311 25916 12385  6554 8778 3398  
13754 12731 6217  7641 8561 4082  
16282 15338 8023  8546 11156 4039  
4712 7345 2824  4210 6055 2379  
26762 32889 14330  7531 4441 2450  
16006 25251 8904  10373 9924 4828  
6760 5725 3140  5267 5578 2370  
3084 3158 1354  2833 3295 1489  
19252 19163 8511  9505 8930 4413  
25480 28473 13025  6498 8726 2693  
19583 15873 9215  9251 8889 3925  
2648 3047 1504  2417 2488 1330  
19213 35617 12565  12303 4374 3863  
18485 29202 11239  6818 7798 3263  
13037 13470 6532  8466 8919 3767  
13221 18652 7459  6835 9899 3679  
6453 6734 3260  4024 6186 2226  
26861 29393 15032  7231 4763 1795  
2343 3612 1425  2642 3355 1324  
10408 14306 5316  8193 8988 3768  
25174 31174 14079  5423 7582 2055  
2473 3161 1142  2160 3255 1151  
17253 26050 9969  11969 8360 4374  
17305 15077 8872  9036 10694 4496  
24888 30472 11758  9038 7903 4499  
3267 1904 1314  3006 1946 1241  
25509 28531 13018  8017 6799 3052  
2956 3432 1386  2247 3383 1320  
10462 18139 6496  11062 10106 4867  
5942 5005 2976  4382 4528 2399  
13967 18579 7703  7338 9320 3277  
17076 22266 8821  7736 10095 3987  
8056 10494 4613  6984 8210 3470  
11454 18143 7022  10873 9828 4783  
19770 20834 9299  8183 10597 4410  
23577 22582 10571  8097 8553 4240  
20312 15051 8942  8412 13179 4725  
12455 18576 6940  8810 9794 4565  
10150 8695 4331  5559 7769 2732  
17102 21035 8256  9684 10543 4984  
21844 26473 12352  10363 9660 3562  
10212 7348 4231  7429 7346 3541  
9599 10841 4697  7385 6958 3248  
17171 29059 10214  10157 8322 4090  
33345 30544 14473  1529 6933 1476  
15651 21034 9109  8152 10716 3765  
15975 22424 8958  7524 9729 3533  
21310 33345 12423  11976 5521 3787  
22704 19296 11644  8078 12520 4000  
2783 3604 1394  3004 3209 1424  
5284 4879 2854  4549 4968 2484  
20658 16794 8858  7995 8662 4385  
3184 3563 1624  2676 2977 1200  
18757 18758 9597  8859 11096 4318  
18667 21913 9652  8626 7389 4077  
2345 3690 1345  2639 3409 1396  
3429 2572 1449  3110 2471 1363  
12570 14265 6039  7088 9626 3700  
17191 15699 7703  6966 11504 4048  
10336 9543 4689  7003 4373 2855  
21467 28776 10888  8180 8718 4001  
16868 14533 8721  8778 8309 4197  
32326 32670 16249  3009 5073 904  
19354 24310 9356  10887 7461 4443  
33686 27205 15459  2058 8232 1473  
6347 7110 3038  4628 5967 2312  
16617 17042 8167  8347 10562 4215  
16355 11405 7268  8316 11756 4646  
22321 19418 11607  9643 13454 4272  
2780 3749 1509  3024 3083 1378  
14083 21643 7700  9957 9355 4141  
13797 22006 7917  10744 8856 4131  
33255 34424 16323  2112 5422 798  
15512 18759 7018  7585 10921 4002  
3282 3558 1594  2938 2674 1436  
19983 19749 9041  6784 11541 4103  
18272 23183 10613  6847 10677 3463  
13751 16700 6434  9220 10793 4661  
16716 16765 8159  8837 8610 3696  
13351 13749 6519  5733 9595 3473  
25466 26371 12981  7081 9825 3188  
20505 14879 8620  8797 10336 4602  
19818 24674 9638  9629 9735 4497  
18653 22726 8613  9423 11589 5157  
33603 28037 14116  1924 11377 2840  
12152 13825 6444  7943 9056 4021  
15097 14751 7816  9723 7858 4097  
10961 18243 6480  10549 9897 4989  
5668 7264 2844  5553 4897 2351  
3051 2747 1537  2600 3348 1429  
25652 26974 11748  5220 9696 3106  
6814 6697 3213  4305 6032 2477  
8911 10275 4167  7778 6509 3406  
25072 35610 12972  9343 4415 3623  
3007 3627 1598  2762 3041 1450  
13443 8877 5545  7855 8391 4169  
26745 31131 12616  5015 7906 3077  
30662 22113 13132  4429 12584 3454  
16469 22433 8775  9257 9869 4558  
18205 29457 10851  9409 7883 3506  
26638 30428 14354  6662 7412 2388  
16790 15219 7291  8415 11259 4433  
18506 21808 9663  9407 8017 4205  
16412 16918 7546  8615 10534 4358  
19590 21122 9316  8671 8689 3730  
32232 34397 14986  3412 4999 2021  
5576 7503 3025  3747 5968 2227  
23388 24429 11241  7222 10031 3864  
4807 6117 2186  5599 5972 2674  
33422 33995 15505  2242 5475 1606  
21736 22747 11985  10868 11019 3893  
31221 29422 15758  4071 5239 1167  
18585 26250 10277  10310 8803 4077  
29838 30835 13892  4617 7206 2374  
25947 26058 11615  7356 9880 4102  
8564 11174 4450  6090 7809 2989  
6624 7008 3249  5270 5529 2384  
25145 23889 13382  8894 10628 3223  
24610 23194 13188  9410 9656 3217  
3243 3350 1629  3124 2963 1445  
19086 18859 10364  9186 12839 4400  
3221 3554 1626  2802 3373 1420  
2144 3636 1282  2955 3267 1406  
13801 10868 5932  8348 9193 4231  
3229 3576 1561  2724 2803 1178  
19438 32745 12049  11305 6192 3333  
20685 25406 11145  8788 9609 3624  
9875 14370 5208  8542 9456 4090  
3306 3454 1631  2422 3283 1222  
25080 33026 13957  9241 5314 2605  
5436 6976 3090  5282 5175 2624  
2779 3280 1276  2258 3238 1167  
24021 21740 10672  7816 7281 3663  
16133 17826 7764  9454 8938 4393  
2642 3021 1501  3175 2861 1457  
11836 17952 7201  9523 10378 4262  
23198 26773 10125  10737 9926 5650  
19575 17033 9425  8113 12221 4364  
16967 15472 7462  7796 11525 4315  
19526 21419 9736  9098 8572 3731  
2715 2902 1503  3150 3087 1468  
10847 13751 6176  6499 9744 3546  
11470 14953 6006  7135 9014 3423  
15728 16883 7215  7599 10863 4129  
10178 8895 4761  7184 6540 3396  
11790 9858 5914  9005 8996 4195  
2362 3583 1437  2607 3387 1334  
