# NumberOfHospitals NumberOfScenarios TimeHorizon
5 300 2
# DemandeScenario_0_Hospital_0_Period_0 DemandeScenario_0_Hospital_1_Period_0 ... DemandeScenario_0_Hospital_0_Period_1 DemandeScenario_0_Hospital_1_Period_1 ...
# DemandeScenario_1_Hospital_0_Period_0 DemandeScenario_1_Hospital_1_Period_0 ... DemandeScenario_1_Hospital_0_Period_1 DemandeScenario_1_Hospital_1_Period_1 ...
# ...
# ...
# ...
10511 12764 53708 14193 18385  4161 5841 21657 7631 10125  
14910 14363 82328 20469 20607  2689 6645 12517 5431 10451  
1608 1957 8271 1768 2469  1306 1778 6405 1250 2149  
3147 3333 16476 5469 5829  2630 2453 14856 3735 3608  
6068 9054 27454 8732 13738  4533 5182 24400 7283 8351  
5068 6679 24706 7568 10318  3572 3908 19714 4242 5062  
15733 14620 88126 18939 18622  2145 7328 7466 6204 12705  
14870 14407 81348 22591 22594  2408 5584 11941 4806 9435  
4301 6500 19005 6927 10521  3491 3922 18307 6199 6833  
3497 3878 18507 4831 5641  2659 3721 12950 3493 5312  
16809 16718 92035 22927 23907  1168 5648 4762 4487 10208  
8469 10266 43494 10307 13804  4599 5113 25603 7836 8475  
17575 21461 89258 25040 32070  375 1153 6710 3020 3219  
3050 2548 17471 4009 3467  2923 3630 15009 4306 5501  
4812 6303 23200 7954 10423  3355 4928 15833 4733 7316  
11260 15965 52887 15769 23778  4603 4351 28908 7099 6818  
16478 22581 78603 24280 34633  1478 352 16455 2860 927  
13237 16955 63264 24101 30078  3819 5354 23466 2956 4952  
2951 2320 17123 3864 3119  2777 3196 14739 3446 4240  
11326 11478 61999 13332 14603  4162 5271 22601 9367 10140  
3318 4401 16331 4134 6080  2570 3322 12629 4544 5736  
10018 14827 44605 16776 24584  4955 5651 28289 6033 7278  
15564 15297 83486 26723 26722  2133 5785 11880 1295 6988  
8684 9737 45379 13235 15260  3292 3361 18021 6853 6878  
15050 19981 72864 22857 31220  2335 2325 17664 2620 2820  
3072 4455 14078 4737 7029  2621 3429 12850 4325 5630  
1643 1638 8892 2612 2668  1490 1501 8114 2337 2413  
15579 16575 83198 22743 25123  1819 4158 10268 4727 7859  
14025 15887 73647 19019 22834  3097 5056 17409 6726 9175  
9901 10664 50443 18940 20191  5160 6179 29849 5901 7998  
12043 12655 64509 17801 19371  3898 5450 21414 6584 8669  
6331 5668 35701 8329 7774  4236 5914 21250 5113 7823  
2876 3413 14167 5422 6280  2421 3407 11292 4128 5702  
16487 20488 83795 19066 26802  1452 2018 11548 6473 6274  
12375 10857 69087 19693 17860  3590 5428 18529 6042 8901  
8025 8664 41833 13719 14916  4643 5491 25418 6787 8271  
11981 18107 53802 16926 27209  4160 3264 27077 8645 6429  
15806 14307 87713 24803 23177  1675 5268 7331 3030 8346  
1552 1323 8828 2174 1922  1408 1335 7713 2372 2292  
2714 4278 11599 4394 6939  2903 3617 14811 4228 5471  
16911 21039 84159 26834 33889  980 1753 10284 1160 1795  
1634 1822 8464 2748 3084  1595 1946 8224 2256 2882  
4963 5736 26009 5733 7395  3825 4649 19982 5749 7142  
11323 11568 61856 13239 14662  3858 6867 17793 5109 9823  
13959 16810 70956 21040 26122  2790 2846 19118 4439 4185  
3256 3032 18141 4506 4373  2863 3561 14632 4408 5579  
7715 11322 35638 9936 16139  5047 5169 28966 8037 8317  
1595 1595 8569 2667 2714  1476 2054 7047 2285 3240  
1736 1905 9255 2374 2745  1433 1977 6995 1679 2650  
16999 22505 83151 23570 33182  979 304 13377 3727 1686  
11623 11803 63494 14594 15805  3977 7188 18714 5888 10742  
3037 2502 17348 4503 3839  2867 3350 15142 3826 4709  
13449 10813 77607 17519 14505  3480 6477 15894 6664 9516  
6420 7122 33114 11023 12271  4459 5346 23935 6413 7953  
6662 7003 36053 8163 9251  4431 5537 23168 7044 8749  
7382 8078 37697 13665 14831  4886 5686 26833 6897 8416  
13440 16026 66416 24592 28794  3792 6165 22695 2700 6032  
13189 12504 70832 23857 23032  4192 8074 22793 3348 9134  
6463 6059 34022 13006 12373  4705 6328 23518 7331 10184  
10517 11934 55211 14257 17146  4107 5276 22196 8115 9614  
13891 20386 63495 20238 31123  3082 2164 21702 3954 3245  
12835 18030 60209 19227 27947  3755 3136 25533 6964 5449  
16410 19508 82641 27499 32782  1185 3139 7969 454 2919  
1650 2244 7913 2466 3472  1452 1935 7025 2372 3162  
5157 5634 27514 6688 7807  3394 5054 16140 4419 7234  
6384 5972 35096 10175 9794  4422 5675 23250 5513 7576  
1630 2161 8047 1945 2911  1531 1519 8447 2212 2268  
13797 14749 73976 18495 20916  3058 4434 17382 6065 7272  
4965 6635 23934 7644 10458  3768 4150 20720 4954 5785  
3418 4482 16812 4793 6650  2385 2735 12185 4532 5052  
15611 19301 79244 20473 27312  2078 2695 15168 6491 6382  
13951 17576 70516 14378 21552  3232 3034 21228 8132 6521  
1661 1634 9158 2234 2304  1467 1403 8113 2262 2218  
16965 17484 92074 22426 24442  848 3350 4772 5013 7172  
13305 12202 72384 23520 22114  3961 8582 19625 3963 11158  
15036 20815 72408 15737 26356  2800 2100 20368 10181 8720  
3444 3702 18462 4582 5220  2714 3749 13312 3668 5433  
13149 16534 64758 21617 27299  2968 4852 15531 3953 6570  
8317 11099 40727 10534 15501  4076 5863 19762 6584 9611  
14411 18839 71521 16202 24481  3173 3338 21048 8819 8407  
3099 3821 15241 5459 6641  2868 3349 15077 4301 5162  
15881 16629 83549 27266 28830  1731 3698 12353 643 3513  
5963 5602 32244 10551 10123  4661 6230 23889 6593 9190  
10157 10372 54773 15373 16192  4265 7222 20399 6927 11497  
5134 5458 27327 7857 8588  3627 5156 17795 5025 7548  
11285 13662 56229 19215 23199  3798 5983 19155 5406 8647  
1645 1939 8587 1890 2496  1562 2028 7802 2189 3003  
12083 13453 64005 15612 18635  3767 5272 20427 8557 10316  
11715 17451 52346 18736 28133  4940 4000 33435 6735 5369  
11998 16145 58702 12109 19923  4265 4587 24769 7617 8515  
15269 20079 74537 22574 30826  2126 2576 14669 3637 4177  
14221 16058 71197 27131 30077  3082 5316 18949 910 4926  
3263 4016 16203 5455 6722  2798 3596 14287 3554 4975  
5076 5893 26536 6149 7847  3743 4876 19002 5522 7434  
13600 19307 64486 14943 25201  3225 3066 19452 6468 7354  
3004 2413 17300 4243 3523  2674 2634 14814 3690 3733  
13791 21322 59619 22637 34878  4052 1588 33100 4569 827  
9069 7349 52107 12524 10485  4664 5694 24641 7812 9031  
16372 15492 90918 22026 21810  1275 3888 5366 3818 5709  
11677 13226 61627 13768 17218  4239 5499 23348 7935 9349  
15088 22619 68020 21722 34328  2764 335 24740 5732 1386  
4154 4413 21217 8066 8483  3861 4472 20478 5815 6942  
6388 8825 30746 7677 12018  4062 5601 19924 6016 8721  
10112 11108 53918 12352 14748  4547 6062 24036 8977 10946  
7861 6852 44474 10868 9831  4769 6026 25023 7404 9201  
15878 18694 79780 27573 32307  1648 2696 13223 480 2445  
13667 15715 70334 21724 25423  3191 4094 20188 4367 5587  
1639 2267 7823 2371 3437  1332 1957 6066 2166 3181  
10967 10657 59174 18566 18402  4653 7456 23898 6419 10821  
3206 4267 15366 5234 6991  2713 3101 14207 4475 5136  
3249 4111 15947 5400 6836  2334 2743 11763 4378 5011  
6376 7491 32114 11032 12907  4055 6126 19447 5483 8807  
6794 8675 33528 10479 13694  4196 4284 24045 5507 5877  
14085 16174 73262 20467 24462  2448 3658 14236 5930 7362  
10336 12420 52399 16096 19757  3927 6267 19359 5281 8968  
5263 6462 26703 7472 9631  3349 3059 19125 5420 5008  
17441 19679 90970 26338 30631  561 3263 4900 1192 4727  
10236 13935 47566 18174 24134  4606 5524 25715 6561 7824  
10570 14655 49064 17896 24552  4787 5618 28102 5242 6779  
5198 6166 26892 6685 8575  3568 4459 18215 6218 7613  
7014 6280 38092 12985 11949  4704 4820 26762 5906 6402  
1758 2023 9175 2514 3022  1554 1666 8396 2221 2471  
15731 18410 80898 23762 28655  1533 2284 11135 3698 4380  
7522 6073 43316 10116 8426  4640 5379 24692 7756 8686  
1478 2069 6815 2540 3497  1585 1958 8144 2058 2749  
15945 14914 87580 25493 24532  1789 6789 7676 2532 10129  
5017 6608 24383 7710 10405  3370 4791 16384 4168 6633  
1464 1687 7332 2728 3091  1332 1211 7330 2340 2189  
10385 14558 47792 17755 24526  4635 5821 25637 5777 7577  
3499 3898 18493 4823 5661  2347 3392 11274 2390 4257  
6369 5838 35259 9958 9416  4480 5598 23641 6158 7977  
8583 10130 43786 13510 16248  3802 5514 18516 6748 9370  
15231 19004 77186 18713 25821  2202 2110 16239 5820 4482  
5093 5574 27191 6361 7516  3554 5100 17078 5712 8228  
14340 12822 80673 19637 18265  3037 7007 13756 7088 12269  
5922 8315 27227 10131 14013  4148 4631 22222 7037 7780  
11431 10804 59807 23352 22336  4791 7724 25253 4110 9785  
8308 11344 39997 11310 16577  4346 5723 22257 7073 9319  
5255 6384 26679 7746 9765  2975 4481 13514 5244 7621  
5269 5968 27574 7662 9026  3542 3652 19593 5439 5691  
14649 15647 78925 16823 19757  2757 4655 14771 7106 8542  
4838 4492 27042 6358 6182  3561 3845 19115 6053 6486  
15017 14656 82595 20723 21143  2479 5951 11989 6340 10871  
1416 1641 7041 2707 3062  1547 1567 8480 2265 2376  
3034 2479 17413 4221 3565  2583 2842 13517 4609 5042  
11427 13163 58248 19307 22313  4053 4724 23885 5808 7001  
12033 11766 64236 21422 21253  4536 7252 24771 4906 9214  
13395 15696 68137 21934 25942  3148 4937 17705 4747 7379  
11706 15051 58496 14297 20471  3619 4816 19324 4808 7260  
12551 16426 62281 13546 20867  3908 4770 21984 7382 9097  
14185 19041 67386 23504 31502  3363 3185 25121 3435 3190  
12232 11746 65946 21228 20778  4302 7304 22606 5257 10023  
4721 6272 22541 7905 10452  3699 4873 18611 5391 7346  
6287 5844 33012 12907 12193  5205 7492 25788 7344 11146  
1528 1270 8713 2249 1937  1608 1980 8241 2290 2946  
6504 8088 32120 10882 13531  3595 4156 18722 6635 7491  
4490 4875 23067 8212 8874  3713 4134 19925 5739 6552  
14151 20147 63962 25069 34700  3720 2451 30533 2850 941  
17538 19511 92334 25325 29347  451 3425 3578 2085 6183  
5842 4519 34000 7515 5946  4652 5834 24070 7269 9053  
8689 6545 50742 11488 8848  5324 7856 26345 9079 12667  
1703 1925 9009 2122 2602  1549 1672 8365 2099 2377  
15490 19820 77320 20600 28393  2206 2587 16225 6216 6062  
7845 11383 36426 10467 16524  4965 5395 27861 7841 8623  
11430 12026 61877 13350 15322  4427 7380 21661 8726 13043  
9163 10639 45977 16502 18945  5131 6199 29091 6349 8254  
8099 7483 44948 12041 11519  4763 7379 23359 6570 10634  
12183 13619 63770 18427 21222  3527 6147 17487 6082 10031  
3081 3978 14839 5365 6827  2264 2175 12206 4276 4155  
3490 4055 18208 4623 5739  2689 3494 13363 4449 5759  
8749 9964 45888 11722 14202  4492 5510 24234 7508 8978  
6462 8086 31793 10865 13569  3846 4671 19870 6702 7991  
7756 8395 40124 13735 14879  4995 6698 26344 6558 9356  
3312 4440 15966 5065 6966  2814 3390 14535 4361 5349  
1465 1918 6964 2654 3379  1367 1538 6999 2480 2762  
11750 15667 56907 17474 24151  4121 4874 24032 6800 7812  
4741 6838 22081 6402 9989  3320 4747 15652 5091 7470  
6762 8936 33227 8915 12768  4237 5496 21759 6332 8482  
7726 11219 35439 11702 17512  4406 5227 23314 7709 8840  
5201 5879 27408 6770 8200  3582 4925 17602 5824 7994  
14492 13385 81049 19054 18423  3033 7383 13563 7564 13303  
13785 17825 68215 19317 26418  3261 3326 21927 6455 6025  
9177 12215 43484 15825 20774  4803 6169 25849 6693 8807  
14086 17036 71892 19818 25230  2760 4366 15720 3958 6449  
14040 16793 72196 18953 24156  2899 4866 15829 5460 8413  
5276 6069 27544 7260 8822  3401 4850 16319 5617 7949  
3501 4331 17687 5000 6486  2646 2787 14275 4432 4692  
3034 4160 14183 5162 6994  2854 3019 15550 4285 4663  
5011 4890 27515 7147 7258  3229 3960 16293 6136 7273  
12912 17710 62340 15743 24291  3976 3964 25108 8601 8275  
3260 3610 17388 3709 4558  2724 3578 13674 3453 4976  
3472 3741 18512 5026 5632  2639 2684 14414 4242 4374  
13472 16862 66820 21451 27223  3352 4745 19912 4694 6631  
15737 17248 83416 22245 25514  1804 3290 11476 3976 5220  
16547 19238 84224 27518 32194  1256 3048 10434 557 3133  
3360 4514 16281 4826 6807  2471 3389 11777 4224 5688  
6688 7033 35526 10710 11494  4367 5840 22634 5590 8025  
4421 3500 25632 5616 4560  3836 4564 20197 5206 6415  
15839 18499 82175 21647 26795  1867 3584 12169 5493 7377  
1514 1908 7369 2705 3341  1432 2059 6697 2137 3173  
15802 17638 83128 22662 26398  1602 2406 11200 3437 3682  
9837 9618 53501 15475 15549  4647 6387 24537 7033 9691  
12975 13389 67402 24330 25110  3368 5439 18331 3197 7312  
1615 2209 7836 1976 3033  1546 1975 7709 2404 3129  
6985 7639 37028 10041 11443  3430 3734 18253 6887 7270  
11962 12963 63059 18676 20731  3748 4740 21425 6093 7506  
12732 18184 59333 18419 27615  3755 3766 23359 5586 5855  
8590 13219 37653 13260 20875  5268 5727 29970 7041 8096  
2725 4299 11661 4369 6934  2596 3667 12269 3820 5598  
1637 1783 8557 2735 3008  1429 1660 7313 2489 2873  
9829 10053 53655 11835 13041  4728 6292 24871 8300 10320  
4694 4084 26419 7047 6349  3666 4120 19813 4664 5499  
11190 15965 52332 15699 23815  4332 4686 25487 6050 7022  
4444 6758 19849 6436 10292  3738 4625 19442 4686 6395  
3430 4055 17789 4288 5531  2687 3569 13423 3421 4991  
15744 18823 80315 23607 29140  1938 3628 12941 3459 5635  
10281 14463 49066 10448 18117  5247 5584 30241 11267 11448  
12570 17467 58836 20125 28222  3732 4118 22573 5708 5946  
17646 20853 90905 24999 30998  292 1512 5361 3067 3940  
7464 11144 33531 11387 17477  4517 5463 24340 5000 7041  
4417 5787 20936 7963 10163  3892 4296 21173 5742 6535  
8585 9857 45019 10791 13439  4392 6395 21748 7600 10742  
9955 10232 54213 12313 13565  4413 6341 22544 6193 9031  
11966 13427 60643 21941 24368  4002 5125 23394 4726 6978  
6850 8945 33696 9774 13418  4298 5380 22613 6212 8069  
2954 2342 17131 3816 3103  2754 3245 14506 3314 4229  
16212 15540 88577 25640 25271  1734 7219 7703 2116 9858  
13672 16801 68547 21434 26841  3130 3275 21257 4584 4650  
13572 10927 77928 19312 16083  3611 7847 16139 5562 10636  
3306 4163 16722 3881 5508  2667 2509 15053 3888 3736  
1585 1630 8424 2706 2816  1502 1698 7830 2473 2822  
13665 14290 73128 20715 22330  3089 4541 17799 4984 6769  
1667 1678 9141 2171 2311  1594 1875 8315 2267 2782  
15535 16609 82620 23288 25716  2035 5358 10728 3999 8758  
6051 8928 27421 9249 14013  4102 5549 20399 5406 7943  
1456 1144 8483 1820 1460  1411 1288 7834 2321 2166  
15002 20376 72483 20238 29598  2662 1957 21124 6336 4535  
13541 12471 72327 26133 24567  4291 9421 22992 1887 9845  
1690 2251 8255 2398 3366  1530 2014 7545 2282 3103  
10543 16742 44443 17636 27661  5277 4789 32327 7396 6382  
12249 13937 64263 16416 19864  3921 5292 21922 7212 8896  
8871 11398 42401 16063 20129  5034 6843 26756 6168 9031  
14958 21498 68202 24585 35277  2718 1162 24009 3451 437  
1652 1591 9135 2360 2359  1561 1941 7995 1997 2692  
13893 17029 70799 18173 24036  2979 3172 19561 7226 6540  
9820 13654 46791 13337 19949  4571 5466 25188 6923 8557  
3476 4181 17881 4536 5879  2635 3114 13904 3076 4041  
10388 11082 55663 14355 16084  4426 6426 22870 7707 10622  
9767 12451 47745 16134 20610  4094 5824 20744 6361 8951  
8462 10588 42034 13360 16993  4283 5753 22631 4860 7413  
1652 2239 7950 2483 3472  1586 1959 8106 2212 2881  
6632 6615 36406 8496 8981  4308 6110 21427 5952 8874  
1556 2217 7226 2431 3522  1606 1879 8417 2260 2772  
10708 16633 45800 18215 27779  5690 4674 37607 7266 5827  
3192 3006 17506 5119 4955  2780 3163 14659 4376 5059  
13025 12084 72506 18372 17725  3703 7360 17573 7536 12781  
6144 8607 29384 6868 11303  4034 5434 20014 5202 7887  
14048 16183 73318 19036 23272  2771 5093 14545 6533 9834  
1538 1762 7783 2752 3127  1495 1502 8137 2359 2430  
14228 18880 70075 15786 24427  3060 3576 18953 9569 9983  
12307 18206 56285 16795 26803  4432 3278 30585 7268 5587  
13617 13836 73947 19274 20426  3216 6558 15686 6765 11605  
14673 14563 80733 17965 19044  2936 6920 13618 8055 13221  
8324 8363 44954 12991 13410  3911 3671 22830 4820 4488  
12847 15041 64841 22073 25792  3993 5401 24693 3984 6164  
5165 6649 25693 7008 9649  3633 4459 19056 4695 6229  
1602 1458 8954 2370 2232  1361 1132 7845 1813 1542  
9929 10531 50903 18929 19939  5435 7955 29253 6053 10152  
7884 7664 42597 13229 13128  4937 7085 25231 6654 10070  
15062 14826 82255 22270 22698  2226 5685 10662 5152 10254  
6143 9090 28019 8678 13640  3902 4491 20382 7459 8192  
12127 14422 62662 15574 20042  3987 5058 22703 7119 8433  
11592 17840 51043 17270 27621  4900 3694 32799 8273 6063  
13655 14581 70712 24634 26297  3439 5809 19964 3031 7079  
15841 18283 82168 23171 27791  1846 4137 11320 3659 6753  
5828 6952 28674 10872 12681  4330 4725 23668 6681 7492  
3053 2567 17477 3967 3454  2806 3018 15132 4075 4494  
15216 22657 68946 21849 34327  2569 280 23841 4103 1090  
7996 8213 42450 13523 14084  4051 6492 18818 6647 10517  
5073 5130 27488 7560 7907  3708 4443 19683 4863 6153  
11505 14426 58235 13274 18878  4456 5479 25106 9396 10570  
1612 1474 9009 2323 2205  1551 2022 7782 1992 2827  
1685 2144 8476 2088 2938  1539 1976 7655 2404 3140  
3350 3859 17585 3980 5062  2802 3209 14739 4590 5265  
13533 15071 68839 24701 27280  3736 6678 21414 2872 7330  
13700 15392 69609 24754 27598  3367 4803 21256 2853 5537  
4905 6771 23302 7265 10421  3757 4685 19508 5172 6826  
1584 1793 8109 2759 3116  1506 2087 7265 2153 3130  
5268 6374 26841 7668 9662  3720 4232 20047 5492 6411  
15480 20082 76421 21893 29946  2139 2340 16149 3872 4057  
4692 4804 24841 8134 8421  3386 4750 16247 5674 7871  
2848 3051 14566 5415 5754  2804 2834 15555 3920 4133  
16903 20301 85300 27211 33086  936 2101 9565 864 2296  
5189 5634 27706 6931 7977  3376 3567 18233 6050 6311  
4724 4348 26034 7623 7222  3748 4225 20112 5546 6410  
3365 4187 16732 5379 6780  2566 3700 12140 3761 5634  
14905 17540 75507 24740 29287  2473 4043 16024 2952 5236  
13419 16362 68763 15995 21734  3577 4879 20695 8828 10215  
7958 10445 38254 13263 17367  4070 6084 19519 5723 8896  
3507 4302 17828 4890 6335  2796 3207 14915 3753 4552  
