# NumberOfHospitals NumberOfScenarios TimeHorizon
5 200 2
# DemandeScenario_0_Hospital_0_Period_0 DemandeScenario_0_Hospital_1_Period_0 ... DemandeScenario_0_Hospital_0_Period_1 DemandeScenario_0_Hospital_1_Period_1 ...
# DemandeScenario_1_Hospital_0_Period_0 DemandeScenario_1_Hospital_1_Period_0 ... DemandeScenario_1_Hospital_0_Period_1 DemandeScenario_1_Hospital_1_Period_1 ...
# ...
# ...
# ...
10511 12764 53708 14193 18385  4161 5841 21657 7631 10125  
14910 14363 82328 20469 20607  2689 6645 12517 5431 10451  
1608 1957 8271 1768 2469  1306 1778 6405 1250 2149  
3147 3333 16476 5469 5829  2630 2453 14856 3735 3608  
6068 9054 27454 8732 13738  4533 5182 24400 7283 8351  
5068 6679 24706 7568 10318  3572 3908 19714 4242 5062  
15733 14620 88126 18939 18622  2145 7328 7466 6204 12705  
14870 14407 81348 22591 22594  2408 5584 11941 4806 9435  
4301 6500 19005 6927 10521  3491 3922 18307 6199 6833  
3497 3878 18507 4831 5641  2659 3721 12950 3493 5312  
16809 16718 92035 22927 23907  1168 5648 4762 4487 10208  
8469 10266 43494 10307 13804  4599 5113 25603 7836 8475  
17575 21461 89258 25040 32070  375 1153 6710 3020 3219  
3050 2548 17471 4009 3467  2923 3630 15009 4306 5501  
4812 6303 23200 7954 10423  3355 4928 15833 4733 7316  
11260 15965 52887 15769 23778  4603 4351 28908 7099 6818  
16478 22581 78603 24280 34633  1478 352 16455 2860 927  
13237 16955 63264 24101 30078  3819 5354 23466 2956 4952  
2951 2320 17123 3864 3119  2777 3196 14739 3446 4240  
11326 11478 61999 13332 14603  4162 5271 22601 9367 10140  
3318 4401 16331 4134 6080  2570 3322 12629 4544 5736  
10018 14827 44605 16776 24584  4955 5651 28289 6033 7278  
15564 15297 83486 26723 26722  2133 5785 11880 1295 6988  
8684 9737 45379 13235 15260  3292 3361 18021 6853 6878  
15050 19981 72864 22857 31220  2335 2325 17664 2620 2820  
3072 4455 14078 4737 7029  2621 3429 12850 4325 5630  
1643 1638 8892 2612 2668  1490 1501 8114 2337 2413  
15579 16575 83198 22743 25123  1819 4158 10268 4727 7859  
14025 15887 73647 19019 22834  3097 5056 17409 6726 9175  
9901 10664 50443 18940 20191  5160 6179 29849 5901 7998  
12043 12655 64509 17801 19371  3898 5450 21414 6584 8669  
6331 5668 35701 8329 7774  4236 5914 21250 5113 7823  
2876 3413 14167 5422 6280  2421 3407 11292 4128 5702  
16487 20488 83795 19066 26802  1452 2018 11548 6473 6274  
12375 10857 69087 19693 17860  3590 5428 18529 6042 8901  
8025 8664 41833 13719 14916  4643 5491 25418 6787 8271  
11981 18107 53802 16926 27209  4160 3264 27077 8645 6429  
15806 14307 87713 24803 23177  1675 5268 7331 3030 8346  
1552 1323 8828 2174 1922  1408 1335 7713 2372 2292  
2714 4278 11599 4394 6939  2903 3617 14811 4228 5471  
16911 21039 84159 26834 33889  980 1753 10284 1160 1795  
1634 1822 8464 2748 3084  1595 1946 8224 2256 2882  
4963 5736 26009 5733 7395  3825 4649 19982 5749 7142  
11323 11568 61856 13239 14662  3858 6867 17793 5109 9823  
13959 16810 70956 21040 26122  2790 2846 19118 4439 4185  
3256 3032 18141 4506 4373  2863 3561 14632 4408 5579  
7715 11322 35638 9936 16139  5047 5169 28966 8037 8317  
1595 1595 8569 2667 2714  1476 2054 7047 2285 3240  
1736 1905 9255 2374 2745  1433 1977 6995 1679 2650  
16999 22505 83151 23570 33182  979 304 13377 3727 1686  
11623 11803 63494 14594 15805  3977 7188 18714 5888 10742  
3037 2502 17348 4503 3839  2867 3350 15142 3826 4709  
13449 10813 77607 17519 14505  3480 6477 15894 6664 9516  
6420 7122 33114 11023 12271  4459 5346 23935 6413 7953  
6662 7003 36053 8163 9251  4431 5537 23168 7044 8749  
7382 8078 37697 13665 14831  4886 5686 26833 6897 8416  
13440 16026 66416 24592 28794  3792 6165 22695 2700 6032  
13189 12504 70832 23857 23032  4192 8074 22793 3348 9134  
6463 6059 34022 13006 12373  4705 6328 23518 7331 10184  
10517 11934 55211 14257 17146  4107 5276 22196 8115 9614  
13891 20386 63495 20238 31123  3082 2164 21702 3954 3245  
12835 18030 60209 19227 27947  3755 3136 25533 6964 5449  
16410 19508 82641 27499 32782  1185 3139 7969 454 2919  
1650 2244 7913 2466 3472  1452 1935 7025 2372 3162  
5157 5634 27514 6688 7807  3394 5054 16140 4419 7234  
6384 5972 35096 10175 9794  4422 5675 23250 5513 7576  
1630 2161 8047 1945 2911  1531 1519 8447 2212 2268  
13797 14749 73976 18495 20916  3058 4434 17382 6065 7272  
4965 6635 23934 7644 10458  3768 4150 20720 4954 5785  
3418 4482 16812 4793 6650  2385 2735 12185 4532 5052  
15611 19301 79244 20473 27312  2078 2695 15168 6491 6382  
13951 17576 70516 14378 21552  3232 3034 21228 8132 6521  
1661 1634 9158 2234 2304  1467 1403 8113 2262 2218  
16965 17484 92074 22426 24442  848 3350 4772 5013 7172  
13305 12202 72384 23520 22114  3961 8582 19625 3963 11158  
15036 20815 72408 15737 26356  2800 2100 20368 10181 8720  
3444 3702 18462 4582 5220  2714 3749 13312 3668 5433  
13149 16534 64758 21617 27299  2968 4852 15531 3953 6570  
8317 11099 40727 10534 15501  4076 5863 19762 6584 9611  
14411 18839 71521 16202 24481  3173 3338 21048 8819 8407  
3099 3821 15241 5459 6641  2868 3349 15077 4301 5162  
15881 16629 83549 27266 28830  1731 3698 12353 643 3513  
5963 5602 32244 10551 10123  4661 6230 23889 6593 9190  
10157 10372 54773 15373 16192  4265 7222 20399 6927 11497  
5134 5458 27327 7857 8588  3627 5156 17795 5025 7548  
11285 13662 56229 19215 23199  3798 5983 19155 5406 8647  
1645 1939 8587 1890 2496  1562 2028 7802 2189 3003  
12083 13453 64005 15612 18635  3767 5272 20427 8557 10316  
11715 17451 52346 18736 28133  4940 4000 33435 6735 5369  
11998 16145 58702 12109 19923  4265 4587 24769 7617 8515  
15269 20079 74537 22574 30826  2126 2576 14669 3637 4177  
14221 16058 71197 27131 30077  3082 5316 18949 910 4926  
3263 4016 16203 5455 6722  2798 3596 14287 3554 4975  
5076 5893 26536 6149 7847  3743 4876 19002 5522 7434  
13600 19307 64486 14943 25201  3225 3066 19452 6468 7354  
3004 2413 17300 4243 3523  2674 2634 14814 3690 3733  
13791 21322 59619 22637 34878  4052 1588 33100 4569 827  
9069 7349 52107 12524 10485  4664 5694 24641 7812 9031  
16372 15492 90918 22026 21810  1275 3888 5366 3818 5709  
11677 13226 61627 13768 17218  4239 5499 23348 7935 9349  
15088 22619 68020 21722 34328  2764 335 24740 5732 1386  
4154 4413 21217 8066 8483  3861 4472 20478 5815 6942  
6388 8825 30746 7677 12018  4062 5601 19924 6016 8721  
10112 11108 53918 12352 14748  4547 6062 24036 8977 10946  
7861 6852 44474 10868 9831  4769 6026 25023 7404 9201  
15878 18694 79780 27573 32307  1648 2696 13223 480 2445  
13667 15715 70334 21724 25423  3191 4094 20188 4367 5587  
1639 2267 7823 2371 3437  1332 1957 6066 2166 3181  
10967 10657 59174 18566 18402  4653 7456 23898 6419 10821  
3206 4267 15366 5234 6991  2713 3101 14207 4475 5136  
3249 4111 15947 5400 6836  2334 2743 11763 4378 5011  
6376 7491 32114 11032 12907  4055 6126 19447 5483 8807  
6794 8675 33528 10479 13694  4196 4284 24045 5507 5877  
14085 16174 73262 20467 24462  2448 3658 14236 5930 7362  
10336 12420 52399 16096 19757  3927 6267 19359 5281 8968  
5263 6462 26703 7472 9631  3349 3059 19125 5420 5008  
17441 19679 90970 26338 30631  561 3263 4900 1192 4727  
10236 13935 47566 18174 24134  4606 5524 25715 6561 7824  
10570 14655 49064 17896 24552  4787 5618 28102 5242 6779  
5198 6166 26892 6685 8575  3568 4459 18215 6218 7613  
7014 6280 38092 12985 11949  4704 4820 26762 5906 6402  
1758 2023 9175 2514 3022  1554 1666 8396 2221 2471  
15731 18410 80898 23762 28655  1533 2284 11135 3698 4380  
7522 6073 43316 10116 8426  4640 5379 24692 7756 8686  
1478 2069 6815 2540 3497  1585 1958 8144 2058 2749  
15945 14914 87580 25493 24532  1789 6789 7676 2532 10129  
5017 6608 24383 7710 10405  3370 4791 16384 4168 6633  
1464 1687 7332 2728 3091  1332 1211 7330 2340 2189  
10385 14558 47792 17755 24526  4635 5821 25637 5777 7577  
3499 3898 18493 4823 5661  2347 3392 11274 2390 4257  
6369 5838 35259 9958 9416  4480 5598 23641 6158 7977  
8583 10130 43786 13510 16248  3802 5514 18516 6748 9370  
15231 19004 77186 18713 25821  2202 2110 16239 5820 4482  
5093 5574 27191 6361 7516  3554 5100 17078 5712 8228  
14340 12822 80673 19637 18265  3037 7007 13756 7088 12269  
5922 8315 27227 10131 14013  4148 4631 22222 7037 7780  
11431 10804 59807 23352 22336  4791 7724 25253 4110 9785  
8308 11344 39997 11310 16577  4346 5723 22257 7073 9319  
5255 6384 26679 7746 9765  2975 4481 13514 5244 7621  
5269 5968 27574 7662 9026  3542 3652 19593 5439 5691  
14649 15647 78925 16823 19757  2757 4655 14771 7106 8542  
4838 4492 27042 6358 6182  3561 3845 19115 6053 6486  
15017 14656 82595 20723 21143  2479 5951 11989 6340 10871  
1416 1641 7041 2707 3062  1547 1567 8480 2265 2376  
3034 2479 17413 4221 3565  2583 2842 13517 4609 5042  
11427 13163 58248 19307 22313  4053 4724 23885 5808 7001  
12033 11766 64236 21422 21253  4536 7252 24771 4906 9214  
13395 15696 68137 21934 25942  3148 4937 17705 4747 7379  
11706 15051 58496 14297 20471  3619 4816 19324 4808 7260  
12551 16426 62281 13546 20867  3908 4770 21984 7382 9097  
14185 19041 67386 23504 31502  3363 3185 25121 3435 3190  
12232 11746 65946 21228 20778  4302 7304 22606 5257 10023  
4721 6272 22541 7905 10452  3699 4873 18611 5391 7346  
6287 5844 33012 12907 12193  5205 7492 25788 7344 11146  
1528 1270 8713 2249 1937  1608 1980 8241 2290 2946  
6504 8088 32120 10882 13531  3595 4156 18722 6635 7491  
4490 4875 23067 8212 8874  3713 4134 19925 5739 6552  
14151 20147 63962 25069 34700  3720 2451 30533 2850 941  
17538 19511 92334 25325 29347  451 3425 3578 2085 6183  
5842 4519 34000 7515 5946  4652 5834 24070 7269 9053  
8689 6545 50742 11488 8848  5324 7856 26345 9079 12667  
1703 1925 9009 2122 2602  1549 1672 8365 2099 2377  
15490 19820 77320 20600 28393  2206 2587 16225 6216 6062  
7845 11383 36426 10467 16524  4965 5395 27861 7841 8623  
11430 12026 61877 13350 15322  4427 7380 21661 8726 13043  
9163 10639 45977 16502 18945  5131 6199 29091 6349 8254  
8099 7483 44948 12041 11519  4763 7379 23359 6570 10634  
12183 13619 63770 18427 21222  3527 6147 17487 6082 10031  
3081 3978 14839 5365 6827  2264 2175 12206 4276 4155  
3490 4055 18208 4623 5739  2689 3494 13363 4449 5759  
8749 9964 45888 11722 14202  4492 5510 24234 7508 8978  
6462 8086 31793 10865 13569  3846 4671 19870 6702 7991  
7756 8395 40124 13735 14879  4995 6698 26344 6558 9356  
3312 4440 15966 5065 6966  2814 3390 14535 4361 5349  
1465 1918 6964 2654 3379  1367 1538 6999 2480 2762  
11750 15667 56907 17474 24151  4121 4874 24032 6800 7812  
4741 6838 22081 6402 9989  3320 4747 15652 5091 7470  
6762 8936 33227 8915 12768  4237 5496 21759 6332 8482  
7726 11219 35439 11702 17512  4406 5227 23314 7709 8840  
5201 5879 27408 6770 8200  3582 4925 17602 5824 7994  
14492 13385 81049 19054 18423  3033 7383 13563 7564 13303  
13785 17825 68215 19317 26418  3261 3326 21927 6455 6025  
9177 12215 43484 15825 20774  4803 6169 25849 6693 8807  
14086 17036 71892 19818 25230  2760 4366 15720 3958 6449  
14040 16793 72196 18953 24156  2899 4866 15829 5460 8413  
5276 6069 27544 7260 8822  3401 4850 16319 5617 7949  
3501 4331 17687 5000 6486  2646 2787 14275 4432 4692  
3034 4160 14183 5162 6994  2854 3019 15550 4285 4663  
5011 4890 27515 7147 7258  3229 3960 16293 6136 7273  
12912 17710 62340 15743 24291  3976 3964 25108 8601 8275  
3260 3610 17388 3709 4558  2724 3578 13674 3453 4976  
3472 3741 18512 5026 5632  2639 2684 14414 4242 4374  
13472 16862 66820 21451 27223  3352 4745 19912 4694 6631  
15737 17248 83416 22245 25514  1804 3290 11476 3976 5220  
16547 19238 84224 27518 32194  1256 3048 10434 557 3133  
3360 4514 16281 4826 6807  2471 3389 11777 4224 5688  
6688 7033 35526 10710 11494  4367 5840 22634 5590 8025  
4421 3500 25632 5616 4560  3836 4564 20197 5206 6415  
15839 18499 82175 21647 26795  1867 3584 12169 5493 7377  
1514 1908 7369 2705 3341  1432 2059 6697 2137 3173  
