# NumberOfHospitals NumberOfScenarios TimeHorizon
5 20 2
# DemandeScenario_0_Hospital_0_Period_0 DemandeScenario_0_Hospital_1_Period_0 ... DemandeScenario_0_Hospital_0_Period_1 DemandeScenario_0_Hospital_1_Period_1 ...
# DemandeScenario_1_Hospital_0_Period_0 DemandeScenario_1_Hospital_1_Period_0 ... DemandeScenario_1_Hospital_0_Period_1 DemandeScenario_1_Hospital_1_Period_1 ...
# ...
# ...
# ...
10511 12764 53708 14193 18385  4161 5841 21657 7631 10125  
14910 14363 82328 20469 20607  2689 6645 12517 5431 10451  
1608 1957 8271 1768 2469  1306 1778 6405 1250 2149  
3147 3333 16476 5469 5829  2630 2453 14856 3735 3608  
6068 9054 27454 8732 13738  4533 5182 24400 7283 8351  
5068 6679 24706 7568 10318  3572 3908 19714 4242 5062  
15733 14620 88126 18939 18622  2145 7328 7466 6204 12705  
14870 14407 81348 22591 22594  2408 5584 11941 4806 9435  
4301 6500 19005 6927 10521  3491 3922 18307 6199 6833  
3497 3878 18507 4831 5641  2659 3721 12950 3493 5312  
16809 16718 92035 22927 23907  1168 5648 4762 4487 10208  
8469 10266 43494 10307 13804  4599 5113 25603 7836 8475  
17575 21461 89258 25040 32070  375 1153 6710 3020 3219  
3050 2548 17471 4009 3467  2923 3630 15009 4306 5501  
4812 6303 23200 7954 10423  3355 4928 15833 4733 7316  
11260 15965 52887 15769 23778  4603 4351 28908 7099 6818  
16478 22581 78603 24280 34633  1478 352 16455 2860 927  
13237 16955 63264 24101 30078  3819 5354 23466 2956 4952  
2951 2320 17123 3864 3119  2777 3196 14739 3446 4240  
11326 11478 61999 13332 14603  4162 5271 22601 9367 10140  
