# NumberOfHospitals NumberOfScenarios TimeHorizon
5 50 2
# DemandeScenario_0_Hospital_0_Period_0 DemandeScenario_0_Hospital_1_Period_0 ... DemandeScenario_0_Hospital_0_Period_1 DemandeScenario_0_Hospital_1_Period_1 ...
# DemandeScenario_1_Hospital_0_Period_0 DemandeScenario_1_Hospital_1_Period_0 ... DemandeScenario_1_Hospital_0_Period_1 DemandeScenario_1_Hospital_1_Period_1 ...
# ...
# ...
# ...
10511 12764 53708 14193 18385  4161 5841 21657 7631 10125  
14910 14363 82328 20469 20607  2689 6645 12517 5431 10451  
1608 1957 8271 1768 2469  1306 1778 6405 1250 2149  
3147 3333 16476 5469 5829  2630 2453 14856 3735 3608  
6068 9054 27454 8732 13738  4533 5182 24400 7283 8351  
5068 6679 24706 7568 10318  3572 3908 19714 4242 5062  
15733 14620 88126 18939 18622  2145 7328 7466 6204 12705  
14870 14407 81348 22591 22594  2408 5584 11941 4806 9435  
4301 6500 19005 6927 10521  3491 3922 18307 6199 6833  
3497 3878 18507 4831 5641  2659 3721 12950 3493 5312  
16809 16718 92035 22927 23907  1168 5648 4762 4487 10208  
8469 10266 43494 10307 13804  4599 5113 25603 7836 8475  
17575 21461 89258 25040 32070  375 1153 6710 3020 3219  
3050 2548 17471 4009 3467  2923 3630 15009 4306 5501  
4812 6303 23200 7954 10423  3355 4928 15833 4733 7316  
11260 15965 52887 15769 23778  4603 4351 28908 7099 6818  
16478 22581 78603 24280 34633  1478 352 16455 2860 927  
13237 16955 63264 24101 30078  3819 5354 23466 2956 4952  
2951 2320 17123 3864 3119  2777 3196 14739 3446 4240  
11326 11478 61999 13332 14603  4162 5271 22601 9367 10140  
3318 4401 16331 4134 6080  2570 3322 12629 4544 5736  
10018 14827 44605 16776 24584  4955 5651 28289 6033 7278  
15564 15297 83486 26723 26722  2133 5785 11880 1295 6988  
8684 9737 45379 13235 15260  3292 3361 18021 6853 6878  
15050 19981 72864 22857 31220  2335 2325 17664 2620 2820  
3072 4455 14078 4737 7029  2621 3429 12850 4325 5630  
1643 1638 8892 2612 2668  1490 1501 8114 2337 2413  
15579 16575 83198 22743 25123  1819 4158 10268 4727 7859  
14025 15887 73647 19019 22834  3097 5056 17409 6726 9175  
9901 10664 50443 18940 20191  5160 6179 29849 5901 7998  
12043 12655 64509 17801 19371  3898 5450 21414 6584 8669  
6331 5668 35701 8329 7774  4236 5914 21250 5113 7823  
2876 3413 14167 5422 6280  2421 3407 11292 4128 5702  
16487 20488 83795 19066 26802  1452 2018 11548 6473 6274  
12375 10857 69087 19693 17860  3590 5428 18529 6042 8901  
8025 8664 41833 13719 14916  4643 5491 25418 6787 8271  
11981 18107 53802 16926 27209  4160 3264 27077 8645 6429  
15806 14307 87713 24803 23177  1675 5268 7331 3030 8346  
1552 1323 8828 2174 1922  1408 1335 7713 2372 2292  
2714 4278 11599 4394 6939  2903 3617 14811 4228 5471  
16911 21039 84159 26834 33889  980 1753 10284 1160 1795  
1634 1822 8464 2748 3084  1595 1946 8224 2256 2882  
4963 5736 26009 5733 7395  3825 4649 19982 5749 7142  
11323 11568 61856 13239 14662  3858 6867 17793 5109 9823  
13959 16810 70956 21040 26122  2790 2846 19118 4439 4185  
3256 3032 18141 4506 4373  2863 3561 14632 4408 5579  
7715 11322 35638 9936 16139  5047 5169 28966 8037 8317  
1595 1595 8569 2667 2714  1476 2054 7047 2285 3240  
1736 1905 9255 2374 2745  1433 1977 6995 1679 2650  
16999 22505 83151 23570 33182  979 304 13377 3727 1686  
