# NumberOfHospitals NumberOfScenarios TimeHorizon
5 100 2
# DemandeScenario_0_Hospital_0_Period_0 DemandeScenario_0_Hospital_1_Period_0 ... DemandeScenario_0_Hospital_0_Period_1 DemandeScenario_0_Hospital_1_Period_1 ...
# DemandeScenario_1_Hospital_0_Period_0 DemandeScenario_1_Hospital_1_Period_0 ... DemandeScenario_1_Hospital_0_Period_1 DemandeScenario_1_Hospital_1_Period_1 ...
# ...
# ...
# ...
10511 12764 53708 14193 18385  4161 5841 21657 7631 10125  
14910 14363 82328 20469 20607  2689 6645 12517 5431 10451  
1608 1957 8271 1768 2469  1306 1778 6405 1250 2149  
3147 3333 16476 5469 5829  2630 2453 14856 3735 3608  
6068 9054 27454 8732 13738  4533 5182 24400 7283 8351  
5068 6679 24706 7568 10318  3572 3908 19714 4242 5062  
15733 14620 88126 18939 18622  2145 7328 7466 6204 12705  
14870 14407 81348 22591 22594  2408 5584 11941 4806 9435  
4301 6500 19005 6927 10521  3491 3922 18307 6199 6833  
3497 3878 18507 4831 5641  2659 3721 12950 3493 5312  
16809 16718 92035 22927 23907  1168 5648 4762 4487 10208  
8469 10266 43494 10307 13804  4599 5113 25603 7836 8475  
17575 21461 89258 25040 32070  375 1153 6710 3020 3219  
3050 2548 17471 4009 3467  2923 3630 15009 4306 5501  
4812 6303 23200 7954 10423  3355 4928 15833 4733 7316  
11260 15965 52887 15769 23778  4603 4351 28908 7099 6818  
16478 22581 78603 24280 34633  1478 352 16455 2860 927  
13237 16955 63264 24101 30078  3819 5354 23466 2956 4952  
2951 2320 17123 3864 3119  2777 3196 14739 3446 4240  
11326 11478 61999 13332 14603  4162 5271 22601 9367 10140  
3318 4401 16331 4134 6080  2570 3322 12629 4544 5736  
10018 14827 44605 16776 24584  4955 5651 28289 6033 7278  
15564 15297 83486 26723 26722  2133 5785 11880 1295 6988  
8684 9737 45379 13235 15260  3292 3361 18021 6853 6878  
15050 19981 72864 22857 31220  2335 2325 17664 2620 2820  
3072 4455 14078 4737 7029  2621 3429 12850 4325 5630  
1643 1638 8892 2612 2668  1490 1501 8114 2337 2413  
15579 16575 83198 22743 25123  1819 4158 10268 4727 7859  
14025 15887 73647 19019 22834  3097 5056 17409 6726 9175  
9901 10664 50443 18940 20191  5160 6179 29849 5901 7998  
12043 12655 64509 17801 19371  3898 5450 21414 6584 8669  
6331 5668 35701 8329 7774  4236 5914 21250 5113 7823  
2876 3413 14167 5422 6280  2421 3407 11292 4128 5702  
16487 20488 83795 19066 26802  1452 2018 11548 6473 6274  
12375 10857 69087 19693 17860  3590 5428 18529 6042 8901  
8025 8664 41833 13719 14916  4643 5491 25418 6787 8271  
11981 18107 53802 16926 27209  4160 3264 27077 8645 6429  
15806 14307 87713 24803 23177  1675 5268 7331 3030 8346  
1552 1323 8828 2174 1922  1408 1335 7713 2372 2292  
2714 4278 11599 4394 6939  2903 3617 14811 4228 5471  
16911 21039 84159 26834 33889  980 1753 10284 1160 1795  
1634 1822 8464 2748 3084  1595 1946 8224 2256 2882  
4963 5736 26009 5733 7395  3825 4649 19982 5749 7142  
11323 11568 61856 13239 14662  3858 6867 17793 5109 9823  
13959 16810 70956 21040 26122  2790 2846 19118 4439 4185  
3256 3032 18141 4506 4373  2863 3561 14632 4408 5579  
7715 11322 35638 9936 16139  5047 5169 28966 8037 8317  
1595 1595 8569 2667 2714  1476 2054 7047 2285 3240  
1736 1905 9255 2374 2745  1433 1977 6995 1679 2650  
16999 22505 83151 23570 33182  979 304 13377 3727 1686  
11623 11803 63494 14594 15805  3977 7188 18714 5888 10742  
3037 2502 17348 4503 3839  2867 3350 15142 3826 4709  
13449 10813 77607 17519 14505  3480 6477 15894 6664 9516  
6420 7122 33114 11023 12271  4459 5346 23935 6413 7953  
6662 7003 36053 8163 9251  4431 5537 23168 7044 8749  
7382 8078 37697 13665 14831  4886 5686 26833 6897 8416  
13440 16026 66416 24592 28794  3792 6165 22695 2700 6032  
13189 12504 70832 23857 23032  4192 8074 22793 3348 9134  
6463 6059 34022 13006 12373  4705 6328 23518 7331 10184  
10517 11934 55211 14257 17146  4107 5276 22196 8115 9614  
13891 20386 63495 20238 31123  3082 2164 21702 3954 3245  
12835 18030 60209 19227 27947  3755 3136 25533 6964 5449  
16410 19508 82641 27499 32782  1185 3139 7969 454 2919  
1650 2244 7913 2466 3472  1452 1935 7025 2372 3162  
5157 5634 27514 6688 7807  3394 5054 16140 4419 7234  
6384 5972 35096 10175 9794  4422 5675 23250 5513 7576  
1630 2161 8047 1945 2911  1531 1519 8447 2212 2268  
13797 14749 73976 18495 20916  3058 4434 17382 6065 7272  
4965 6635 23934 7644 10458  3768 4150 20720 4954 5785  
3418 4482 16812 4793 6650  2385 2735 12185 4532 5052  
15611 19301 79244 20473 27312  2078 2695 15168 6491 6382  
13951 17576 70516 14378 21552  3232 3034 21228 8132 6521  
1661 1634 9158 2234 2304  1467 1403 8113 2262 2218  
16965 17484 92074 22426 24442  848 3350 4772 5013 7172  
13305 12202 72384 23520 22114  3961 8582 19625 3963 11158  
15036 20815 72408 15737 26356  2800 2100 20368 10181 8720  
3444 3702 18462 4582 5220  2714 3749 13312 3668 5433  
13149 16534 64758 21617 27299  2968 4852 15531 3953 6570  
8317 11099 40727 10534 15501  4076 5863 19762 6584 9611  
14411 18839 71521 16202 24481  3173 3338 21048 8819 8407  
3099 3821 15241 5459 6641  2868 3349 15077 4301 5162  
15881 16629 83549 27266 28830  1731 3698 12353 643 3513  
5963 5602 32244 10551 10123  4661 6230 23889 6593 9190  
10157 10372 54773 15373 16192  4265 7222 20399 6927 11497  
5134 5458 27327 7857 8588  3627 5156 17795 5025 7548  
11285 13662 56229 19215 23199  3798 5983 19155 5406 8647  
1645 1939 8587 1890 2496  1562 2028 7802 2189 3003  
12083 13453 64005 15612 18635  3767 5272 20427 8557 10316  
11715 17451 52346 18736 28133  4940 4000 33435 6735 5369  
11998 16145 58702 12109 19923  4265 4587 24769 7617 8515  
15269 20079 74537 22574 30826  2126 2576 14669 3637 4177  
14221 16058 71197 27131 30077  3082 5316 18949 910 4926  
3263 4016 16203 5455 6722  2798 3596 14287 3554 4975  
5076 5893 26536 6149 7847  3743 4876 19002 5522 7434  
13600 19307 64486 14943 25201  3225 3066 19452 6468 7354  
3004 2413 17300 4243 3523  2674 2634 14814 3690 3733  
13791 21322 59619 22637 34878  4052 1588 33100 4569 827  
9069 7349 52107 12524 10485  4664 5694 24641 7812 9031  
16372 15492 90918 22026 21810  1275 3888 5366 3818 5709  
11677 13226 61627 13768 17218  4239 5499 23348 7935 9349  
