# NumberOfHospitals NumberOfScenarios TimeHorizon
2 300 5
# DemandeScenario_0_Hospital_0_Period_0 DemandeScenario_0_Hospital_1_Period_0 ... DemandeScenario_0_Hospital_0_Period_1 DemandeScenario_0_Hospital_1_Period_1 ...
# DemandeScenario_1_Hospital_0_Period_0 DemandeScenario_1_Hospital_1_Period_0 ... DemandeScenario_1_Hospital_0_Period_1 DemandeScenario_1_Hospital_1_Period_1 ...
# ...
# ...
# ...
90011 154615  48090 64713  18881 40597  8668 16987  4982 8384  
46162 80493  37120 52369  24372 44456  17189 26716  13074 24350  
147161 192912  22765 65451  4077 26114  518 6006  54 1904  
49882 70544  34392 54200  24667 43981  16659 22619  14111 26778  
62092 108082  39345 67024  27158 43229  13776 26474  12233 16529  
50594 101815  46338 66865  25230 43305  17559 26440  11070 17055  
129383 218079  33562 48140  8786 19753  2139 4316  611 2251  
74587 128288  54934 80309  20426 35875  11828 18296  6749 12903  
79790 129346  43020 75695  19986 37077  12846 20527  9059 13290  
83301 120718  37760 74924  23627 42076  11919 23217  8234 12289  
27390 50971  23443 35434  22446 36382  17498 27316  14188 26486  
30136 47618  22371 41960  20450 37134  17641 30706  15386 24902  
24377 51238  28027 44314  22510 36381  18302 29588  11976 22364  
16295 25401  14054 24231  13273 22386  12066 20367  10751 18584  
57729 107839  34303 64378  22451 39704  22671 28734  13588 18121  
45910 81017  36814 50663  26436 41505  13586 31248  14824 23019  
26629 45859  27889 40811  18250 32601  18523 27500  12764 25606  
73309 134739  47275 69184  25813 38217  10894 22033  7478 13218  
44092 52943  37551 57943  26783 46299  17899 28836  13605 27608  
80526 125094  44888 72323  22033 43584  11882 22692  7104 13044  
69873 150160  55128 77031  22288 34471  13008 16210  7445 7276  
93631 178530  47116 72919  17149 23513  9896 10634  3404 3630  
81325 105917  37948 56553  25624 50266  13539 33359  7624 19742  
138248 265136  28357 22762  5789 4096  1721 770  324 107  
149171 226716  18355 36021  5323 24928  1321 3692  248 579  
62790 88965  42419 67888  26381 48979  15858 31542  10298 18214  
44863 72139  32864 58407  24529 35642  17833 29179  13367 24273  
141544 250434  29676 38234  2946 3800  402 358  23 47  
148348 224519  24166 57996  1534 6266  383 2874  142 862  
83607 95156  51265 88749  21897 53950  10029 24484  4067 13832  
110804 148187  39518 91270  15573 32783  5846 11665  1837 4915  
43833 52571  33689 51504  24674 37456  17409 31998  13021 22546  
112842 196697  42300 70405  13254 18486  3963 4196  1267 1564  
61366 98217  35037 70020  29311 42119  15677 28893  12441 15608  
48524 72286  34523 52930  24705 44447  18007 32648  13938 22324  
90885 138953  43952 66197  21054 37693  8472 25459  5044 9200  
84956 148144  52523 73540  14982 27722  12466 21345  5761 13698  
114418 164094  36335 57895  10828 29915  5265 15678  5557 17692  
117373 167689  38485 74038  12557 31415  3740 9775  1623 6004  
29257 51195  27372 38820  17411 34245  17219 30894  15449 20899  
113804 170234  34189 72447  17452 26737  5799 10958  2111 7421  
113097 144603  38327 73004  14049 32178  5617 20940  2090 11572  
28317 52209  27890 41802  20488 29712  15288 30545  14363 25216  
116909 191278  35841 54712  15127 26712  4128 11048  1730 4801  
130938 198946  30179 48478  8488 28747  2998 6035  1293 7767  
151569 244147  19684 37455  2323 8006  902 2488  97 598  
129143 220624  31037 50116  10870 15668  2726 4158  509 1245  
30543 47866  24247 45213  19104 34478  18565 27539  13876 24120  
130398 228936  34204 48381  8003 12663  1303 1663  335 544  
60425 98764  40823 69579  21891 34407  19793 31629  10435 19316  
134165 244251  33918 35516  4473 10148  1522 2311  345 420  
124432 210498  38417 51870  7664 17048  2765 7606  726 2996  
163472 256260  10132 33467  960 2617  42 438  10 116  
94323 150366  39973 74911  21341 28169  9065 12668  5430 12921  
16005 23233  14344 25004  12895 18906  12471 17745  11303 17876  
14480 16893  15207 22519  12895 20620  10567 12284  10657 17403  
60577 105965  34259 51308  25021 48484  16057 26483  13845 21638  
27643 49408  27360 42353  20303 37014  17732 30152  11742 19741  
24357 40790  24719 36042  17195 27905  17826 28462  14116 27417  
25082 43300  20718 37298  23863 35926  17034 22084  16490 25668  
71603 83777  46652 83914  22884 47307  13952 26470  8469 17404  
132954 206973  35590 53156  3989 16592  1348 11908  567 2874  
153635 263808  19750 25776  962 2248  235 845  28 191  
117769 169465  37164 74846  13125 25995  4267 12051  1478 5116  
14153 19213  14906 24691  11693 21038  12028 15143  10880 18684  
96221 159955  44318 71586  17945 32316  9986 17139  3013 5253  
78687 111104  44525 83672  24664 42249  12276 22851  6059 14044  
128487 207832  34469 53292  8741 22730  2238 5809  453 2329  
38681 60263  30195 54269  27583 46612  16830 27407  16473 27446  
148626 267851  16590 16466  7404 6810  1470 1036  404 587  
129956 215114  33699 51336  7721 18687  2343 5645  633 1417  
100575 143523  39988 80500  19463 33337  8155 15413  3579 9592  
72531 130500  41608 67629  27712 38556  13426 23932  8686 11852  
14185 22160  14789 23046  13950 21746  11357 20409  10363 17877  
33570 48424  25172 32199  19852 25969  17969 33557  14182 28335  
140172 247602  28082 35952  5024 5457  872 2224  239 803  
124469 233660  37676 47305  8834 6662  2763 4153  620 837  
139608 258927  26231 25453  6700 4895  1606 2757  310 529  
42903 52645  35679 55007  23802 36947  20635 35269  12979 19700  
127557 185929  37326 82605  7476 16376  1717 4793  353 2075  
132833 212091  25882 56318  12092 15734  2873 6252  539 1510  
154373 230082  18881 56952  1263 5118  76 601  17 125  
80833 104838  40082 55829  25651 59234  12504 24922  7070 19538  
110896 188275  42533 58681  12945 25817  5067 12899  1829 4549  
163650 258365  8855 30896  1771 2585  245 701  56 151  
16707 23645  14351 18731  13391 19810  11805 17452  11258 18776  
53939 81032  35886 60555  32007 50236  18292 28515  11964 18170  
115136 182909  39147 63825  13317 26865  4687 11042  1445 5098  
126018 186869  38889 65974  7513 28465  1547 6197  436 3643  
110930 165190  42969 73774  12744 29240  5312 15326  1583 5925  
12061 24923  14492 24892  11975 22220  11279 18226  10101 16217  
48832 76083  32717 60118  22806 38320  18944 32706  13431 20150  
115804 183497  35816 63955  13441 28964  6304 8656  2153 4343  
137365 261925  29333 26401  7077 3493  683 880  100 145  
129454 215369  28501 55040  10443 12665  4209 6877  1345 2172  
112882 165418  40794 67591  13779 38113  4266 12154  1774 5764  
109172 179800  39185 57880  16065 27167  6226 19438  2908 5576  
30367 50545  23264 44447  23181 35029  18193 27048  14359 24731  
166091 224643  7949 62850  525 3445  38 1141  5 548  
133169 170657  32971 76841  6386 33877  1597 7584  285 1644  
41535 79549  30075 57100  27547 41846  17061 26278  15815 23666  
81997 131005  42370 70850  24152 39544  12035 20386  6509 12997  
114103 186644  33963 58035  15729 21101  6157 10447  3280 9786  
15776 22761  14982 20082  12101 19755  11745 18081  11474 16794  
83524 116853  42130 81168  23210 37929  12225 23561  6395 12827  
137770 189649  31164 67843  5140 29215  280 3007  208 2323  
137414 253276  33521 36738  2609 1941  520 382  400 472  
138375 228539  28224 46917  6314 10625  1362 4926  202 849  
63353 97655  38563 68015  23803 39496  18529 26410  11003 17649  
63250 106070  46124 59252  27608 58043  12854 23933  8616 14542  
12451 24984  13488 21182  11727 22206  11141 20520  10095 18571  
59038 103463  37687 61942  20625 31906  17047 26079  14155 24506  
25653 38851  24733 29593  23475 38746  12817 23429  15994 27190  
102165 209000  48079 57690  16124 18586  5475 5127  1401 1323  
66508 96447  41003 66041  25893 44482  13562 24098  9268 21301  
119235 210014  37336 58961  10465 13478  5455 7381  1328 2221  
126784 222594  39666 58645  6449 9307  1342 1694  283 515  
105759 160706  45003 83029  15259 28308  4923 10753  2441 6132  
46954 67114  32565 61254  24102 40495  18927 28223  14146 26271  
15632 25037  13661 20591  13759 21149  9324 19594  11031 15771  
87301 128308  38622 71886  27488 49328  12058 19999  4482 11999  
124660 229674  40485 52701  7825 7892  1208 2039  309 408  
37094 75836  34906 60119  25928 42872  15676 28300  15609 23533  
151754 225011  19030 56006  3232 8452  502 2723  54 451  
112230 158755  42099 77137  13484 34434  4045 12843  1801 4926  
133480 190164  28549 66415  9145 27192  2102 4225  763 2010  
116488 236236  43919 42801  11538 10341  1855 2707  498 461  
53504 95143  40257 64170  28009 49644  20030 28902  10140 19655  
71565 148665  53460 79385  26108 34891  11447 15537  5854 7511  
73799 86707  45355 77294  23186 37866  15219 38448  7683 21372  
98843 153825  34080 60305  22197 43855  9882 14947  4830 8753  
26228 45564  26268 37488  18691 33445  15769 27921  14059 24111  
115943 184187  43094 72102  11719 26133  2455 7121  940 1970  
26363 41938  21044 33328  22198 32149  19049 29355  15234 22613  
165386 266227  7625 23212  1422 3048  119 243  49 142  
43599 80490  31376 57322  28596 41316  19262 31520  13518 19280  
99952 157186  35900 72235  22133 31526  7579 17306  5019 7875  
97287 137496  44703 80956  18802 38775  7768 19062  3474 8253  
114169 196412  32175 47444  16081 22978  7200 13555  2286 5063  
129226 216671  32408 47088  7722 19041  3552 6143  1088 2821  
68871 99683  42223 69498  24318 34402  16183 36121  10441 23270  
124657 241034  34851 40658  10988 8319  3008 2268  639 343  
70121 104856  48768 82671  25381 36426  11278 24930  7965 14855  
117414 210697  39058 47186  14505 30570  2705 3343  637 645  
83260 129892  34865 73525  23944 40453  13315 21913  9208 10986  
76102 140685  53067 82710  20777 37238  9879 13037  5632 6599  
158277 245380  12634 39909  2451 4397  1072 2639  129 358  
16574 24836  14042 21354  10958 18054  11215 21185  11464 17591  
165205 219965  8482 59689  904 12060  20 796  0 234  
145004 213944  23872 62992  3425 8314  1119 3410  866 2586  
66295 94312  37742 73410  23885 30832  16570 33749  9965 19266  
163754 267050  9960 22177  883 3045  15 497  2 121  
68013 131362  41013 69249  26039 38770  17449 22456  10367 14089  
71707 134715  46579 68881  25314 40931  11841 20914  7981 12405  
80312 147655  49844 80917  23101 35628  11448 13894  5037 6395  
13882 23533  14445 25042  12969 17319  10897 19036  9607 16672  
134123 196005  30360 70766  7332 16559  1984 6238  519 2195  
37866 58655  31795 56448  24512 35879  21987 35547  13927 20016  
147058 230455  19843 44855  4893 11361  2290 3964  372 1458  
16589 25659  14647 24476  13793 19899  12494 18987  10080 18732  
133766 194322  26157 59302  10731 23108  2670 9534  699 2941  
62235 100632  39016 62887  25865 48260  15330 19386  9539 20415  
142127 255480  24364 33489  5612 2982  1557 706  659 193  
36806 77084  34686 59486  26304 43259  20046 28995  14326 23033  
11327 24403  14515 24727  12817 22375  11336 20057  8530 16990  
143832 199761  25814 63051  3447 14422  1014 9238  286 3370  
11881 25199  14447 24586  12172 21572  12074 19162  10311 17611  
41380 80087  36174 55089  24871 43104  16588 30579  15439 22652  
100999 150807  38354 70063  19609 35416  7759 20420  4114 7454  
113381 176685  29193 54107  19931 34495  5411 10763  4285 10145  
96627 142026  44949 78384  17595 35650  7780 18660  3956 8916  
33354 50134  24032 45043  22072 29839  16579 31178  14747 20628  
100575 146150  36791 51113  19900 53211  8552 20878  4709 9191  
102815 182569  44642 70224  16370 24355  5402 8787  2946 3854  
109509 213070  45245 57654  12977 15322  5075 4866  1074 1184  
125948 207413  35201 59435  7010 16357  4197 5418  1123 2073  
48548 78046  33193 58714  22355 40230  19550 29212  11042 18494  
57034 67660  36694 54330  25003 42544  21082 38007  10914 21445  
31564 50115  26758 41363  18160 33575  18903 28754  14659 24844  
56454 83383  44009 75712  26777 42349  17179 32159  11314 19649  
66684 119176  45882 73907  20268 33390  15584 27767  10228 12278  
56987 103430  40783 57126  21718 44850  18987 27851  13409 21334  
13406 25300  13179 23555  12684 18602  11845 20935  7784 13431  
33698 50368  25399 42443  20919 32173  15982 25685  13429 26289  
66217 127055  44438 62549  27950 41965  15969 24945  8501 15013  
30151 41066  24308 39237  21502 36335  18446 27601  15022 27007  
50568 74030  31552 40737  25576 49368  19203 34376  12813 26051  
55550 107255  41715 64945  27413 44468  17597 27716  12039 17083  
57645 85200  43716 62200  22745 48630  15301 31015  12446 22495  
168649 250775  5251 34610  624 7105  85 377  5 33  
112832 165708  44965 88238  12227 24261  3325 8550  589 2734  
24916 40672  26976 45530  19626 36344  18623 29497  13840 22797  
124531 226160  42220 53400  5920 8990  1405 2662  355 1311  
132674 182457  26587 49901  11709 39971  2384 12679  922 5794  
161304 248979  12838 39405  430 3330  27 849  16 209  
142810 204113  27545 63832  3611 20108  431 3512  146 986  
39774 79309  36965 56799  22537 40083  20111 31957  14784 22034  
129121 204251  36228 60599  7861 20534  920 3965  274 1807  
16213 24822  12866 18427  13821 20624  9713 15987  9204 13645  
94235 154013  45987 72773  16725 32571  7479 16531  4180 7647  
124893 207850  37097 62227  9608 13863  2296 5897  406 1473  
80173 131996  45114 65558  22246 43502  10136 20936  7191 14281  
43264 71570  35667 50033  23770 46489  18481 33485  13563 20588  
117870 232406  40920 47068  11579 8136  2542 2828  745 892  
15589 21768  13923 24668  13315 20770  10881 15533  9922 14298  
142711 202149  27207 60846  3941 24636  630 3631  72 960  
49925 77254  34862 59475  24261 39588  18659 29802  11170 23791  
117396 173881  38627 70830  12346 30240  3603 8000  1665 4706  
79016 136215  36670 67711  26873 40994  14494 22008  7822 11218  
45219 72021  36068 60714  26359 39608  14052 27425  14898 24888  
106342 181325  43574 70749  13478 25557  5697 8348  3473 4402  
50590 74706  34915 59280  23365 37888  17259 31346  13473 21879  
110690 186183  42575 62511  14394 26569  4513 10816  1535 4233  
43185 74086  35951 55182  22313 42242  15769 30540  16143 24726  
29049 41970  27719 43228  21360 38122  16250 25058  13272 22445  
99004 134791  43657 78048  18380 42281  7536 15951  2989 10542  
32881 51061  25786 43035  20469 34261  15709 18461  13588 24928  
74385 98433  43998 73959  26549 48110  10894 24916  8838 17743  
131888 155825  36061 96698  5482 28102  995 8132  128 2300  
54678 106195  38166 67459  23603 40451  18478 28147  13313 18029  
159136 254457  14437 31442  1024 5733  18 1152  0 84  
106523 184603  36713 55869  19579 34249  6783 9336  2974 5765  
15809 26915  14862 21257  12387 17740  12683 19374  9558 18483  
28914 49669  26802 44939  20951 36754  18249 28251  13813 24662  
69054 128419  39149 73073  26684 39017  14977 23188  8539 9756  
133419 191432  29006 45985  9623 36209  2046 12878  341 2933  
65236 111794  42941 81092  20696 31030  20058 30862  7969 11294  
45036 72299  36186 54609  25768 45759  18176 23948  11631 19324  
14718 26890  14427 24714  13497 21673  11540 18618  11215 17875  
122563 237675  42535 45072  6566 7782  2067 1780  657 402  
134270 256193  33471 28984  5916 6404  771 813  141 345  
119489 216437  36671 46667  13652 19474  2539 6158  1534 2321  
43961 64413  32580 56365  27123 45728  17536 33212  14540 22401  
28301 49464  24731 36755  20402 36347  17941 24337  15494 26662  
16656 25329  13189 16745  11918 21347  11288 13870  10833 19966  
42342 75036  37685 55006  25484 43087  18226 33410  10985 20235  
80211 115161  45261 71220  23442 41801  11882 22706  6519 16342  
81096 105295  43861 73891  23424 50941  12397 26138  5903 11858  
94814 141414  45209 77618  15513 34826  8904 11843  4680 9312  
119235 221391  46315 55509  4924 8654  2889 5936  1017 1045  
115296 177929  33852 70046  17170 26776  5580 10752  1812 4332  
128475 213388  35609 52441  8080 18184  1811 6386  385 1777  
133095 202149  29341 66612  8992 15177  2007 6427  842 1428  
105491 186786  46192 65120  14915 24885  5010 10109  1969 3686  
47389 74145  32719 46885  22541 44733  17595 24646  13969 28109  
100994 140640  39307 85434  20078 38244  7568 12494  3447 6563  
110701 190458  36907 56694  13295 23695  9147 13706  2315 5250  
39677 61314  35348 49050  25536 42863  20462 37317  12507 25773  
131381 210355  32505 58825  7621 17102  1836 4662  887 1250  
30798 52657  27080 41970  20711 34336  17464 30251  13532 22874  
146700 215992  23847 56660  3479 15132  393 2146  98 1413  
132278 256982  36434 25944  5097 8285  504 957  217 418  
49453 80086  35390 53388  22999 43911  18727 27031  12746 20593  
110936 159177  42719 90608  14652 25515  3562 8623  1654 3362  
27342 45484  26764 36456  21379 39157  15806 30467  13940 23219  
85628 144421  50859 75625  17431 28724  9809 18841  5847 13877  
83840 121237  40270 79964  21354 32443  12108 22241  8115 15968  
106834 223038  55935 54253  8713 10084  1565 2781  1054 1643  
99609 131986  42768 64354  20806 51419  4700 18084  3165 10978  
109243 173831  43264 75470  10975 19983  6007 14042  2320 3720  
26959 49047  24679 40256  15756 27478  17384 32335  14873 23369  
114967 212260  42019 59076  13118 15492  2950 4217  932 1138  
63959 80685  42355 66871  24875 39383  16458 32142  10285 24188  
126273 183784  40862 86031  4792 15768  1920 3950  588 2341  
81811 106271  41565 61674  24565 54130  12491 30143  6347 15463  
159472 234857  14204 48055  701 5140  195 4401  39 390  
30624 39866  26741 44676  20417 34218  17203 30705  13370 22893  
30907 53548  25677 44405  21512 35596  17166 27611  14417 24014  
105086 190039  34425 55166  21146 27706  6646 12220  4293 4914  
111460 214081  42617 55916  12114 14428  4707 4528  2712 2875  
109218 163412  37442 69678  15707 27967  7884 20301  2441 5119  
43374 79531  37144 57978  21021 41226  20812 30532  10400 21030  
145783 240419  22206 42811  5664 6737  649 2340  232 372  
75452 132984  44405 72721  21135 35766  14773 23664  7064 10553  
143885 238196  21995 44325  8146 8137  477 1458  87 607  
117392 203966  39281 63480  11011 17085  4150 5378  1677 1545  
108518 190964  34312 62682  17100 23400  8358 9582  3969 3887  
117812 204559  35849 54970  11078 19917  4423 6469  3759 4425  
33184 52590  22975 41360  19822 36274  15964 29803  13440 18932  
95999 159246  36165 72525  21654 27456  10473 17985  5417 8603  
168664 250163  5332 38819  548 3045  73 786  1 66  
114359 184963  34925 68207  16781 23201  5215 10588  2039 3757  
97412 187811  47901 65626  17064 22006  7962 10483  2588 3754  
33319 46900  25155 38198  19993 25669  17856 31114  13748 27539  
75627 135521  36703 59709  28060 44186  15279 24686  8041 13254  
53422 101351  38425 69551  29950 43910  15948 26044  13387 16601  
14249 25630  15442 23216  13404 22448  11546 20447  9462 15421  
47098 69084  35514 59714  22208 40640  19298 32493  14505 22295  
14735 27062  13821 23421  12144 21016  11912 20119  11626 17770  
98726 128134  48443 79052  15933 37987  7082 23742  2234 11218  
13158 26381  12353 23942  11974 20293  11451 20494  10847 18619  
162052 237646  11331 45161  909 7775  202 1096  82 689  
41697 69492  28142 50340  28301 37506  19288 37434  13341 19097  
148383 258840  19157 22688  6809 10200  246 984  10 148  
16415 25966  11903 20100  12599 15932  12723 19008  11409 16798  
66037 106360  35616 60282  27711 43136  17349 29084  10637 19228  
133664 224660  24294 38193  11030 22819  3990 5464  1307 1219  
31973 52288  26326 41219  18706 33357  18721 27733  13614 22463  
64617 104821  36204 63166  26887 37955  17737 31171  9562 15495  
101824 188658  46844 65373  12499 23294  7726 9707  2800 3334  
