# NumberOfHospitals NumberOfScenarios TimeHorizon
2 200 5
# DemandeScenario_0_Hospital_0_Period_0 DemandeScenario_0_Hospital_1_Period_0 ... DemandeScenario_0_Hospital_0_Period_1 DemandeScenario_0_Hospital_1_Period_1 ...
# DemandeScenario_1_Hospital_0_Period_0 DemandeScenario_1_Hospital_1_Period_0 ... DemandeScenario_1_Hospital_0_Period_1 DemandeScenario_1_Hospital_1_Period_1 ...
# ...
# ...
# ...
90011 154615  48090 64713  18881 40597  8668 16987  4982 8384  
46162 80493  37120 52369  24372 44456  17189 26716  13074 24350  
147161 192912  22765 65451  4077 26114  518 6006  54 1904  
49882 70544  34392 54200  24667 43981  16659 22619  14111 26778  
62092 108082  39345 67024  27158 43229  13776 26474  12233 16529  
50594 101815  46338 66865  25230 43305  17559 26440  11070 17055  
129383 218079  33562 48140  8786 19753  2139 4316  611 2251  
74587 128288  54934 80309  20426 35875  11828 18296  6749 12903  
79790 129346  43020 75695  19986 37077  12846 20527  9059 13290  
83301 120718  37760 74924  23627 42076  11919 23217  8234 12289  
27390 50971  23443 35434  22446 36382  17498 27316  14188 26486  
30136 47618  22371 41960  20450 37134  17641 30706  15386 24902  
24377 51238  28027 44314  22510 36381  18302 29588  11976 22364  
16295 25401  14054 24231  13273 22386  12066 20367  10751 18584  
57729 107839  34303 64378  22451 39704  22671 28734  13588 18121  
45910 81017  36814 50663  26436 41505  13586 31248  14824 23019  
26629 45859  27889 40811  18250 32601  18523 27500  12764 25606  
73309 134739  47275 69184  25813 38217  10894 22033  7478 13218  
44092 52943  37551 57943  26783 46299  17899 28836  13605 27608  
80526 125094  44888 72323  22033 43584  11882 22692  7104 13044  
69873 150160  55128 77031  22288 34471  13008 16210  7445 7276  
93631 178530  47116 72919  17149 23513  9896 10634  3404 3630  
81325 105917  37948 56553  25624 50266  13539 33359  7624 19742  
138248 265136  28357 22762  5789 4096  1721 770  324 107  
149171 226716  18355 36021  5323 24928  1321 3692  248 579  
62790 88965  42419 67888  26381 48979  15858 31542  10298 18214  
44863 72139  32864 58407  24529 35642  17833 29179  13367 24273  
141544 250434  29676 38234  2946 3800  402 358  23 47  
148348 224519  24166 57996  1534 6266  383 2874  142 862  
83607 95156  51265 88749  21897 53950  10029 24484  4067 13832  
110804 148187  39518 91270  15573 32783  5846 11665  1837 4915  
43833 52571  33689 51504  24674 37456  17409 31998  13021 22546  
112842 196697  42300 70405  13254 18486  3963 4196  1267 1564  
61366 98217  35037 70020  29311 42119  15677 28893  12441 15608  
48524 72286  34523 52930  24705 44447  18007 32648  13938 22324  
90885 138953  43952 66197  21054 37693  8472 25459  5044 9200  
84956 148144  52523 73540  14982 27722  12466 21345  5761 13698  
114418 164094  36335 57895  10828 29915  5265 15678  5557 17692  
117373 167689  38485 74038  12557 31415  3740 9775  1623 6004  
29257 51195  27372 38820  17411 34245  17219 30894  15449 20899  
113804 170234  34189 72447  17452 26737  5799 10958  2111 7421  
113097 144603  38327 73004  14049 32178  5617 20940  2090 11572  
28317 52209  27890 41802  20488 29712  15288 30545  14363 25216  
116909 191278  35841 54712  15127 26712  4128 11048  1730 4801  
130938 198946  30179 48478  8488 28747  2998 6035  1293 7767  
151569 244147  19684 37455  2323 8006  902 2488  97 598  
129143 220624  31037 50116  10870 15668  2726 4158  509 1245  
30543 47866  24247 45213  19104 34478  18565 27539  13876 24120  
130398 228936  34204 48381  8003 12663  1303 1663  335 544  
60425 98764  40823 69579  21891 34407  19793 31629  10435 19316  
134165 244251  33918 35516  4473 10148  1522 2311  345 420  
124432 210498  38417 51870  7664 17048  2765 7606  726 2996  
163472 256260  10132 33467  960 2617  42 438  10 116  
94323 150366  39973 74911  21341 28169  9065 12668  5430 12921  
16005 23233  14344 25004  12895 18906  12471 17745  11303 17876  
14480 16893  15207 22519  12895 20620  10567 12284  10657 17403  
60577 105965  34259 51308  25021 48484  16057 26483  13845 21638  
27643 49408  27360 42353  20303 37014  17732 30152  11742 19741  
24357 40790  24719 36042  17195 27905  17826 28462  14116 27417  
25082 43300  20718 37298  23863 35926  17034 22084  16490 25668  
71603 83777  46652 83914  22884 47307  13952 26470  8469 17404  
132954 206973  35590 53156  3989 16592  1348 11908  567 2874  
153635 263808  19750 25776  962 2248  235 845  28 191  
117769 169465  37164 74846  13125 25995  4267 12051  1478 5116  
14153 19213  14906 24691  11693 21038  12028 15143  10880 18684  
96221 159955  44318 71586  17945 32316  9986 17139  3013 5253  
78687 111104  44525 83672  24664 42249  12276 22851  6059 14044  
128487 207832  34469 53292  8741 22730  2238 5809  453 2329  
38681 60263  30195 54269  27583 46612  16830 27407  16473 27446  
148626 267851  16590 16466  7404 6810  1470 1036  404 587  
129956 215114  33699 51336  7721 18687  2343 5645  633 1417  
100575 143523  39988 80500  19463 33337  8155 15413  3579 9592  
72531 130500  41608 67629  27712 38556  13426 23932  8686 11852  
14185 22160  14789 23046  13950 21746  11357 20409  10363 17877  
33570 48424  25172 32199  19852 25969  17969 33557  14182 28335  
140172 247602  28082 35952  5024 5457  872 2224  239 803  
124469 233660  37676 47305  8834 6662  2763 4153  620 837  
139608 258927  26231 25453  6700 4895  1606 2757  310 529  
42903 52645  35679 55007  23802 36947  20635 35269  12979 19700  
127557 185929  37326 82605  7476 16376  1717 4793  353 2075  
132833 212091  25882 56318  12092 15734  2873 6252  539 1510  
154373 230082  18881 56952  1263 5118  76 601  17 125  
80833 104838  40082 55829  25651 59234  12504 24922  7070 19538  
110896 188275  42533 58681  12945 25817  5067 12899  1829 4549  
163650 258365  8855 30896  1771 2585  245 701  56 151  
16707 23645  14351 18731  13391 19810  11805 17452  11258 18776  
53939 81032  35886 60555  32007 50236  18292 28515  11964 18170  
115136 182909  39147 63825  13317 26865  4687 11042  1445 5098  
126018 186869  38889 65974  7513 28465  1547 6197  436 3643  
110930 165190  42969 73774  12744 29240  5312 15326  1583 5925  
12061 24923  14492 24892  11975 22220  11279 18226  10101 16217  
48832 76083  32717 60118  22806 38320  18944 32706  13431 20150  
115804 183497  35816 63955  13441 28964  6304 8656  2153 4343  
137365 261925  29333 26401  7077 3493  683 880  100 145  
129454 215369  28501 55040  10443 12665  4209 6877  1345 2172  
112882 165418  40794 67591  13779 38113  4266 12154  1774 5764  
109172 179800  39185 57880  16065 27167  6226 19438  2908 5576  
30367 50545  23264 44447  23181 35029  18193 27048  14359 24731  
166091 224643  7949 62850  525 3445  38 1141  5 548  
133169 170657  32971 76841  6386 33877  1597 7584  285 1644  
41535 79549  30075 57100  27547 41846  17061 26278  15815 23666  
81997 131005  42370 70850  24152 39544  12035 20386  6509 12997  
114103 186644  33963 58035  15729 21101  6157 10447  3280 9786  
15776 22761  14982 20082  12101 19755  11745 18081  11474 16794  
83524 116853  42130 81168  23210 37929  12225 23561  6395 12827  
137770 189649  31164 67843  5140 29215  280 3007  208 2323  
137414 253276  33521 36738  2609 1941  520 382  400 472  
138375 228539  28224 46917  6314 10625  1362 4926  202 849  
63353 97655  38563 68015  23803 39496  18529 26410  11003 17649  
63250 106070  46124 59252  27608 58043  12854 23933  8616 14542  
12451 24984  13488 21182  11727 22206  11141 20520  10095 18571  
59038 103463  37687 61942  20625 31906  17047 26079  14155 24506  
25653 38851  24733 29593  23475 38746  12817 23429  15994 27190  
102165 209000  48079 57690  16124 18586  5475 5127  1401 1323  
66508 96447  41003 66041  25893 44482  13562 24098  9268 21301  
119235 210014  37336 58961  10465 13478  5455 7381  1328 2221  
126784 222594  39666 58645  6449 9307  1342 1694  283 515  
105759 160706  45003 83029  15259 28308  4923 10753  2441 6132  
46954 67114  32565 61254  24102 40495  18927 28223  14146 26271  
15632 25037  13661 20591  13759 21149  9324 19594  11031 15771  
87301 128308  38622 71886  27488 49328  12058 19999  4482 11999  
124660 229674  40485 52701  7825 7892  1208 2039  309 408  
37094 75836  34906 60119  25928 42872  15676 28300  15609 23533  
151754 225011  19030 56006  3232 8452  502 2723  54 451  
112230 158755  42099 77137  13484 34434  4045 12843  1801 4926  
133480 190164  28549 66415  9145 27192  2102 4225  763 2010  
116488 236236  43919 42801  11538 10341  1855 2707  498 461  
53504 95143  40257 64170  28009 49644  20030 28902  10140 19655  
71565 148665  53460 79385  26108 34891  11447 15537  5854 7511  
73799 86707  45355 77294  23186 37866  15219 38448  7683 21372  
98843 153825  34080 60305  22197 43855  9882 14947  4830 8753  
26228 45564  26268 37488  18691 33445  15769 27921  14059 24111  
115943 184187  43094 72102  11719 26133  2455 7121  940 1970  
26363 41938  21044 33328  22198 32149  19049 29355  15234 22613  
165386 266227  7625 23212  1422 3048  119 243  49 142  
43599 80490  31376 57322  28596 41316  19262 31520  13518 19280  
99952 157186  35900 72235  22133 31526  7579 17306  5019 7875  
97287 137496  44703 80956  18802 38775  7768 19062  3474 8253  
114169 196412  32175 47444  16081 22978  7200 13555  2286 5063  
129226 216671  32408 47088  7722 19041  3552 6143  1088 2821  
68871 99683  42223 69498  24318 34402  16183 36121  10441 23270  
124657 241034  34851 40658  10988 8319  3008 2268  639 343  
70121 104856  48768 82671  25381 36426  11278 24930  7965 14855  
117414 210697  39058 47186  14505 30570  2705 3343  637 645  
83260 129892  34865 73525  23944 40453  13315 21913  9208 10986  
76102 140685  53067 82710  20777 37238  9879 13037  5632 6599  
158277 245380  12634 39909  2451 4397  1072 2639  129 358  
16574 24836  14042 21354  10958 18054  11215 21185  11464 17591  
165205 219965  8482 59689  904 12060  20 796  0 234  
145004 213944  23872 62992  3425 8314  1119 3410  866 2586  
66295 94312  37742 73410  23885 30832  16570 33749  9965 19266  
163754 267050  9960 22177  883 3045  15 497  2 121  
68013 131362  41013 69249  26039 38770  17449 22456  10367 14089  
71707 134715  46579 68881  25314 40931  11841 20914  7981 12405  
80312 147655  49844 80917  23101 35628  11448 13894  5037 6395  
13882 23533  14445 25042  12969 17319  10897 19036  9607 16672  
134123 196005  30360 70766  7332 16559  1984 6238  519 2195  
37866 58655  31795 56448  24512 35879  21987 35547  13927 20016  
147058 230455  19843 44855  4893 11361  2290 3964  372 1458  
16589 25659  14647 24476  13793 19899  12494 18987  10080 18732  
133766 194322  26157 59302  10731 23108  2670 9534  699 2941  
62235 100632  39016 62887  25865 48260  15330 19386  9539 20415  
142127 255480  24364 33489  5612 2982  1557 706  659 193  
36806 77084  34686 59486  26304 43259  20046 28995  14326 23033  
11327 24403  14515 24727  12817 22375  11336 20057  8530 16990  
143832 199761  25814 63051  3447 14422  1014 9238  286 3370  
11881 25199  14447 24586  12172 21572  12074 19162  10311 17611  
41380 80087  36174 55089  24871 43104  16588 30579  15439 22652  
100999 150807  38354 70063  19609 35416  7759 20420  4114 7454  
113381 176685  29193 54107  19931 34495  5411 10763  4285 10145  
96627 142026  44949 78384  17595 35650  7780 18660  3956 8916  
33354 50134  24032 45043  22072 29839  16579 31178  14747 20628  
100575 146150  36791 51113  19900 53211  8552 20878  4709 9191  
102815 182569  44642 70224  16370 24355  5402 8787  2946 3854  
109509 213070  45245 57654  12977 15322  5075 4866  1074 1184  
125948 207413  35201 59435  7010 16357  4197 5418  1123 2073  
48548 78046  33193 58714  22355 40230  19550 29212  11042 18494  
57034 67660  36694 54330  25003 42544  21082 38007  10914 21445  
31564 50115  26758 41363  18160 33575  18903 28754  14659 24844  
56454 83383  44009 75712  26777 42349  17179 32159  11314 19649  
66684 119176  45882 73907  20268 33390  15584 27767  10228 12278  
56987 103430  40783 57126  21718 44850  18987 27851  13409 21334  
13406 25300  13179 23555  12684 18602  11845 20935  7784 13431  
33698 50368  25399 42443  20919 32173  15982 25685  13429 26289  
66217 127055  44438 62549  27950 41965  15969 24945  8501 15013  
30151 41066  24308 39237  21502 36335  18446 27601  15022 27007  
50568 74030  31552 40737  25576 49368  19203 34376  12813 26051  
55550 107255  41715 64945  27413 44468  17597 27716  12039 17083  
57645 85200  43716 62200  22745 48630  15301 31015  12446 22495  
168649 250775  5251 34610  624 7105  85 377  5 33  
112832 165708  44965 88238  12227 24261  3325 8550  589 2734  
24916 40672  26976 45530  19626 36344  18623 29497  13840 22797  
124531 226160  42220 53400  5920 8990  1405 2662  355 1311  
132674 182457  26587 49901  11709 39971  2384 12679  922 5794  
161304 248979  12838 39405  430 3330  27 849  16 209  
142810 204113  27545 63832  3611 20108  431 3512  146 986  
39774 79309  36965 56799  22537 40083  20111 31957  14784 22034  
129121 204251  36228 60599  7861 20534  920 3965  274 1807  
16213 24822  12866 18427  13821 20624  9713 15987  9204 13645  
94235 154013  45987 72773  16725 32571  7479 16531  4180 7647  
