# NumberOfHospitals NumberOfScenarios TimeHorizon
1 300 5
# DemandeScenario_0_Hospital_0_Period_0 DemandeScenario_0_Hospital_1_Period_0 ... DemandeScenario_0_Hospital_0_Period_1 DemandeScenario_0_Hospital_1_Period_1 ...
# DemandeScenario_1_Hospital_0_Period_0 DemandeScenario_1_Hospital_1_Period_0 ... DemandeScenario_1_Hospital_0_Period_1 DemandeScenario_1_Hospital_1_Period_1 ...
# ...
# ...
# ...
244212  118589  53557  27521  11982  
65995  66312  56997  35010  35194  
422985  37163  6720  344  280  
232239  112590  64394  28488  12019  
308737  115293  31871  8229  2220  
336230  91601  27998  7243  3122  
126903  93284  63357  48502  32842  
362762  80811  19248  3796  665  
228870  131359  52873  29167  10699  
167487  110631  57925  42423  30860  
367804  75230  22166  1990  176  
123938  81225  68129  50225  35280  
186583  123577  69071  35865  24686  
276569  117446  41377  15746  8771  
379354  70768  13172  2541  1189  
310233  105488  30968  14144  4129  
309899  111429  27662  11729  4364  
285227  118536  46209  12803  2778  
40723  28842  33156  31647  25344  
239015  119214  56919  27030  13299  
204666  104616  67333  39323  22119  
126444  112489  79494  52392  34030  
80819  69936  57414  43664  37531  
189966  115459  65227  40375  24316  
117855  92838  63612  52085  33925  
40391  38976  33139  31271  25793  
397098  64566  4957  456  299  
216037  115008  59667  32368  20048  
269286  104633  42404  24820  14421  
36335  37057  28346  32047  30594  
34853  32159  26382  29841  24679  
364667  87453  8961  5393  854  
258604  108595  54609  22892  11947  
38177  39401  33706  32052  26243  
258123  108934  53608  25360  10779  
86234  65823  54569  40320  38169  
293339  118308  31715  17897  4028  
315512  91501  42687  10901  3085  
77397  54470  44046  42918  44398  
390531  50519  23676  1950  538  
335233  100767  22430  5739  1291  
146557  103392  66437  48405  31436  
191407  123121  56127  44689  22056  
200795  114888  69653  33919  17710  
336232  86838  29685  10357  3089  
77219  71081  51297  48436  37838  
40627  36813  32455  26229  30550  
37031  37668  35944  32480  28052  
69646  69240  60288  39796  36092  
42798  37473  35259  31911  23807  
232328  94231  65129  35434  18558  
326021  88009  39121  9220  3725  
157509  106766  74660  40078  29529  
251992  118351  47653  24216  12151  
168714  104792  63237  45175  30415  
39356  34172  35999  25527  27969  
166492  109756  69753  44581  27136  
155050  95090  80562  57229  32046  
306511  115538  27126  11404  3657  
158499  132320  65771  43929  26564  
184097  119619  68118  42507  20378  
126597  92535  64880  46574  33697  
164684  107416  66943  42213  31107  
160636  112219  67231  43829  22341  
36091  37437  32439  31436  28052  
168716  102497  70035  40758  30837  
268474  127416  44388  15175  5864  
300369  98633  43981  14934  5489  
112963  94240  51967  50838  29957  
301368  104835  37148  15266  5197  
114186  93758  68179  49931  37866  
38713  37990  32839  25065  30552  
170755  99785  60561  53741  24136  
299861  90552  49654  14540  6984  
314853  122226  18732  7113  2725  
77541  64762  57082  45418  28030  
385555  64769  14070  2337  594  
71164  55693  58266  51772  40917  
127153  91163  63877  46359  32203  
425523  34106  6913  844  79  
38546  31706  35826  33247  28930  
377700  71420  13122  3575  1062  
197586  113941  71681  33265  19868  
171472  108663  66328  42775  27747  
200252  121230  67345  31190  20534  
275001  107585  54051  18386  7437  
116691  89536  70062  47636  38853  
34060  35112  30596  30618  28189  
232980  107259  64173  32506  15043  
132852  103102  75227  54703  33207  
35240  34235  34814  28629  26741  
427969  34794  2947  1695  119  
76282  53830  57353  50993  31970  
164680  103511  68320  42963  28902  
407125  47302  10642  2196  197  
121740  91891  55030  45760  37441  
293288  104941  36225  18180  8755  
42446  37279  34587  28204  28403  
93704  88959  64585  50204  38637  
74745  61713  50329  42721  40380  
143009  102711  72424  47258  35989  
373013  67796  18930  4526  2463  
75725  62155  47547  43480  42838  
309130  92493  43554  10767  7947  
166209  101753  70511  39850  30308  
379773  64727  18223  3184  728  
106437  90280  60266  50827  34260  
244956  129320  59667  14736  11588  
223949  147320  42798  29728  14149  
342449  87485  25487  8690  2236  
325188  115683  19256  4974  1119  
211617  112363  62702  35725  20224  
282645  119227  41470  15376  5107  
315138  95891  31220  11064  8360  
38832  33755  27334  33500  22590  
418246  30955  12161  5392  705  
195230  120249  59906  36434  20580  
157071  106120  74227  42224  31627  
227628  122863  52102  35003  12111  
83537  63179  54475  47286  29860  
416560  38436  11649  701  122  
29404  34970  29091  30818  24544  
326409  90193  36632  8888  2632  
418875  38719  8908  789  210  
172042  102952  64863  45111  30302  
278320  112281  45020  18237  7213  
75107  71594  57449  44799  36316  
185316  101899  60309  49370  28401  
67296  71772  50529  47230  40292  
298305  126026  23674  8543  6021  
387428  60094  16108  3103  547  
39980  38006  34977  31410  29616  
186221  106749  77199  41692  20745  
351153  83170  25450  5068  1890  
330202  90899  33502  7467  3278  
289345  106969  45310  10443  8785  
354967  67690  33774  8681  1614  
189470  95633  80269  37309  25437  
208654  105043  62866  37823  22703  
239320  115194  56661  28759  12455  
186154  124456  66149  37892  20363  
198984  115068  59236  42446  22515  
246661  141753  47102  13171  8321  
170056  107114  67989  38918  28270  
171254  99701  65376  46800  28430  
246852  115501  56602  26602  10570  
201358  96656  77650  39578  19070  
126372  92520  68629  45060  36572  
98244  81184  59477  57862  45132  
75889  70549  58446  41212  38222  
79708  68015  58847  39643  40672  
379659  53065  27251  5479  993  
418627  43632  4344  709  191  
419939  43957  2920  593  73  
291329  96223  51614  15411  5518  
40370  38153  29983  32984  28222  
169308  114197  56100  53383  32419  
171355  103277  67347  43721  27608  
311556  109065  33559  6894  4676  
154457  106551  74840  43751  30802  
97227  97780  68780  40426  42953  
313447  112700  29376  7271  3199  
144232  91768  82555  47561  34560  
377384  74346  12110  2090  1186  
242800  121586  56812  23982  10189  
41679  38428  33127  27466  26967  
325741  99639  29684  8762  2544  
311642  105513  32591  9995  4489  
199657  116871  68456  36979  17762  
180612  127379  50958  49177  18037  
32236  33833  31509  27770  27169  
298762  105460  44312  10892  4717  
290425  106090  42475  17633  5559  
253478  105883  58784  24292  13705  
125928  91593  62238  51851  34984  
70522  66313  60054  45483  39518  
160992  110971  60126  44085  25754  
353935  86035  22599  2822  1025  
363554  85393  9888  6378  1189  
422382  41375  3260  382  86  
81921  60773  57133  40973  40407  
39082  29554  34619  31520  20898  
311777  99798  38956  11667  3236  
431729  27823  7330  483  139  
259396  128501  39683  21640  10048  
330943  109447  19145  4056  1971  
124426  90722  68436  48658  37029  
402706  53227  9867  1276  260  
98254  85440  68352  57326  39741  
148876  110431  74252  46884  28781  
371416  77469  13860  3879  586  
197106  118614  63056  33157  25305  
77523  67931  52301  49707  30293  
235609  130703  54429  22936  12684  
168099  120014  68418  43854  28407  
77391  65976  55950  46464  35486  
373294  75516  12402  4108  1604  
416583  46244  3026  1523  87  
245894  116966  48802  27156  14569  
374099  68093  15914  7450  1525  
354191  77511  24621  8193  2154  
67784  60985  44758  42516  36502  
252575  133678  38896  18164  12090  
81591  67747  58595  47450  35305  
72345  65942  54351  46424  41524  
126921  103742  82546  45309  36101  
239257  118288  58442  26038  12792  
42331  38186  35645  31470  27957  
39610  35600  32513  30867  30333  
205901  116669  61947  35482  21087  
37966  36057  35215  31579  30115  
75395  57395  51520  38839  42485  
267944  122354  46469  14567  7674  
112828  94437  53078  55925  31781  
286771  121609  37326  14334  3025  
102778  89060  66744  43122  37054  
389501  65910  8123  2279  1069  
155695  90394  81108  48287  24047  
281165  120032  39936  14705  6674  
429622  30128  6074  1165  401  
196449  142942  58238  36116  13448  
296955  105828  41460  13766  5888  
261636  115502  53293  18657  8863  
162867  111637  70534  36731  27654  
301048  132024  24294  5496  2577  
163378  101036  72187  48098  26242  
81682  53553  58723  42407  36723  
317224  108944  29607  8259  2346  
388623  43001  27839  5945  1924  
379002  66908  15217  3608  2058  
84530  67073  54956  47387  38169  
105542  82815  67858  52150  35080  
106091  90902  53912  57658  41988  
78975  66774  58608  46460  38026  
80580  63471  58322  48110  39660  
192871  124175  68125  35109  17951  
384205  59190  19882  2578  1308  
430479  28938  6352  1667  80  
297052  94604  48739  17082  6311  
256943  122963  55246  18827  8360  
329919  104078  25381  5705  1720  
421588  36459  7734  1387  227  
241097  112624  45416  38645  15394  
188350  127133  68951  33347  19329  
72728  66513  48446  47503  32352  
41267  35075  31468  30666  28725  
157507  108315  72563  47422  29252  
356722  84704  21284  3737  682  
81681  68965  56670  46644  38892  
84145  68209  57312  43899  34490  
334037  82684  37267  7977  3764  
311514  113845  24506  11694  3863  
73078  56996  60513  46714  41081  
277669  122091  41579  14777  4984  
360763  85411  17739  2453  538  
236471  125644  58867  18716  14886  
283936  118856  31253  16157  9963  
151803  94447  81361  47027  30388  
163701  96157  70524  44042  31965  
333924  74918  37705  13526  5681  
365675  59890  24891  14638  1594  
309065  92705  45114  14976  4055  
239121  118686  60605  26735  8829  
324691  90973  35307  10961  3953  
58097  64280  51632  49233  39728  
333388  106359  20583  5412  1096  
281150  114582  41124  16724  7908  
270257  102368  60120  17484  11061  
114546  87001  65501  55207  36531  
206555  114277  64969  30602  23210  
123806  89282  62762  51279  38103  
240846  115048  57905  26828  12814  
329273  101430  21123  11299  3411  
40616  38815  34080  31528  28485  
339989  80202  29144  13278  3281  
211445  107262  64831  38506  17977  
171587  120839  60676  35094  25832  
150980  115477  66213  47109  29904  
271229  117103  50074  14636  9010  
398115  59137  8850  966  361  
255398  101975  57810  25436  14424  
38437  36910  35762  29164  29268  
325386  89095  41305  9374  1426  
196066  134191  62341  28376  21760  
109120  83876  73103  48021  40592  
398005  55333  11703  1759  342  
41149  38130  34639  28307  29920  
225141  120864  59626  33989  13705  
342225  101651  18683  2765  1403  
212230  110083  64431  36914  17208  
134714  104550  75708  52665  33115  
383810  64745  10506  5563  1363  
198607  106186  70811  40360  17587  
237455  123537  58738  23893  13070  
166906  127341  66489  41127  25283  
214074  99415  68036  35820  21344  
419340  40480  5734  1530  160  
252397  94981  69588  21285  16964  
253120  132101  51400  17549  8376  
291612  96914  48742  15397  7545  
