# NumberOfHospitals NumberOfScenarios TimeHorizon
1 20 5
# DemandeScenario_0_Hospital_0_Period_0 DemandeScenario_0_Hospital_1_Period_0 ... DemandeScenario_0_Hospital_0_Period_1 DemandeScenario_0_Hospital_1_Period_1 ...
# DemandeScenario_1_Hospital_0_Period_0 DemandeScenario_1_Hospital_1_Period_0 ... DemandeScenario_1_Hospital_0_Period_1 DemandeScenario_1_Hospital_1_Period_1 ...
# ...
# ...
# ...
244212  118589  53557  27521  11982  
65995  66312  56997  35010  35194  
422985  37163  6720  344  280  
232239  112590  64394  28488  12019  
308737  115293  31871  8229  2220  
336230  91601  27998  7243  3122  
126903  93284  63357  48502  32842  
362762  80811  19248  3796  665  
228870  131359  52873  29167  10699  
167487  110631  57925  42423  30860  
367804  75230  22166  1990  176  
123938  81225  68129  50225  35280  
186583  123577  69071  35865  24686  
276569  117446  41377  15746  8771  
379354  70768  13172  2541  1189  
310233  105488  30968  14144  4129  
309899  111429  27662  11729  4364  
285227  118536  46209  12803  2778  
40723  28842  33156  31647  25344  
239015  119214  56919  27030  13299  
