# NumberOfHospitals NumberOfScenarios TimeHorizon
1 50 5
# DemandeScenario_0_Hospital_0_Period_0 DemandeScenario_0_Hospital_1_Period_0 ... DemandeScenario_0_Hospital_0_Period_1 DemandeScenario_0_Hospital_1_Period_1 ...
# DemandeScenario_1_Hospital_0_Period_0 DemandeScenario_1_Hospital_1_Period_0 ... DemandeScenario_1_Hospital_0_Period_1 DemandeScenario_1_Hospital_1_Period_1 ...
# ...
# ...
# ...
244212  118589  53557  27521  11982  
65995  66312  56997  35010  35194  
422985  37163  6720  344  280  
232239  112590  64394  28488  12019  
308737  115293  31871  8229  2220  
336230  91601  27998  7243  3122  
126903  93284  63357  48502  32842  
362762  80811  19248  3796  665  
228870  131359  52873  29167  10699  
167487  110631  57925  42423  30860  
367804  75230  22166  1990  176  
123938  81225  68129  50225  35280  
186583  123577  69071  35865  24686  
276569  117446  41377  15746  8771  
379354  70768  13172  2541  1189  
310233  105488  30968  14144  4129  
309899  111429  27662  11729  4364  
285227  118536  46209  12803  2778  
40723  28842  33156  31647  25344  
239015  119214  56919  27030  13299  
204666  104616  67333  39323  22119  
126444  112489  79494  52392  34030  
80819  69936  57414  43664  37531  
189966  115459  65227  40375  24316  
117855  92838  63612  52085  33925  
40391  38976  33139  31271  25793  
397098  64566  4957  456  299  
216037  115008  59667  32368  20048  
269286  104633  42404  24820  14421  
36335  37057  28346  32047  30594  
34853  32159  26382  29841  24679  
364667  87453  8961  5393  854  
258604  108595  54609  22892  11947  
38177  39401  33706  32052  26243  
258123  108934  53608  25360  10779  
86234  65823  54569  40320  38169  
293339  118308  31715  17897  4028  
315512  91501  42687  10901  3085  
77397  54470  44046  42918  44398  
390531  50519  23676  1950  538  
335233  100767  22430  5739  1291  
146557  103392  66437  48405  31436  
191407  123121  56127  44689  22056  
200795  114888  69653  33919  17710  
336232  86838  29685  10357  3089  
77219  71081  51297  48436  37838  
40627  36813  32455  26229  30550  
37031  37668  35944  32480  28052  
69646  69240  60288  39796  36092  
42798  37473  35259  31911  23807  
