# NumberOfHospitals NumberOfScenarios TimeHorizon
2 300 3
# DemandeScenario_0_Hospital_0_Period_0 DemandeScenario_0_Hospital_1_Period_0 ... DemandeScenario_0_Hospital_0_Period_1 DemandeScenario_0_Hospital_1_Period_1 ...
# DemandeScenario_1_Hospital_0_Period_0 DemandeScenario_1_Hospital_1_Period_0 ... DemandeScenario_1_Hospital_0_Period_1 DemandeScenario_1_Hospital_1_Period_1 ...
# ...
# ...
# ...
92145 153395  40188 76558  20835 32975  
90485 137505  38252 73003  21723 42157  
78100 143518  48290 81367  21476 33446  
93643 166959  43774 75714  22527 30569  
61556 93064  41010 60691  24523 44768  
26516 51986  27255 44426  20270 33396  
115493 186500  39782 61039  12720 25500  
83876 129607  39705 54077  23942 41914  
63726 86127  39828 66774  27025 44170  
94790 157458  38574 56319  18487 31485  
124914 205114  34229 63955  11954 15927  
128008 254886  41334 33808  3782 2504  
74680 127918  43136 71885  25962 42698  
124327 238397  37357 41807  7545 7095  
155447 245401  17288 41663  1778 4713  
102435 185273  51317 78730  11752 15040  
100828 151080  37642 68874  19648 38887  
88813 150478  44998 79000  19285 33820  
15386 19232  15178 21941  12684 17136  
14868 26068  13135 20553  12779 21562  
25318 51970  26618 44772  23163 35398  
100095 199772  41900 59365  20713 19454  
146285 242322  18688 38775  8156 9515  
79126 143106  44987 79673  24907 27916  
26333 46572  22691 44252  21986 30719  
100577 154351  42427 70403  17751 35291  
95437 178201  52837 70181  14765 26568  
42169 70037  35944 48432  21703 36463  
134473 205322  28676 56777  8574 21173  
48938 69875  35468 61136  25502 44186  
44741 61721  33732 54489  25869 37229  
26793 38487  26967 42930  22614 35467  
65808 99718  33883 63416  28179 44554  
150287 231900  16846 49726  6218 7871  
93491 137144  46378 75861  18794 43630  
25507 49863  25899 38027  22350 37576  
68596 126334  42774 59862  28118 40507  
48867 72606  34741 46562  23435 43803  
167949 237351  6316 45344  326 8610  
136572 178940  33003 83227  4371 22507  
14718 24877  14530 23445  13118 21489  
24767 41342  22253 33974  21094 30444  
95211 147098  45942 72016  16739 40740  
99557 175399  60042 88440  11487 19301  
127853 169497  39543 97518  5071 11551  
84020 107846  44448 60294  18582 45082  
59657 108542  32820 63653  26267 42532  
58514 122825  44849 76001  31339 43063  
144705 169281  27617 88223  1524 15317  
165136 227177  8732 61019  640 2831  
11298 24474  12333 23899  11689 21331  
89709 163314  43970 71826  23415 30731  
28197 48170  20585 41806  23713 34381  
133581 183789  30920 78510  7563 19419  
117669 145470  34955 72172  15888 40218  
109105 164644  42176 82956  14928 26343  
116094 180440  37986 56292  12029 35653  
148090 217807  20614 46961  3809 18184  
125951 216593  33185 47838  11199 21034  
66755 94360  39846 70756  23697 37983  
62765 89654  38933 73997  23444 43573  
57445 107688  37404 60697  30140 44489  
146031 190140  24624 82905  3119 13328  
83299 126630  40105 72568  19643 31418  
82642 132148  42938 72893  20917 38207  
148268 197977  21580 64232  4098 21168  
148259 209170  22105 67876  3610 12623  
70053 97691  38855 65527  29958 56495  
25184 51900  27714 44414  18977 35648  
145665 187762  22701 79508  4485 15671  
42189 52795  34499 59023  24486 34560  
40332 72060  37087 61147  23384 39601  
117014 177256  32973 68905  15257 22666  
120509 236678  39130 43525  10023 8628  
52996 89636  44790 69285  23103 40256  
14908 25726  13839 24786  11826 22240  
114722 172849  39716 62899  12825 35833  
87522 121641  39689 66658  26411 46815  
97380 149847  40331 77704  17638 27592  
45659 68792  30671 45806  27299 47609  
71437 134612  42945 70765  24461 35927  
28095 53387  20177 40376  19927 36180  
83974 119224  39463 74723  22724 39798  
158812 269014  15212 19715  465 3253  
51216 104425  46524 68618  24893 43057  
99168 132297  41055 72834  19656 42670  
30434 53611  25139 37543  20264 35965  
97232 163006  47605 63704  11921 26699  
42654 80458  31750 55754  25618 43192  
63521 106577  41534 54384  24834 44305  
66733 98738  39949 71460  24866 43951  
115921 181638  33255 70890  13494 24827  
140331 219843  23469 44718  9007 16515  
45309 79925  37103 53318  25095 37861  
94397 146641  36560 61713  27509 44726  
102755 181883  44414 70695  16221 20542  
28496 46160  21836 34668  23566 37735  
48703 74754  34371 54379  25733 42456  
91705 133149  42958 77282  22909 43883  
16160 20832  14193 22293  13298 22343  
16629 26379  14326 19245  13612 20712  
102740 120469  44501 98033  17958 40027  
48977 99329  42255 66044  26446 46007  
65478 107286  32725 66476  29425 39786  
31702 52729  27507 40146  22194 33067  
109184 161569  47850 80880  10586 33383  
15124 26794  12540 23293  12932 18502  
100792 146094  38672 81570  18598 34403  
100271 150039  39216 79715  20266 32495  
153758 269087  15495 17837  4610 5672  
80196 135747  45046 70398  20590 39793  
80404 140196  52346 89545  21214 29957  
95969 146614  42946 80272  20427 35002  
39995 79486  34941 55801  25414 42516  
44270 75170  29824 44788  28862 42356  
33491 48111  26362 42104  21160 31678  
155908 197651  17370 74175  1001 11503  
103180 171358  36001 60452  22382 36774  
63915 94819  34179 66705  25572 47556  
162487 230718  10288 54191  1421 5136  
99868 155323  39179 71718  20450 31295  
14216 26123  10794 22415  11886 21049  
116292 157203  39363 79534  12265 32101  
126074 184083  37141 71260  8752 23623  
108187 212592  45192 56305  15075 16680  
64343 130935  51808 73641  26434 39707  
63038 106298  41662 63724  25743 43963  
32688 50027  23261 44453  22011 34536  
70540 115728  48494 85382  22705 33462  
162593 230160  11572 55953  335 5250  
114749 234770  48219 46331  8640 8581  
29048 39871  26802 44432  17429 32077  
54558 106331  39071 60978  24769 44511  
145919 219559  15925 40675  11145 24503  
164467 229462  9854 57137  282 4635  
88587 161917  37713 58856  24165 38233  
80923 131933  43504 73161  22706 39042  
116407 198853  47858 60227  6626 18703  
95050 162180  42162 63639  21117 33322  
141233 218673  27549 57203  4101 12331  
30460 49813  22343 35103  22658 37938  
125294 192985  33952 70764  10260 19914  
101148 181179  42870 61612  18116 26177  
62962 108844  45148 57642  30722 50460  
30941 46839  25507 38740  20314 38404  
74617 125296  41478 70469  28124 34718  
116048 168206  36377 57515  11882 35560  
92890 127144  43709 71856  19417 36400  
133473 204056  24714 59880  12270 18343  
134266 204181  30759 62776  7239 15127  
97386 138112  37721 65502  25092 44358  
50198 77604  33405 59979  26253 38586  
98437 135710  49694 81893  17308 44057  
139022 253393  25472 29955  9252 8830  
30541 43525  24831 39818  21868 33634  
63517 86403  42151 62727  21909 34072  
15947 22410  15142 21484  13773 20813  
134762 254682  32490 33264  5900 4072  
43899 71846  33839 61725  26539 42680  
164327 230047  9703 54751  454 6715  
167545 248991  5386 37554  1172 3981  
138921 244994  28490 37074  5460 8785  
63065 91100  38953 63734  28015 47099  
91383 171390  40091 58964  27367 40431  
145917 262915  25472 22519  2175 5407  
88497 179532  48854 71604  19433 25281  
109021 136162  44252 91809  13564 37221  
153004 239861  18625 47948  1692 2425  
83805 107992  46724 68610  21996 39779  
116626 164846  38930 74871  11381 28159  
138558 231756  31091 43151  3917 13849  
76788 135062  38768 71607  24648 38771  
13968 25896  13339 21640  11566 22216  
53528 106006  41729 68951  24552 41795  
13747 24912  13707 24760  11745 20708  
134765 238810  32048 44357  5036 6909  
92686 116383  47173 85535  15842 35285  
42976 77572  35992 57352  27501 41536  
60398 104188  38845 62652  21989 35813  
81299 136049  50128 62251  23638 54976  
63092 87622  35098 47630  29211 54560  
28977 42986  23408 40924  23232 34404  
120652 181713  33786 69350  10839 18338  
115643 164038  38279 76751  13642 30224  
16333 21779  13825 20387  11595 13746  
16512 22152  14172 18328  13289 19585  
112021 224378  43751 52464  12945 11417  
129342 192102  33467 63887  9884 27923  
130281 181392  31660 60812  9691 36625  
131869 187127  32815 73629  6200 12543  
50557 74987  31937 55613  25778 37677  
146398 211608  20386 40343  5020 18843  
83340 115464  40084 80790  23052 40432  
128945 206160  34895 55081  7032 15656  
83841 129920  39869 75245  24386 37859  
14834 19555  11366 19512  14300 21341  
49881 72975  35128 52607  21885 40741  
117494 201652  35627 65094  15306 17598  
28345 49236  23701 39738  22497 37406  
81464 118662  52165 90452  17977 38204  
83304 129408  42444 61534  19083 43371  
148187 208332  18285 58463  5461 12096  
98067 169132  42602 76304  22522 27894  
62942 108883  36871 67751  23523 39226  
26947 51733  25342 44108  18626 35395  
102358 179481  40921 60894  18357 25677  
115457 184249  35863 69758  15011 24768  
120042 190957  38047 73420  11725 17287  
59250 84804  35824 53500  29821 56182  
119180 195177  31314 51916  14002 20875  
46502 79645  32022 54048  24338 43731  
147576 232471  22828 42423  2947 12305  
99275 159728  42966 66874  17485 28992  
59525 85473  35876 65683  30162 47905  
63275 104574  38578 56785  26735 47896  
95217 155627  51851 77998  15195 28081  
30148 53218  23067 43792  18808 33296  
83762 93497  43749 74762  21475 39652  
28040 49260  26250 40946  20016 36352  
48785 80417  33154 58436  25377 40334  
149760 216651  20885 62951  3238 8868  
77011 123292  43207 79016  24880 41030  
14343 21736  10857 18892  13114 17303  
58016 94093  43043 67307  28060 47003  
33106 51103  22763 27904  17555 34202  
134725 203876  28350 62121  7250 17108  
33167 52821  24747 40035  20716 30459  
115152 163532  39964 72268  12624 28320  
14840 24580  11771 19004  12030 22796  
48062 80146  34934 55575  22636 35319  
13230 21211  12563 23633  10168 18152  
66484 92315  41455 71341  25427 42885  
16465 26613  13981 21882  13058 18956  
146509 199760  22884 73788  3935 14667  
12203 25453  10867 22701  14071 22062  
93134 171019  43968 69852  20664 32742  
14402 26104  14657 24360  12904 21208  
44822 55613  34198 50293  23730 40645  
12826 25427  14717 23882  13876 22158  
82310 131837  42550 74295  21019 39498  
14474 25035  13865 24725  13887 21969  
129748 215340  33920 55943  7808 13446  
64127 102384  42123 59335  25121 48475  
60933 86855  32201 54624  29876 49236  
86749 145599  49139 78101  24233 40203  
74310 136010  41850 64571  21022 38072  
30033 44152  26354 43234  21366 31230  
114942 175294  40504 57634  11181 35417  
92627 131175  44222 81920  19841 41601  
93587 200546  59722 66971  14889 18001  
135816 245320  33428 37490  3972 8044  
125742 160606  34632 83489  10043 25805  
40903 65302  34373 49959  23108 37900  
70739 128253  39595 69144  26926 34399  
101088 146356  40870 77302  18423 36904  
65136 131446  47562 73451  23283 37209  
73963 96873  47044 85411  25567 43046  
51573 104824  35425 65807  30689 44588  
152211 260707  16590 21154  3219 6389  
133772 205674  29841 53001  7924 25205  
22494 49014  25029 44636  21211 36311  
129012 240946  36399 42614  5835 6727  
15468 26145  14008 20743  13370 21296  
150241 219698  19948 58462  3258 9845  
86806 156905  35930 67980  29173 36928  
85121 143256  42826 81568  20631 25464  
128935 163829  30319 71723  11762 36117  
14908 20928  12787 21865  10209 16843  
64486 90156  35747 55526  21339 38191  
113319 224531  44228 52604  13185 9767  
15526 25447  15077 20380  13383 18405  
144002 254500  18926 19680  10122 13075  
66848 93244  41569 66120  23222 34214  
15218 23038  12392 13555  10471 17594  
109894 175000  42362 79529  15096 22954  
38288 77677  37107 55661  23121 41792  
58403 102024  40672 69946  21117 36504  
31424 54027  25908 42149  18843 32940  
152584 264368  19867 21211  1986 5965  
49362 71890  34945 61030  25188 40655  
44376 81529  30597 55238  27951 39246  
128902 172506  29466 63658  12069 33402  
58477 85459  37652 59369  28855 49725  
14299 23615  15421 22470  11452 16789  
41638 60623  34395 56760  28066 44882  
133350 207664  36274 56873  3369 13875  
49384 101138  46828 68525  21756 41741  
103836 168162  47421 75984  13748 30308  
75329 120283  47351 69328  25049 43894  
27282 47717  24010 36303  17027 27834  
12832 25251  14872 23903  10014 20483  
128759 167542  33796 90309  7774 15181  
100777 152295  41906 73135  17910 35519  
124963 212411  30514 54607  14135 18713  
79983 130644  44172 63571  23227 44358  
75158 101337  42164 81954  22020 37421  
118606 215176  41423 53899  11243 16172  
136956 224509  30394 56136  4993 9289  
78948 138758  44288 63055  27758 43317  
144681 237217  21728 30045  5543 19115  
