# NumberOfHospitals NumberOfScenarios TimeHorizon
4 100 4
# DemandeScenario_0_Hospital_0_Period_0 DemandeScenario_0_Hospital_1_Period_0 ... DemandeScenario_0_Hospital_0_Period_1 DemandeScenario_0_Hospital_1_Period_1 ...
# DemandeScenario_1_Hospital_0_Period_0 DemandeScenario_1_Hospital_1_Period_0 ... DemandeScenario_1_Hospital_0_Period_1 DemandeScenario_1_Hospital_1_Period_1 ...
# ...
# ...
# ...
21534 53179 23577 16961  9258 22576 9397 7926  4272 11447 5382 3394  1892 7808 6514 1209  
21047 50482 21531 16678  9470 24511 12167 7626  4398 13699 8391 3401  1746 6384 4538 1272  
8482 22124 10040 7014  6427 18597 9888 4969  5544 11195 3557 4979  4652 13215 7165 3464  
14646 35314 14923 12005  8762 20156 7775 7330  5445 16809 9976 3862  3409 9677 5078 2697  
14530 37768 17121 11987  9478 22163 9268 8088  5547 13698 6310 4523  3995 10841 5561 2886  
23438 53551 20379 20059  9261 28260 16105 6700  3276 10937 7495 2252  1362 4742 3606 868  
3064 8304 3999 2443  3141 6931 2510 2706  2950 7511 3427 2381  1984 5729 2979 1566  
14684 42547 21596 11604  10557 30117 16352 7776  7288 15350 6102 6227  2997 6002 2356 2708  
34695 92020 43913 27317  3473 7804 4696 3106  340 1266 1300 142  57 105 13 49  
16759 40778 17808 13044  10332 27231 13408 8313  5452 14792 7681 4412  2700 6718 3217 2286  
17661 34516 8990 16135  10672 28037 12044 8173  5174 18270 11978 3405  2405 7743 4366 1585  
21190 54936 25510 16879  8767 21522 9613 7397  4887 13684 7576 3592  1842 5772 3858 1351  
18109 53676 28725 13333  10090 23026 9552 8854  4763 12958 6845 3463  2671 6099 2755 2101  
23945 58037 24366 19944  9650 27969 15479 7000  3122 9074 5376 2401  1024 3181 2175 771  
10523 28325 13859 8079  6835 19568 10272 5183  5648 13086 5577 4543  4270 11172 5498 3442  
13197 27570 8805 11607  8646 19717 6922 7202  6353 18078 9214 4690  3861 12910 8245 2683  
3570 9077 4115 2871  3349 8005 3368 2733  2345 6921 3682 1786  2739 6863 3091 2218  
10134 27911 13922 7777  6336 18626 9972 4775  4498 12453 6322 3622  3191 8403 4154 2714  
19516 55349 27838 15318  11026 23919 9785 9651  3318 9157 5513 2676  2773 8063 4470 1711  
21170 56133 26877 16556  9893 23894 10847 7981  4134 11618 6387 3323  1479 4277 2381 1256  
29769 82290 41695 22043  7530 14857 5585 7546  1130 3172 1827 922  125 747 703 79  
35227 82596 33127 29560  3195 17372 14573 1004  156 931 1073 77  20 220 695 2  
6641 18534 9458 4932  5553 14982 7471 4201  5012 11706 4830 4228  3767 10103 4972 3007  
7218 18657 8735 5620  5771 15336 7480 4469  4642 9944 3475 4024  3284 9824 5600 2331  
27203 81203 44019 19553  9167 16382 4887 8723  1490 2649 883 1376  581 831 103 776  
27773 64357 25252 23484  7354 19551 8091 5435  2662 11591 8672 1368  581 4211 5712 248  
9777 27045 13730 7201  6979 19514 10201 5168  6209 14865 6452 5239  4443 10826 4925 3694  
24778 58308 23542 20740  8785 24029 11715 6718  3013 10852 7606 2003  1306 5233 4392 750  
7022 16772 6919 5853  5908 13486 5236 4882  4434 10714 4404 3710  3976 10277 4787 3160  
24343 55315 21659 19772  9198 24577 11349 7488  3389 12760 8534 2340  1008 5152 5304 598  
17731 38816 13933 15092  9144 22251 8718 7465  5215 16425 9764 3538  2805 9289 5448 2071  
7366 17557 7356 5977  5565 13096 5223 4702  4563 12882 6711 3491  3649 10618 5799 2723  
24523 72520 39040 17662  8519 19831 8539 7090  3836 6110 1509 4167  1158 1918 578 1174  
17588 42392 18206 13915  9763 25025 12012 7830  5216 13977 7176 4211  2879 8854 5094 2257  
23973 55617 21801 20324  9736 27445 14033 6940  3202 11607 8530 2164  971 3470 2233 742  
5770 15703 7547 4637  5688 13275 5342 4822  4187 11111 5361 3397  4374 10978 5037 3448  
7113 18124 8369 5518  5863 15293 7318 4576  4640 10807 4518 3785  3702 10290 5225 2919  
16705 45400 22614 12453  9623 25781 12857 7666  5320 13673 6644 4427  3208 7346 3230 2850  
26715 67044 29013 22386  7657 15210 4348 6462  3627 15568 11988 1560  432 2555 3525 174  
14624 35149 14956 11745  7970 24027 13562 5810  5894 15470 7700 4689  3480 7354 2448 3190  
10906 26433 11228 8946  7829 19665 8970 6142  5328 14280 6959 4274  4054 10221 4663 3304  
21234 62421 33549 15125  10198 24151 10887 8471  4695 8729 3047 4635  1438 3712 1647 1302  
12584 31860 14078 10404  9679 22262 8840 8000  4576 13803 7857 3535  3562 8442 3553 2995  
33712 76236 29692 27221  4449 20952 16304 3234  405 3179 3082 180  53 720 526 8  
3667 8525 3424 3025  2992 7187 3090 2341  2749 7427 3596 2187  2668 6859 3163 2155  
5975 16090 7665 4804  5826 15064 7049 4663  5004 12225 5371 4083  3645 9672 4741 2921  
32688 77904 32276 27013  4905 17927 12004 2920  753 4426 4527 486  230 792 744 195  
30448 70992 28000 25821  5584 15550 6377 3882  1890 8465 5735 789  569 4296 4793 132  
12411 28191 10462 10783  7753 21189 10529 6220  5858 12254 3718 4974  4320 14143 9041 2954  
22973 68584 36704 17096  10857 21864 8246 9805  3272 7982 3804 2389  832 1861 917 671  
10453 27136 12592 8352  6779 18779 9494 5327  5639 12194 4411 4887  4405 12008 6211 3311  
17783 53593 29193 12840  9442 24228 11394 7702  5558 11753 4688 5025  2678 6136 2733 2125  
21619 51438 21612 17344  9617 24848 11384 7897  4056 11563 5767 3186  1846 7253 5520 1243  
26340 70272 32998 21379  9690 21783 9942 7951  2138 7008 4525 1150  317 1693 2014 118  
12746 28060 9877 11140  9751 26774 13511 7390  5604 13155 5123 4636  3505 8806 3617 2790  
10179 24331 9987 8544  7718 21424 10991 5853  5598 14669 7093 4468  4142 10915 5415 3279  
26143 68335 31695 21090  7641 23216 14244 5387  3554 6796 2525 3168  667 1511 761 601  
26384 64285 26573 22459  8019 25224 16663 5739  2815 5809 2055 1979  732 3110 2850 298  
10799 26915 11880 8764  7662 18949 8325 6280  5263 15376 8496 3862  3524 10555 6003 2627  
3418 8847 4078 2749  3306 7511 2905 2762  2888 6430 2357 2459  2186 6527 3540 1653  
22035 51198 20540 18188  9081 26709 14394 6914  3742 10095 5243 2732  2148 6808 4279 1654  
34127 87502 39802 27618  2849 9396 7754 2210  672 1753 1383 476  789 1684 428 321  
18451 50852 24547 14916  12180 31772 16187 9385  4559 11331 5864 3603  1773 4108 2070 1444  
16449 45654 22339 13149  10438 23356 9618 9094  5732 15215 8019 4387  2550 8602 5788 1589  
16462 38510 15884 13004  10202 29012 15461 7915  4815 14110 8351 3638  3205 8282 4251 2708  
3682 9078 3971 2973  2923 8428 4446 2164  2699 6582 2786 2274  2314 4827 1513 2073  
5914 17875 9791 4221  5704 15372 7557 4429  4540 12431 6280 3476  3412 9277 4595 2733  
2837 8516 4575 2109  3381 8525 3883 2677  3045 7572 3376 2471  2526 7026 3591 1930  
36244 82676 32342 29862  2169 14276 10445 774  178 3524 5890 9  26 674 995 0  
30243 83624 42295 22564  5816 13589 6719 5104  2113 2660 518 2563  289 909 340 248  
15079 43635 22692 11435  9069 19921 7643 8126  5491 16017 9077 4057  3945 8808 3735 3290  
28504 67649 27716 23740  6125 19220 11036 4562  2715 10508 8392 1552  810 2146 1239 574  
24908 54844 19901 21156  8966 25820 12758 6537  2916 11748 8155 1897  1178 4831 3762 702  
17458 48624 24062 13781  11838 29262 13636 9347  5003 11308 4891 4308  1688 5218 3452 1301  
19315 40539 12981 17070  9398 27703 14598 7054  5231 16866 10522 3581  2337 7330 4575 1608  
6204 18236 9752 4502  5955 14782 6564 4880  3846 11012 5713 3001  3989 10596 5260 3064  
18380 40154 13805 16210  9935 22967 7994 8029  4955 17110 11026 3333  2515 8118 4741 1653  
26802 70370 33802 20204  8667 19751 9194 7901  2157 7937 5315 1638  622 2176 1261 512  
12016 33728 16913 9372  8472 24041 12690 6348  5670 15458 7956 4241  4456 10373 4601 3685  
30935 74188 31689 24383  6490 21461 13745 5329  916 4089 3621 710  202 1015 711 161  
9780 21200 7282 8551  7239 19537 9482 5749  5550 12811 4899 4632  4545 12551 6441 3422  
12212 35129 18547 8730  8474 23615 12223 6413  6306 15650 7185 5247  4213 9047 3724 3669  
14503 37500 17488 11406  8215 22305 11451 6136  5522 13568 6475 4435  3816 8504 3273 3416  
21145 56207 27216 16184  8883 24481 12682 7063  3408 9871 5757 2452  2234 5195 2438 1855  
13306 34821 16672 10023  8813 24528 12657 6828  5739 13162 5771 4768  3463 10241 5784 2663  
5891 16763 8524 4561  6183 15433 6959 4956  3702 10323 5205 2975  3705 9134 4084 3106  
12556 36473 19196 9325  8768 22627 10907 6658  5561 15002 7700 4302  4456 9695 3939 3960  
21499 43784 12905 19309  11173 35469 20280 7616  3658 13326 9484 2357  1525 5071 3259 939  
3052 8426 4149 2405  3279 7629 3052 2750  3088 7623 3375 2474  2610 6149 2493 2196  
28224 67438 27317 24000  6934 16621 6214 5294  1960 9187 8493 926  1101 4653 3078 358  
24637 58393 23819 20591  9345 26217 13543 6922  2658 8964 5789 1924  1183 4968 4519 686  
3585 9409 4468 2798  3050 8424 4276 2283  2491 7409 4025 1815  2728 5950 2174 2343  
6752 15774 6484 5367  5796 15229 7387 4473  4888 12977 6323 3864  3947 10568 5222 3131  
6839 16187 6551 5756  4676 12124 5508 3881  4753 13331 6939 3601  2687 7655 3998 2191  
14468 32831 12732 11947  8816 25480 13691 6623  5025 10827 3419 4458  3718 11843 7391 2637  
14228 35677 16150 11102  8521 23883 12620 6450  5616 15382 7879 4473  3525 8871 4459 2832  
5503 15514 7738 4350  5013 14968 8159 3648  4896 12680 6021 3914  3781 10409 5335 2893  
27736 59149 20059 23916  7685 27755 16859 4977  2412 9240 6206 1373  597 3597 4078 293  
21834 68785 39066 14991  10715 22969 8425 9325  3628 6424 1911 3435  1394 2013 390 1590  
9876 23190 9209 8393  6060 17953 9692 4663  5541 11447 3629 4860  4094 9976 4268 3381  
