# NumberOfHospitals NumberOfScenarios TimeHorizon
4 200 4
# DemandeScenario_0_Hospital_0_Period_0 DemandeScenario_0_Hospital_1_Period_0 ... DemandeScenario_0_Hospital_0_Period_1 DemandeScenario_0_Hospital_1_Period_1 ...
# DemandeScenario_1_Hospital_0_Period_0 DemandeScenario_1_Hospital_1_Period_0 ... DemandeScenario_1_Hospital_0_Period_1 DemandeScenario_1_Hospital_1_Period_1 ...
# ...
# ...
# ...
21534 53179 23577 16961  9258 22576 9397 7926  4272 11447 5382 3394  1892 7808 6514 1209  
21047 50482 21531 16678  9470 24511 12167 7626  4398 13699 8391 3401  1746 6384 4538 1272  
8482 22124 10040 7014  6427 18597 9888 4969  5544 11195 3557 4979  4652 13215 7165 3464  
14646 35314 14923 12005  8762 20156 7775 7330  5445 16809 9976 3862  3409 9677 5078 2697  
14530 37768 17121 11987  9478 22163 9268 8088  5547 13698 6310 4523  3995 10841 5561 2886  
23438 53551 20379 20059  9261 28260 16105 6700  3276 10937 7495 2252  1362 4742 3606 868  
3064 8304 3999 2443  3141 6931 2510 2706  2950 7511 3427 2381  1984 5729 2979 1566  
14684 42547 21596 11604  10557 30117 16352 7776  7288 15350 6102 6227  2997 6002 2356 2708  
34695 92020 43913 27317  3473 7804 4696 3106  340 1266 1300 142  57 105 13 49  
16759 40778 17808 13044  10332 27231 13408 8313  5452 14792 7681 4412  2700 6718 3217 2286  
17661 34516 8990 16135  10672 28037 12044 8173  5174 18270 11978 3405  2405 7743 4366 1585  
21190 54936 25510 16879  8767 21522 9613 7397  4887 13684 7576 3592  1842 5772 3858 1351  
18109 53676 28725 13333  10090 23026 9552 8854  4763 12958 6845 3463  2671 6099 2755 2101  
23945 58037 24366 19944  9650 27969 15479 7000  3122 9074 5376 2401  1024 3181 2175 771  
10523 28325 13859 8079  6835 19568 10272 5183  5648 13086 5577 4543  4270 11172 5498 3442  
13197 27570 8805 11607  8646 19717 6922 7202  6353 18078 9214 4690  3861 12910 8245 2683  
3570 9077 4115 2871  3349 8005 3368 2733  2345 6921 3682 1786  2739 6863 3091 2218  
10134 27911 13922 7777  6336 18626 9972 4775  4498 12453 6322 3622  3191 8403 4154 2714  
19516 55349 27838 15318  11026 23919 9785 9651  3318 9157 5513 2676  2773 8063 4470 1711  
21170 56133 26877 16556  9893 23894 10847 7981  4134 11618 6387 3323  1479 4277 2381 1256  
29769 82290 41695 22043  7530 14857 5585 7546  1130 3172 1827 922  125 747 703 79  
35227 82596 33127 29560  3195 17372 14573 1004  156 931 1073 77  20 220 695 2  
6641 18534 9458 4932  5553 14982 7471 4201  5012 11706 4830 4228  3767 10103 4972 3007  
7218 18657 8735 5620  5771 15336 7480 4469  4642 9944 3475 4024  3284 9824 5600 2331  
27203 81203 44019 19553  9167 16382 4887 8723  1490 2649 883 1376  581 831 103 776  
27773 64357 25252 23484  7354 19551 8091 5435  2662 11591 8672 1368  581 4211 5712 248  
9777 27045 13730 7201  6979 19514 10201 5168  6209 14865 6452 5239  4443 10826 4925 3694  
24778 58308 23542 20740  8785 24029 11715 6718  3013 10852 7606 2003  1306 5233 4392 750  
7022 16772 6919 5853  5908 13486 5236 4882  4434 10714 4404 3710  3976 10277 4787 3160  
24343 55315 21659 19772  9198 24577 11349 7488  3389 12760 8534 2340  1008 5152 5304 598  
17731 38816 13933 15092  9144 22251 8718 7465  5215 16425 9764 3538  2805 9289 5448 2071  
7366 17557 7356 5977  5565 13096 5223 4702  4563 12882 6711 3491  3649 10618 5799 2723  
24523 72520 39040 17662  8519 19831 8539 7090  3836 6110 1509 4167  1158 1918 578 1174  
17588 42392 18206 13915  9763 25025 12012 7830  5216 13977 7176 4211  2879 8854 5094 2257  
23973 55617 21801 20324  9736 27445 14033 6940  3202 11607 8530 2164  971 3470 2233 742  
5770 15703 7547 4637  5688 13275 5342 4822  4187 11111 5361 3397  4374 10978 5037 3448  
7113 18124 8369 5518  5863 15293 7318 4576  4640 10807 4518 3785  3702 10290 5225 2919  
16705 45400 22614 12453  9623 25781 12857 7666  5320 13673 6644 4427  3208 7346 3230 2850  
26715 67044 29013 22386  7657 15210 4348 6462  3627 15568 11988 1560  432 2555 3525 174  
14624 35149 14956 11745  7970 24027 13562 5810  5894 15470 7700 4689  3480 7354 2448 3190  
10906 26433 11228 8946  7829 19665 8970 6142  5328 14280 6959 4274  4054 10221 4663 3304  
21234 62421 33549 15125  10198 24151 10887 8471  4695 8729 3047 4635  1438 3712 1647 1302  
12584 31860 14078 10404  9679 22262 8840 8000  4576 13803 7857 3535  3562 8442 3553 2995  
33712 76236 29692 27221  4449 20952 16304 3234  405 3179 3082 180  53 720 526 8  
3667 8525 3424 3025  2992 7187 3090 2341  2749 7427 3596 2187  2668 6859 3163 2155  
5975 16090 7665 4804  5826 15064 7049 4663  5004 12225 5371 4083  3645 9672 4741 2921  
32688 77904 32276 27013  4905 17927 12004 2920  753 4426 4527 486  230 792 744 195  
30448 70992 28000 25821  5584 15550 6377 3882  1890 8465 5735 789  569 4296 4793 132  
12411 28191 10462 10783  7753 21189 10529 6220  5858 12254 3718 4974  4320 14143 9041 2954  
22973 68584 36704 17096  10857 21864 8246 9805  3272 7982 3804 2389  832 1861 917 671  
10453 27136 12592 8352  6779 18779 9494 5327  5639 12194 4411 4887  4405 12008 6211 3311  
17783 53593 29193 12840  9442 24228 11394 7702  5558 11753 4688 5025  2678 6136 2733 2125  
21619 51438 21612 17344  9617 24848 11384 7897  4056 11563 5767 3186  1846 7253 5520 1243  
26340 70272 32998 21379  9690 21783 9942 7951  2138 7008 4525 1150  317 1693 2014 118  
12746 28060 9877 11140  9751 26774 13511 7390  5604 13155 5123 4636  3505 8806 3617 2790  
10179 24331 9987 8544  7718 21424 10991 5853  5598 14669 7093 4468  4142 10915 5415 3279  
26143 68335 31695 21090  7641 23216 14244 5387  3554 6796 2525 3168  667 1511 761 601  
26384 64285 26573 22459  8019 25224 16663 5739  2815 5809 2055 1979  732 3110 2850 298  
10799 26915 11880 8764  7662 18949 8325 6280  5263 15376 8496 3862  3524 10555 6003 2627  
3418 8847 4078 2749  3306 7511 2905 2762  2888 6430 2357 2459  2186 6527 3540 1653  
22035 51198 20540 18188  9081 26709 14394 6914  3742 10095 5243 2732  2148 6808 4279 1654  
34127 87502 39802 27618  2849 9396 7754 2210  672 1753 1383 476  789 1684 428 321  
18451 50852 24547 14916  12180 31772 16187 9385  4559 11331 5864 3603  1773 4108 2070 1444  
16449 45654 22339 13149  10438 23356 9618 9094  5732 15215 8019 4387  2550 8602 5788 1589  
16462 38510 15884 13004  10202 29012 15461 7915  4815 14110 8351 3638  3205 8282 4251 2708  
3682 9078 3971 2973  2923 8428 4446 2164  2699 6582 2786 2274  2314 4827 1513 2073  
5914 17875 9791 4221  5704 15372 7557 4429  4540 12431 6280 3476  3412 9277 4595 2733  
2837 8516 4575 2109  3381 8525 3883 2677  3045 7572 3376 2471  2526 7026 3591 1930  
36244 82676 32342 29862  2169 14276 10445 774  178 3524 5890 9  26 674 995 0  
30243 83624 42295 22564  5816 13589 6719 5104  2113 2660 518 2563  289 909 340 248  
15079 43635 22692 11435  9069 19921 7643 8126  5491 16017 9077 4057  3945 8808 3735 3290  
28504 67649 27716 23740  6125 19220 11036 4562  2715 10508 8392 1552  810 2146 1239 574  
24908 54844 19901 21156  8966 25820 12758 6537  2916 11748 8155 1897  1178 4831 3762 702  
17458 48624 24062 13781  11838 29262 13636 9347  5003 11308 4891 4308  1688 5218 3452 1301  
19315 40539 12981 17070  9398 27703 14598 7054  5231 16866 10522 3581  2337 7330 4575 1608  
6204 18236 9752 4502  5955 14782 6564 4880  3846 11012 5713 3001  3989 10596 5260 3064  
18380 40154 13805 16210  9935 22967 7994 8029  4955 17110 11026 3333  2515 8118 4741 1653  
26802 70370 33802 20204  8667 19751 9194 7901  2157 7937 5315 1638  622 2176 1261 512  
12016 33728 16913 9372  8472 24041 12690 6348  5670 15458 7956 4241  4456 10373 4601 3685  
30935 74188 31689 24383  6490 21461 13745 5329  916 4089 3621 710  202 1015 711 161  
9780 21200 7282 8551  7239 19537 9482 5749  5550 12811 4899 4632  4545 12551 6441 3422  
12212 35129 18547 8730  8474 23615 12223 6413  6306 15650 7185 5247  4213 9047 3724 3669  
14503 37500 17488 11406  8215 22305 11451 6136  5522 13568 6475 4435  3816 8504 3273 3416  
21145 56207 27216 16184  8883 24481 12682 7063  3408 9871 5757 2452  2234 5195 2438 1855  
13306 34821 16672 10023  8813 24528 12657 6828  5739 13162 5771 4768  3463 10241 5784 2663  
5891 16763 8524 4561  6183 15433 6959 4956  3702 10323 5205 2975  3705 9134 4084 3106  
12556 36473 19196 9325  8768 22627 10907 6658  5561 15002 7700 4302  4456 9695 3939 3960  
21499 43784 12905 19309  11173 35469 20280 7616  3658 13326 9484 2357  1525 5071 3259 939  
3052 8426 4149 2405  3279 7629 3052 2750  3088 7623 3375 2474  2610 6149 2493 2196  
28224 67438 27317 24000  6934 16621 6214 5294  1960 9187 8493 926  1101 4653 3078 358  
24637 58393 23819 20591  9345 26217 13543 6922  2658 8964 5789 1924  1183 4968 4519 686  
3585 9409 4468 2798  3050 8424 4276 2283  2491 7409 4025 1815  2728 5950 2174 2343  
6752 15774 6484 5367  5796 15229 7387 4473  4888 12977 6323 3864  3947 10568 5222 3131  
6839 16187 6551 5756  4676 12124 5508 3881  4753 13331 6939 3601  2687 7655 3998 2191  
14468 32831 12732 11947  8816 25480 13691 6623  5025 10827 3419 4458  3718 11843 7391 2637  
14228 35677 16150 11102  8521 23883 12620 6450  5616 15382 7879 4473  3525 8871 4459 2832  
5503 15514 7738 4350  5013 14968 8159 3648  4896 12680 6021 3914  3781 10409 5335 2893  
27736 59149 20059 23916  7685 27755 16859 4977  2412 9240 6206 1373  597 3597 4078 293  
21834 68785 39066 14991  10715 22969 8425 9325  3628 6424 1911 3435  1394 2013 390 1590  
9876 23190 9209 8393  6060 17953 9692 4663  5541 11447 3629 4860  4094 9976 4268 3381  
14691 43519 23596 10316  10309 23066 9709 8577  5150 15090 7909 4045  4023 8678 3510 3703  
26626 51185 12731 24369  9871 37780 23761 5453  1825 9724 8942 729  243 1943 2800 80  
8756 26107 13988 6490  8314 19866 8499 6899  4731 14319 8063 3383  4575 11334 5260 3713  
15439 32390 10247 13755  11007 29420 14003 8346  5534 14661 6604 4185  3157 10860 7158 2134  
16677 40820 17981 12930  10456 26237 12082 8632  5337 15205 8402 4185  2783 8185 4832 2192  
14089 37706 18365 10800  8823 21534 9355 7407  5576 14814 7565 4218  3712 8741 3921 3068  
2776 8552 4791 1904  2910 8270 4318 2128  3001 7813 3697 2380  2439 6685 3409 1810  
3614 8129 3081 3026  3329 8175 3579 2662  2983 7137 3017 2412  2625 6988 3364 2081  
9179 25499 12661 7189  7963 21172 10398 6106  4957 14442 7869 3655  3979 10309 4993 3255  
18878 54705 28713 14053  8925 23968 12019 7033  5017 11820 5318 3946  3148 5878 2078 3018  
21211 54012 24478 17092  8806 19067 6640 7649  2969 10675 7428 2160  2529 6211 2721 1968  
14132 37766 18317 10909  9110 20218 7674 7809  5824 15799 8083 4502  3205 9985 6025 2368  
8859 26796 14673 6341  8003 19750 8755 6618  5134 14302 7379 3982  3969 10688 5463 2948  
7152 17844 7876 5814  5006 14535 7682 3790  4819 10620 3993 3979  4007 10195 4815 3124  
11082 26439 11054 9047  7529 18426 7856 6230  5137 15563 8932 3701  4055 9853 4242 3384  
11045 26164 10801 9079  7600 20978 10706 5789  4977 14783 8256 3669  3848 10646 5666 2906  
7057 15976 6054 5985  5524 13713 5938 4556  4928 11896 5045 3954  3585 8919 3835 2964  
26171 72765 36511 20144  7528 17576 8226 6643  3642 7846 3431 2908  825 2178 1332 594  
34503 82272 33745 28893  3452 16584 13939 1525  346 1306 1493 152  263 918 616 62  
3146 7138 2806 2499  3245 8021 3581 2564  3030 7720 3580 2395  2788 6979 3137 2256  
14699 41829 20794 11767  10112 28333 15360 7815  4993 10974 4985 4577  3579 7964 3655 2978  
16088 42276 19239 13348  10590 27923 14250 8471  4976 13953 8046 3824  3805 8401 3425 2916  
3071 6032 1621 2780  3149 8169 3776 2532  3080 7388 3098 2503  2413 5613 2159 2061  
10852 27359 12441 8507  7535 16590 5986 6497  5344 14597 7570 4000  3884 11610 6454 2970  
13638 36231 17273 10784  8893 24169 12257 6798  5714 15144 7663 4443  3235 9050 4956 2423  
8371 21959 10020 6915  8377 21663 10262 6598  5056 11253 4204 4441  4093 9647 3987 3429  
26133 72872 36692 20064  8093 20409 10293 6296  2660 4405 1298 2906  1274 2398 927 1071  
15566 30919 8600 14009  9719 25336 11079 7675  6157 20081 12341 4220  2862 9571 6247 2015  
16714 49759 26437 12582  10570 27618 13594 8187  6089 13221 5477 5162  1915 4300 1926 1822  
25705 69548 33643 20332  7021 18800 10505 5776  3405 8796 4524 2412  1229 1825 573 1282  
9292 19063 5733 8320  8015 18839 7385 6570  5361 12331 4309 4439  4415 11928 5610 3348  
11771 32571 16013 9317  8057 22888 12089 6194  6505 15073 6477 5502  4397 9897 4104 3686  
18871 55764 29266 14414  11494 25829 11116 9899  4584 12165 6422 3349  2273 4743 1957 1843  
11338 32435 16513 8810  8613 19372 7585 7548  4956 13533 7096 4033  4130 12606 7347 2803  
3250 6673 2042 2878  3296 7550 2921 2746  2727 6346 2446 2318  2647 5915 2143 2216  
14752 36730 16333 11795  8108 23632 12926 5979  5699 15151 7606 4530  3834 8799 3743 3281  
17903 45968 21398 13891  8808 21497 10016 7017  4899 13794 7904 3813  3297 8319 3874 2882  
20249 43963 15278 17565  8429 23891 11809 6551  5713 17812 10437 3833  2431 8133 5333 1568  
9966 24354 10305 8313  7181 15827 5616 6206  4730 13841 7526 3663  4532 10802 4458 3649  
16793 42074 18487 13810  10265 26948 13158 7986  5388 13383 6148 4351  2857 8753 5414 2041  
35324 85020 35525 29313  2892 12921 9376 1282  382 3171 4411 46  19 133 372 4  
27660 75089 35795 22402  7029 14511 7717 6438  3088 9417 5468 1506  526 1419 727 213  
21996 59146 28310 17546  10312 22352 8708 8839  2840 8745 5574 2159  2095 7217 4889 1186  
23264 65410 33539 17365  8446 20916 9565 7273  3944 8811 4056 3493  1917 3985 1720 1577  
6597 13670 4293 5809  5951 13896 5490 4909  3980 10527 4849 3256  3733 8827 3446 3110  
16725 45449 21714 13522  9684 22633 9939 8379  6378 17964 9932 4540  2389 6810 4165 1794  
36722 91926 41066 29440  1348 7660 7423 873  414 1117 865 292  87 444 556 21  
16521 38114 15379 13143  10500 26590 11986 8663  5255 13688 6485 4235  2990 10100 6586 2181  
3542 9410 4546 2725  2918 8377 4400 2160  2792 6481 2683 2231  2624 6510 2847 2181  
12343 30601 13085 10345  7416 20384 10325 5981  6690 17490 8667 5212  4162 10012 4498 3384  
30368 86908 44656 23231  6774 12427 4870 6012  1095 1688 399 885  293 211 2 409  
20940 62721 34174 14906  11602 24079 9182 10236  3904 9206 3984 3522  1211 3179 1585 1081  
27870 73433 35297 21242  8053 18190 8184 7292  1948 6272 4089 1552  562 2418 1412 420  
28610 72497 33229 22280  7643 20201 10345 6534  1606 5522 4285 1210  424 1913 1613 303  
24756 53528 18853 21015  8720 27713 16228 6034  3345 11952 8211 2373  1146 4264 2512 838  
10968 27653 12460 8776  6922 17852 8192 5682  5949 14937 6893 4698  3940 11363 6306 2936  
7292 18197 8157 5758  5811 14069 5955 4821  4621 12839 6618 3525  3250 9968 5713 2339  
5335 14914 7338 4264  5293 13410 6061 4380  5271 12907 5706 4254  3930 10362 5067 3125  
5609 15255 7301 4529  4814 13486 6843 3795  5349 13189 5914 4273  3328 8595 4060 2774  
34180 82213 35279 26869  3052 10448 8910 3080  1077 6099 4902 583  283 2194 772 96  
14676 35988 15596 11922  8490 23883 12625 6300  5169 12020 4704 4525  3863 9493 4241 3122  
20769 62408 33865 15084  9816 24057 10962 7896  4804 9377 3405 4350  1575 3088 1112 1522  
3520 8259 3407 2824  3305 8564 4011 2611  2931 7777 3787 2264  2703 6169 2415 2263  
21828 55993 25834 17272  6913 21158 11991 5328  5055 12451 6097 4194  2640 5698 2258 2064  
18766 53721 28201 13544  10057 22033 9333 8498  4741 12546 6712 3912  2731 7132 2959 2478  
26648 80328 43757 19250  7439 15429 5450 6213  3560 4395 609 3922  788 884 83 1044  
11962 35901 19570 8544  9700 23374 10142 8127  6432 15267 6747 5290  3787 9840 4970 3003  
36170 90178 39865 29301  2085 7756 4793 1297  274 2867 4892 36  87 400 248 9  
15372 31413 9340 13792  10450 29885 15522 7842  6091 16831 8446 4453  2709 7331 3235 2086  
9425 27228 14226 7058  7963 19758 8999 6238  5416 13562 6093 4553  3920 10654 5448 3128  
6788 18646 9365 5091  5789 14927 7076 4496  4392 12345 6381 3368  4031 9863 4367 3357  
6067 16025 7464 4926  6141 15734 7331 4823  4762 11961 5420 3888  3938 9789 4408 3220  
28316 67860 28882 22506  7601 20625 10232 6389  1954 9476 8009 1214  561 2262 1567 417  
6789 17460 8184 5177  4593 14223 8091 3190  4996 11393 4673 4145  4151 9383 3746 3523  
6377 18076 9250 4855  3978 11102 5464 3247  4588 12799 6603 3499  3435 8299 3617 2967  
2852 8366 4385 2166  2983 8460 4396 2199  2123 5824 2813 1739  2560 7168 3703 1902  
7084 15606 5656 6032  5221 12061 4550 4470  4924 13344 6623 3808  4085 10576 4980 3205  
8739 24996 12763 6755  7302 20715 10858 5378  5654 12855 5167 4947  2897 8015 4138 2435  
6540 18364 9442 4817  4387 13785 7871 3005  4769 12671 6155 3766  3995 10217 4887 3133  
36933 90148 39099 29662  1587 9309 7160 950  87 1659 3303 28  12 121 206 5  
17531 53219 29156 12617  9278 23870 11217 7593  5672 12933 5580 4651  3422 6127 2044 3128  
3033 8718 4499 2313  2725 7701 3911 2118  2881 6951 2948 2409  2502 5780 2281 2148  
27103 75160 37976 20441  8414 17200 6965 7430  2356 6325 3160 2137  468 1822 1363 368  
6929 18451 8974 5257  5958 13964 5805 4873  4422 10228 4248 3577  3173 10181 5998 2273  
22468 63845 32814 17011  10621 23283 9556 8853  3100 8294 4310 2681  1334 3494 2062 1133  
19856 57950 30181 15166  9296 25742 13549 6807  5282 10126 3657 4959  2063 3406 1105 2098  
34462 83614 36310 27034  3377 11997 9337 3280  619 3383 2409 311  155 1854 1222 16  
18597 46486 20125 15516  11521 29380 13849 8849  4310 13100 8008 3235  1792 5316 3376 1406  
12709 35153 17451 9906  7306 18788 8754 6144  5996 16811 9006 4489  4366 10045 4385 3686  
10450 28146 13724 8094  8047 18630 7584 6681  5557 14887 7508 4264  3772 8805 3476 3264  
28970 68420 28397 23375  7303 22704 12564 5683  1649 5812 3403 1222  508 2826 3156 270  
10778 24333 9235 9086  6763 19126 9769 5284  5164 12858 5664 4299  4389 12055 6248 3206  
17484 52921 28854 12689  11383 26241 11202 9229  4587 10575 4405 4215  2526 6173 3133 2099  
28374 82483 43515 20959  8717 14929 4541 8435  856 2408 1188 750  513 1216 573 336  
11614 32977 16692 9036  9733 21908 8638 8300  6347 17295 8936 4748  3325 9314 5060 2646  
26902 57756 19618 23418  8753 27865 14767 5725  1866 9960 9281 984  803 3443 2570 405  
10869 28153 13169 8528  6361 19315 10785 4589  5882 14925 7014 4741  4313 9103 3300 3787  
33717 93545 47402 25240  3988 6408 2433 4144  766 1180 85 1027  141 129 4 225  
3435 9072 4300 2720  3275 8544 4058 2548  2549 7384 3954 1835  2489 6953 3597 1860  
6256 15921 7078 5166  5491 13905 6275 4500  4926 12244 5477 3996  3860 9479 4168 3176  
