# NumberOfHospitals NumberOfScenarios TimeHorizon
4 50 4
# DemandeScenario_0_Hospital_0_Period_0 DemandeScenario_0_Hospital_1_Period_0 ... DemandeScenario_0_Hospital_0_Period_1 DemandeScenario_0_Hospital_1_Period_1 ...
# DemandeScenario_1_Hospital_0_Period_0 DemandeScenario_1_Hospital_1_Period_0 ... DemandeScenario_1_Hospital_0_Period_1 DemandeScenario_1_Hospital_1_Period_1 ...
# ...
# ...
# ...
21534 53179 23577 16961  9258 22576 9397 7926  4272 11447 5382 3394  1892 7808 6514 1209  
21047 50482 21531 16678  9470 24511 12167 7626  4398 13699 8391 3401  1746 6384 4538 1272  
8482 22124 10040 7014  6427 18597 9888 4969  5544 11195 3557 4979  4652 13215 7165 3464  
14646 35314 14923 12005  8762 20156 7775 7330  5445 16809 9976 3862  3409 9677 5078 2697  
14530 37768 17121 11987  9478 22163 9268 8088  5547 13698 6310 4523  3995 10841 5561 2886  
23438 53551 20379 20059  9261 28260 16105 6700  3276 10937 7495 2252  1362 4742 3606 868  
3064 8304 3999 2443  3141 6931 2510 2706  2950 7511 3427 2381  1984 5729 2979 1566  
14684 42547 21596 11604  10557 30117 16352 7776  7288 15350 6102 6227  2997 6002 2356 2708  
34695 92020 43913 27317  3473 7804 4696 3106  340 1266 1300 142  57 105 13 49  
16759 40778 17808 13044  10332 27231 13408 8313  5452 14792 7681 4412  2700 6718 3217 2286  
17661 34516 8990 16135  10672 28037 12044 8173  5174 18270 11978 3405  2405 7743 4366 1585  
21190 54936 25510 16879  8767 21522 9613 7397  4887 13684 7576 3592  1842 5772 3858 1351  
18109 53676 28725 13333  10090 23026 9552 8854  4763 12958 6845 3463  2671 6099 2755 2101  
23945 58037 24366 19944  9650 27969 15479 7000  3122 9074 5376 2401  1024 3181 2175 771  
10523 28325 13859 8079  6835 19568 10272 5183  5648 13086 5577 4543  4270 11172 5498 3442  
13197 27570 8805 11607  8646 19717 6922 7202  6353 18078 9214 4690  3861 12910 8245 2683  
3570 9077 4115 2871  3349 8005 3368 2733  2345 6921 3682 1786  2739 6863 3091 2218  
10134 27911 13922 7777  6336 18626 9972 4775  4498 12453 6322 3622  3191 8403 4154 2714  
19516 55349 27838 15318  11026 23919 9785 9651  3318 9157 5513 2676  2773 8063 4470 1711  
21170 56133 26877 16556  9893 23894 10847 7981  4134 11618 6387 3323  1479 4277 2381 1256  
29769 82290 41695 22043  7530 14857 5585 7546  1130 3172 1827 922  125 747 703 79  
35227 82596 33127 29560  3195 17372 14573 1004  156 931 1073 77  20 220 695 2  
6641 18534 9458 4932  5553 14982 7471 4201  5012 11706 4830 4228  3767 10103 4972 3007  
7218 18657 8735 5620  5771 15336 7480 4469  4642 9944 3475 4024  3284 9824 5600 2331  
27203 81203 44019 19553  9167 16382 4887 8723  1490 2649 883 1376  581 831 103 776  
27773 64357 25252 23484  7354 19551 8091 5435  2662 11591 8672 1368  581 4211 5712 248  
9777 27045 13730 7201  6979 19514 10201 5168  6209 14865 6452 5239  4443 10826 4925 3694  
24778 58308 23542 20740  8785 24029 11715 6718  3013 10852 7606 2003  1306 5233 4392 750  
7022 16772 6919 5853  5908 13486 5236 4882  4434 10714 4404 3710  3976 10277 4787 3160  
24343 55315 21659 19772  9198 24577 11349 7488  3389 12760 8534 2340  1008 5152 5304 598  
17731 38816 13933 15092  9144 22251 8718 7465  5215 16425 9764 3538  2805 9289 5448 2071  
7366 17557 7356 5977  5565 13096 5223 4702  4563 12882 6711 3491  3649 10618 5799 2723  
24523 72520 39040 17662  8519 19831 8539 7090  3836 6110 1509 4167  1158 1918 578 1174  
17588 42392 18206 13915  9763 25025 12012 7830  5216 13977 7176 4211  2879 8854 5094 2257  
23973 55617 21801 20324  9736 27445 14033 6940  3202 11607 8530 2164  971 3470 2233 742  
5770 15703 7547 4637  5688 13275 5342 4822  4187 11111 5361 3397  4374 10978 5037 3448  
7113 18124 8369 5518  5863 15293 7318 4576  4640 10807 4518 3785  3702 10290 5225 2919  
16705 45400 22614 12453  9623 25781 12857 7666  5320 13673 6644 4427  3208 7346 3230 2850  
26715 67044 29013 22386  7657 15210 4348 6462  3627 15568 11988 1560  432 2555 3525 174  
14624 35149 14956 11745  7970 24027 13562 5810  5894 15470 7700 4689  3480 7354 2448 3190  
10906 26433 11228 8946  7829 19665 8970 6142  5328 14280 6959 4274  4054 10221 4663 3304  
21234 62421 33549 15125  10198 24151 10887 8471  4695 8729 3047 4635  1438 3712 1647 1302  
12584 31860 14078 10404  9679 22262 8840 8000  4576 13803 7857 3535  3562 8442 3553 2995  
33712 76236 29692 27221  4449 20952 16304 3234  405 3179 3082 180  53 720 526 8  
3667 8525 3424 3025  2992 7187 3090 2341  2749 7427 3596 2187  2668 6859 3163 2155  
5975 16090 7665 4804  5826 15064 7049 4663  5004 12225 5371 4083  3645 9672 4741 2921  
32688 77904 32276 27013  4905 17927 12004 2920  753 4426 4527 486  230 792 744 195  
30448 70992 28000 25821  5584 15550 6377 3882  1890 8465 5735 789  569 4296 4793 132  
12411 28191 10462 10783  7753 21189 10529 6220  5858 12254 3718 4974  4320 14143 9041 2954  
22973 68584 36704 17096  10857 21864 8246 9805  3272 7982 3804 2389  832 1861 917 671  
