# NumberOfHospitals NumberOfScenarios TimeHorizon
4 20 4
# DemandeScenario_0_Hospital_0_Period_0 DemandeScenario_0_Hospital_1_Period_0 ... DemandeScenario_0_Hospital_0_Period_1 DemandeScenario_0_Hospital_1_Period_1 ...
# DemandeScenario_1_Hospital_0_Period_0 DemandeScenario_1_Hospital_1_Period_0 ... DemandeScenario_1_Hospital_0_Period_1 DemandeScenario_1_Hospital_1_Period_1 ...
# ...
# ...
# ...
21534 53179 23577 16961  9258 22576 9397 7926  4272 11447 5382 3394  1892 7808 6514 1209  
21047 50482 21531 16678  9470 24511 12167 7626  4398 13699 8391 3401  1746 6384 4538 1272  
8482 22124 10040 7014  6427 18597 9888 4969  5544 11195 3557 4979  4652 13215 7165 3464  
14646 35314 14923 12005  8762 20156 7775 7330  5445 16809 9976 3862  3409 9677 5078 2697  
14530 37768 17121 11987  9478 22163 9268 8088  5547 13698 6310 4523  3995 10841 5561 2886  
23438 53551 20379 20059  9261 28260 16105 6700  3276 10937 7495 2252  1362 4742 3606 868  
3064 8304 3999 2443  3141 6931 2510 2706  2950 7511 3427 2381  1984 5729 2979 1566  
14684 42547 21596 11604  10557 30117 16352 7776  7288 15350 6102 6227  2997 6002 2356 2708  
34695 92020 43913 27317  3473 7804 4696 3106  340 1266 1300 142  57 105 13 49  
16759 40778 17808 13044  10332 27231 13408 8313  5452 14792 7681 4412  2700 6718 3217 2286  
17661 34516 8990 16135  10672 28037 12044 8173  5174 18270 11978 3405  2405 7743 4366 1585  
21190 54936 25510 16879  8767 21522 9613 7397  4887 13684 7576 3592  1842 5772 3858 1351  
18109 53676 28725 13333  10090 23026 9552 8854  4763 12958 6845 3463  2671 6099 2755 2101  
23945 58037 24366 19944  9650 27969 15479 7000  3122 9074 5376 2401  1024 3181 2175 771  
10523 28325 13859 8079  6835 19568 10272 5183  5648 13086 5577 4543  4270 11172 5498 3442  
13197 27570 8805 11607  8646 19717 6922 7202  6353 18078 9214 4690  3861 12910 8245 2683  
3570 9077 4115 2871  3349 8005 3368 2733  2345 6921 3682 1786  2739 6863 3091 2218  
10134 27911 13922 7777  6336 18626 9972 4775  4498 12453 6322 3622  3191 8403 4154 2714  
19516 55349 27838 15318  11026 23919 9785 9651  3318 9157 5513 2676  2773 8063 4470 1711  
21170 56133 26877 16556  9893 23894 10847 7981  4134 11618 6387 3323  1479 4277 2381 1256  
