# NumberOfHospitals NumberOfScenarios TimeHorizon
2 200 4
# DemandeScenario_0_Hospital_0_Period_0 DemandeScenario_0_Hospital_1_Period_0 ... DemandeScenario_0_Hospital_0_Period_1 DemandeScenario_0_Hospital_1_Period_1 ...
# DemandeScenario_1_Hospital_0_Period_0 DemandeScenario_1_Hospital_1_Period_0 ... DemandeScenario_1_Hospital_0_Period_1 DemandeScenario_1_Hospital_1_Period_1 ...
# ...
# ...
# ...
40889 22226  17420 8145  9215 4861  4105 2732  
23241 12181  18594 9708  12033 7086  7284 3261  
10790 5456  11067 5427  9450 5279  7638 3821  
13673 7484  9609 4397  9166 4861  7115 3981  
59242 34355  13208 5127  3097 809  684 141  
25523 12581  17455 9201  10853 6412  7624 3960  
12331 5916  11380 6188  8750 4896  7809 4255  
15986 10325  15506 8678  11634 5981  8076 4342  
52886 29400  16366 8012  5415 2271  1257 515  
35198 17653  22409 13271  10336 4438  3670 2398  
40347 21991  13867 6912  11954 5886  5092 3175  
29885 17142  18951 9215  9887 5561  7305 4045  
49092 24694  15228 9685  7649 4163  2748 1445  
36773 18902  18797 10605  8789 4633  5772 2906  
30875 16333  18435 11427  10103 5579  6602 3311  
12233 7253  11315 6118  7212 4562  7523 4096  
6757 3803  5582 3148  5139 2841  4939 2381  
19778 11482  14823 7537  10919 5597  7671 4429  
59891 31257  10333 6983  5157 1644  1037 437  
6491 3340  5812 3054  5359 3255  5215 2814  
5833 3363  4704 2642  5702 3078  5113 2615  
62756 30468  11640 8710  1528 1083  858 204  
27366 14743  20961 10927  10826 5668  7845 3920  
60049 32548  13220 6336  2601 1382  775 182  
45982 24013  18652 10604  7140 3624  3133 1498  
18572 9345  16499 8903  12994 7365  7103 3984  
52806 27215  15827 9928  5512 2052  1845 869  
4890 2733  4606 2247  5476 2766  5418 2904  
63882 32249  5793 4823  3353 2882  2835 393  
44707 26853  19107 9144  7970 2827  2777 1022  
12530 6423  11395 6220  8399 4059  7305 4010  
38579 22828  18779 8402  7141 4328  4453 1962  
41770 19879  18432 10672  7670 5028  3938 2494  
12324 6776  8252 4860  7304 4678  7941 3544  
66929 36947  7758 2343  1734 1153  470 32  
68100 36515  6913 3815  1322 107  537 40  
47065 25466  17985 9951  6848 2876  2548 1335  
39273 22999  18628 8739  9462 4635  3990 2224  
20357 11490  14545 8558  13436 7572  7329 4098  
60083 28994  8777 9305  4459 1860  1571 242  
18444 10902  10805 6699  8776 4967  10026 4526  
27077 14170  15506 7422  11720 6436  7707 4553  
5433 3489  4590 2689  4948 2666  4533 2379  
5084 2437  4985 2405  4900 2581  4956 2594  
33176 19421  19143 9202  10242 4955  5922 2744  
6522 3238  5515 2648  4962 2631  5040 2816  
6301 3830  5683 3386  4396 2810  3922 2231  
57225 27724  12983 8449  5208 3074  1094 937  
13325 7339  9417 4353  8847 5402  7465 3699  
58002 26927  14985 10951  2052 2051  630 351  
58826 32882  13993 6382  3063 1001  793 181  
45385 20868  18562 11974  6463 4171  3193 2020  
6587 3596  4952 3167  5537 2717  4964 2957  
32420 16386  22768 11952  8534 5617  5036 2567  
19697 11004  14611 8454  11176 5557  7218 4029  
37302 18840  18594 12025  10662 5423  4113 1891  
13379 7104  10600 5341  9236 5150  6642 3689  
65160 34451  6347 4774  3233 982  1336 206  
6203 3569  6045 3526  5619 3068  4592 2176  
12100 7396  10726 6279  8873 4398  7101 4160  
12607 7054  9842 5787  8341 4844  7998 4323  
60568 28387  9203 8770  3149 2593  2373 599  
39061 19798  21033 13681  10672 3981  3226 1755  
43680 25551  17894 9440  8725 3645  3567 1147  
6475 3835  6113 3281  5550 2935  5151 2890  
47757 25624  15746 8252  8141 4332  3112 1459  
59473 31485  12033 5771  4331 2723  660 278  
13339 7198  10949 6369  8890 4818  7681 4183  
37287 20324  19940 10598  9323 4825  4958 2656  
19412 11643  14060 8202  11246 5233  7377 4179  
10512 6334  9383 5622  10000 5207  7560 4164  
43701 25956  19591 9709  7811 2839  2959 1249  
30718 18781  18354 8623  10635 5301  6866 3286  
41153 20784  16320 9511  10154 5241  6184 3496  
13301 7600  10220 5996  8718 4002  7688 3985  
47352 25521  16710 7997  6695 3550  2598 1590  
51791 23649  19142 13910  3103 2029  1499 520  
39780 21170  18632 9454  9494 5053  4466 2365  
39715 22114  19531 10327  8644 4578  4702 1912  
12158 7211  10850 6331  8394 4720  7803 3717  
32130 15907  18779 9828  10970 6187  6279 3773  
60767 31625  10719 6675  3406 1836  1034 250  
31792 15726  18418 10366  9048 4680  7224 4408  
27169 14510  16864 8584  10523 6284  6527 2837  
25509 13788  17094 10035  10588 4940  7991 4470  
48432 24137  19426 10599  5763 3528  2170 1504  
18580 11447  12422 7396  11893 5628  8399 4566  
18267 8816  13565 6383  10289 5928  8574 4442  
31116 18294  18261 10153  10978 5729  7041 3019  
28487 13080  20222 12293  9499 5099  6596 4363  
49833 27053  16305 9963  6756 2290  1712 630  
15559 10037  15151 7697  10067 5714  8840 4553  
63430 34215  9784 5093  1871 852  1718 285  
51233 24988  16595 11333  5822 3153  1895 660  
61588 29623  9566 9026  4837 1644  763 175  
25213 14668  15820 7701  12257 6232  6324 2912  
45203 26758  16967 8103  7205 3545  4211 1391  
45722 25906  15320 7025  8576 4588  5441 2174  
29714 16662  15592 9016  11793 6304  5732 2801  
22315 11644  18351 10853  11996 6560  6479 2953  
60351 31637  10679 5355  4572 3044  1030 354  
67878 36209  6977 4063  1493 196  360 13  
18506 8724  14907 8486  11505 6320  8415 4672  
19229 9859  15204 8217  10590 5562  8184 4295  
13367 7611  8865 5295  9709 5027  7479 3482  
27030 15423  16032 9142  11010 5169  8037 3919  
37693 24428  17189 8204  9162 4195  4054 1774  
40803 21626  16811 8015  9533 5061  4045 2214  
27237 14433  16202 8597  11325 6673  7608 3781  
44940 27082  19412 8117  6932 3155  3224 1425  
10645 6571  10926 5447  9777 5307  7949 4315  
47032 24453  16486 8481  7648 4793  3473 1703  
67182 36853  7061 2833  2374 567  222 157  
62892 30255  11467 8264  2073 1494  304 365  
45176 25994  18715 9420  7830 3373  2687 825  
33810 16289  19415 11025  10016 5126  6545 4279  
6162 2945  6263 3450  5324 2595  4737 2556  
44156 26085  18318 9400  8506 3090  3491 1274  
32504 16150  16160 8186  10553 6353  7059 4636  
53312 30702  18078 8326  3384 1053  1389 310  
6064 3383  5785 3232  5637 3077  5232 2781  
19911 10103  14785 7941  9878 4695  8331 5079  
18255 10728  12902 6309  9861 4784  7666 4726  
12874 6309  11120 6271  8927 5266  7499 3833  
31314 16472  16793 10753  12820 6207  6808 3101  
13112 6778  10941 6379  8367 4027  6993 4105  
12825 6406  10522 6119  8593 4327  7754 4415  
55475 27455  15229 8845  3386 2493  1399 1326  
64899 32465  9713 6379  1753 1207  465 316  
20381 10847  14746 8331  10345 5978  7645 3736  
51436 29144  16924 7725  5749 2754  1683 577  
6266 3816  6127 3500  5659 3037  4227 2597  
41363 26972  21743 8465  8050 3594  3198 938  
55632 26290  12948 8528  3917 3293  3007 1598  
6368 3183  6041 3053  5121 2757  4685 2759  
6061 3415  6145 3121  5662 3218  3503 2312  
18782 9630  11503 6347  11476 6392  9115 4625  
5160 3225  5568 3269  5173 2883  4911 2555  
29449 19487  20705 9964  12338 5912  5832 2550  
22627 12079  16458 9077  12991 6206  7268 4303  
46970 27501  20059 8135  6232 3294  2425 1090  
6521 3866  4832 2996  5605 2949  5085 2628  
12816 7722  9723 5625  8898 4995  8002 4071  
16528 8643  12976 7100  8950 4489  8303 4415  
38337 20582  17337 10657  8061 4366  4997 2304  
38289 22350  19591 10227  9179 4402  5098 1838  
16144 8108  15819 8600  11952 6584  7854 4044  
62187 37571  9870 2167  3332 599  1170 132  
31380 18176  18630 9113  9743 5461  6493 3076  
5006 3243  4886 3087  5147 3072  5282 2793  
15830 9512  11767 6206  11286 5488  8774 5025  
42568 24571  17347 9853  8571 3861  4908 1401  
57047 33960  13688 5450  4133 898  1125 123  
6261 3394  6244 3483  4498 2485  5082 2964  
64369 33637  8080 5814  1909 824  1541 158  
22716 11471  17230 10510  12137 5844  7317 3744  
6473 3825  6080 3396  5365 2945  5111 2892  
6466 3453  6223 3376  5057 2938  5224 2867  
57658 28893  14161 8222  3390 2013  1322 1106  
43972 23844  15880 10203  8896 3722  3958 1489  
52131 29062  19017 8460  3811 1735  1191 705  
13077 7534  11061 5576  9334 4999  7589 4249  
58792 34393  13062 5536  3866 484  1016 67  
54711 29668  13062 6688  5358 2605  2558 1178  
66715 34056  8344 5990  1192 354  351 59  
18322 8838  15352 8440  10427 6159  7499 4508  
39681 23191  19290 9617  9233 3863  4400 1983  
39695 22146  23148 11246  7961 4115  2389 1464  
48499 24724  16473 10754  8775 3690  1976 858  
19148 9764  15154 8181  10267 5593  8482 4733  
44048 21680  20010 11448  6927 3632  3558 2464  
58806 32353  9746 4740  6004 2524  1213 475  
43699 23468  18754 10962  7930 4036  3324 1247  
43671 21508  21154 11933  6488 4676  3381 1576  
10891 4848  11410 6104  8399 4148  6907 3669  
6515 3565  6104 3317  5306 2591  5212 2869  
38549 21938  19577 9411  9676 4467  4591 2233  
50432 26434  17090 10338  5140 2470  2537 912  
47211 25494  16457 8314  7439 3577  2667 1552  
39319 23325  19860 9256  8341 3869  4806 2126  
54411 30587  13714 5675  6097 3150  1828 801  
43692 27570  24203 10344  5549 1873  2094 515  
25491 14773  14233 6503  9705 5922  8438 4579  
40261 21696  23124 13487  9016 3300  2726 1296  
38339 19298  18937 10352  7676 4167  5120 3088  
49274 29545  15169 7298  7974 2656  3096 629  
18224 9851  14365 6768  11694 6488  7931 3975  
6163 3129  6228 3504  5287 2859  4966 2465  
42156 25824  22457 10574  8379 2897  2344 797  
6668 3876  5675 3258  5637 2868  4960 2844  
5150 2611  5870 3414  5005 2365  4385 2452  
22938 12636  17094 8502  12968 6590  7756 4794  
21804 9656  17234 9974  10966 6348  8089 4805  
44379 26744  18860 9157  8286 3023  3292 1014  
44781 22587  18410 9819  6445 3787  4256 2824  
58202 34961  14522 4734  3068 650  692 96  
50223 24232  17732 10812  5778 3479  1474 998  
42795 21725  19562 9810  7872 4692  2686 1768  
42373 20494  18143 9282  8148 4760  4990 3657  
44951 25952  19444 9258  7311 3035  2978 1354  
