# NumberOfHospitals NumberOfScenarios TimeHorizon
1 300 5
# DemandeScenario_0_Hospital_0_Period_0 DemandeScenario_0_Hospital_1_Period_0 ... DemandeScenario_0_Hospital_0_Period_1 DemandeScenario_0_Hospital_1_Period_1 ...
# DemandeScenario_1_Hospital_0_Period_0 DemandeScenario_1_Hospital_1_Period_0 ... DemandeScenario_1_Hospital_0_Period_1 DemandeScenario_1_Hospital_1_Period_1 ...
# ...
# ...
# ...
117875  55665  39164  17390  8322  
198693  33006  11631  3906  547  
109764  58733  31005  20818  11365  
39472  37679  22544  21551  21405  
57999  47776  35795  22692  22109  
217745  24233  4431  1065  187  
156572  65993  15715  6852  1579  
136163  60787  31453  11983  4614  
161910  68788  10056  4965  1297  
97093  62019  40373  18584  13110  
163444  54086  19055  7971  2206  
187873  48575  8661  2083  505  
158319  53626  22186  9222  3046  
97328  66025  27829  20007  16176  
76592  59732  37940  22885  15196  
41416  31791  28887  19829  20891  
56337  44782  35627  25150  19731  
123263  51729  30617  22501  8146  
168882  42319  22642  9726  2821  
87764  67122  36540  24787  11627  
79399  49121  38772  26833  16645  
101229  62537  33985  18710  11349  
167479  55776  17567  4504  1298  
200416  35587  7898  3316  503  
142014  67626  23629  7516  4004  
194330  40656  7571  4158  791  
37223  33880  27229  21122  19530  
87833  55231  35061  25008  13008  
191514  43505  8561  2429  1073  
115615  67607  26567  16920  10675  
186631  45717  13464  1571  247  
82349  54961  37327  22190  17401  
164072  65364  12057  3682  1290  
77563  61033  39581  23474  13263  
195509  46218  4155  1562  351  
206472  29612  7187  3801  662  
44527  36171  28664  22558  20442  
21183  20458  13909  15695  14847  
124907  64428  28493  16082  7228  
196638  42943  5041  2135  884  
212001  29006  5923  827  102  
125230  51356  32752  16515  10860  
219903  19703  7716  381  144  
115983  63039  33580  17269  9381  
81997  52341  36753  25630  17705  
151325  51905  20710  9916  8848  
179661  41729  19428  5614  833  
101680  51779  42815  21399  9295  
84814  57639  38132  20939  16724  
19835  17877  18173  14048  14573  
74402  58398  34823  27302  16845  
206915  33485  4590  1774  640  
65901  47860  35276  23378  17297  
89192  54110  33794  22776  13606  
201187  34924  9205  1897  462  
196607  28463  18368  3101  1028  
189434  47275  7117  2377  1064  
128170  57746  32025  15789  7141  
21213  17142  18005  15511  15802  
57141  43187  38638  23264  22063  
61310  47521  37111  25006  17840  
205790  32276  5963  3299  306  
62677  45173  33382  28777  20404  
151119  52665  25458  11699  4175  
140102  62810  24557  11814  4600  
60196  49145  30845  24329  22043  
155042  63789  20561  6010  1406  
77383  57986  40739  24997  13843  
131738  50068  30922  16717  9774  
21295  17109  18946  17004  13365  
18283  19620  16333  14384  15148  
98783  64613  33219  21983  13140  
40482  31213  31737  22538  19771  
108319  58034  35884  17406  11502  
150093  61695  22549  7538  3725  
154069  59300  23429  7045  2116  
19530  19268  18251  15818  14895  
38795  32264  27679  25950  19747  
64525  40084  38830  27375  18961  
181444  53609  8234  3807  510  
37108  37656  31337  24065  18415  
153995  50185  26756  10623  3751  
94887  61882  41006  18697  11932  
176666  41824  20626  5525  2307  
128814  57554  32170  14973  6352  
207255  35955  2939  1437  205  
110884  57050  33089  19929  11237  
152786  58724  17194  10827  4679  
162734  61014  17194  4892  1259  
109238  55501  35411  20052  11787  
110164  53771  36213  19193  11699  
101114  54652  41074  23184  10293  
44370  33804  30087  23597  20262  
165682  53172  17815  7451  2009  
60111  46885  38060  26185  17275  
196125  36982  10679  2392  1392  
60546  42131  32305  30588  21302  
153363  56440  21672  9015  4278  
36264  34003  31138  21801  22212  
82282  64724  42263  17715  14351  
18604  18713  16924  17279  14336  
43205  31928  30594  24336  18462  
41173  35611  29853  20980  19971  
144659  54273  30979  9355  5180  
76513  61474  32135  24732  18817  
127960  62385  29820  14432  6424  
172503  50438  18246  5040  829  
158660  57790  14603  10188  3680  
101312  57549  34714  21869  13030  
107473  63324  33188  19737  9225  
100241  52975  42539  20488  12790  
87069  61629  37406  24306  14375  
21499  19267  16867  13758  14924  
103136  52352  38036  22369  12539  
94282  61597  35870  22790  14616  
99994  66694  33936  18535  12611  
130967  56953  27633  16189  6846  
109950  57172  29082  20334  11122  
153735  59251  21298  7169  3878  
22150  18582  18608  15578  13261  
91740  61310  37785  19624  16732  
58493  51385  32925  25222  18174  
126565  61570  31923  12728  7170  
80085  60880  38280  22799  15580  
194755  36103  9593  5707  909  
64985  48484  32882  25405  20317  
186511  49521  9844  1750  198  
42847  33165  29311  24203  18227  
131327  59701  27554  15371  6968  
39549  35129  27230  24557  18435  
189025  44559  10541  2801  607  
188191  52689  4490  1840  591  
199396  30573  13037  3801  716  
185833  39052  16687  4374  1195  
168650  52707  18752  3845  2932  
16458  20514  17459  14671  15007  
148735  57484  23173  9809  4181  
115704  62111  35130  15989  7157  
95756  56187  42908  18554  11470  
37459  31501  31623  24749  20959  
21376  20252  16654  15918  14810  
163759  58838  18122  5017  1095  
40695  37588  25843  22786  20461  
43032  34973  26477  24759  20459  
168321  52181  19758  4738  1904  
104212  58168  36977  19909  12561  
17251  20360  16154  15010  13312  
126233  66037  28147  14802  5983  
214172  31106  2282  241  50  
106336  56547  32613  21141  13986  
175216  46115  18302  5209  2034  
59385  49133  36942  24385  19770  
64257  49564  34326  27048  18406  
41770  36836  30088  23315  20638  
96688  63108  33074  21177  14952  
189578  42356  9718  3502  2121  
95176  55455  36178  20819  15589  
82021  48909  34510  23253  18079  
106733  57576  37583  19720  11091  
44333  33568  28437  21237  18797  
40254  33533  29623  24042  19325  
181181  45758  18518  2082  244  
179877  44913  18126  3935  712  
200441  38393  7777  1076  165  
107308  75280  30699  18020  7304  
171245  51445  17604  5322  1357  
131586  77229  23331  9520  2951  
103958  60180  34919  20896  12181  
123591  52470  38430  16860  7675  
186870  47480  10494  1950  555  
220004  20526  6521  500  157  
39705  33619  30168  19893  20500  
73933  58980  33547  25040  20148  
20691  17322  17686  16872  14594  
75751  62159  38967  22548  15880  
82226  55141  36649  25353  15437  
80372  53658  41038  25323  16849  
83859  56059  38333  20806  15378  
40332  36990  29968  24167  20232  
170908  41530  21633  8565  3083  
99063  65802  35018  20333  9551  
152911  58640  21853  8373  3557  
77676  54120  37044  22674  17067  
36639  34054  30567  24690  20021  
44484  34025  27994  22413  18670  
140910  66241  24786  8835  3862  
132842  66763  25719  12128  5885  
41105  28280  27400  24859  16742  
81212  57449  34307  25448  13528  
148495  62353  23254  8648  3034  
145886  62066  18366  13179  4936  
21940  16406  18003  15832  15487  
18929  20184  17516  16044  13075  
139150  64025  23872  12362  4785  
138865  67548  22487  10391  4244  
199777  34836  11732  1196  153  
80754  58879  38327  20843  15000  
165470  47405  25062  6732  1655  
41538  34816  27917  25887  19023  
205386  34454  5244  1873  620  
100529  65741  32738  21855  11635  
64112  49918  35333  22400  19814  
64137  44834  34432  25854  18735  
89460  48913  39287  21951  16492  
176718  46600  17220  4655  1884  
177813  45550  15936  4545  2034  
131704  56790  28756  16429  7345  
66728  47650  35249  23603  18849  
84763  56500  37711  24270  14177  
21573  19381  17843  15089  15440  
192849  41421  9334  2983  718  
134371  53181  29713  16113  6548  
22341  20446  16376  14747  14557  
223278  21430  2434  501  210  
109918  64577  36166  14207  9533  
174236  50015  17564  4049  1605  
118956  69460  32144  12713  6341  
181271  50141  9180  4623  1555  
129974  54458  36058  16462  6501  
159406  62838  18448  4213  2023  
217908  21093  7309  1093  287  
75186  59157  39712  25066  15472  
134138  58280  27108  13221  7657  
18687  18474  18664  17014  13431  
102874  56982  36662  18795  13739  
37283  31014  24424  25720  22680  
154595  66032  18825  4596  2627  
107546  55007  30066  24283  13457  
81267  54376  37128  23585  15465  
82546  56711  37871  22602  15627  
156848  52897  27366  6602  2453  
21410  18947  16170  16184  15510  
20139  19950  17922  15872  15442  
37056  34307  25216  26845  21447  
170202  52782  14282  5804  3130  
130398  56842  32548  12805  8008  
59359  47437  36145  25362  21335  
63970  41400  36278  23101  21819  
100171  63993  30732  19979  14853  
177914  48387  14720  4696  1228  
119744  58863  32094  19663  9097  
134606  52981  29413  15185  7716  
200745  41442  4220  1071  248  
19580  18919  18002  16519  15061  
163603  52158  23430  5976  1609  
60660  50741  35438  23880  18288  
141798  65194  25869  8546  2994  
118083  61709  30937  17836  10189  
110893  52341  37903  19836  11093  
19133  18215  18933  16385  15614  
146228  61816  24829  8518  3991  
21624  18723  14269  16947  13744  
126497  57484  34327  15538  6293  
77155  57865  40286  25179  15064  
207340  31665  7219  1535  90  
120879  69137  28002  15967  7158  
148836  53521  25624  9851  4999  
57710  48173  34392  28846  21204  
70336  54607  38318  26962  20493  
90989  60017  40315  22889  13761  
108982  53780  35497  22180  10368  
78172  61286  36595  25670  14573  
173620  52988  14657  3964  1518  
190246  38657  16728  1102  688  
178246  49376  12648  4749  2052  
155828  55845  24510  8301  2253  
122037  52117  33646  18925  10679  
218712  24795  2597  1029  372  
106260  58724  37330  17335  12128  
43939  34569  30680  24442  19509  
97965  64936  28975  19622  12741  
119600  64347  38041  13224  6518  
62918  42480  33877  27367  17679  
73722  57718  37574  25012  16843  
128862  60666  30475  13920  6911  
174415  45955  17291  7472  1626  
74873  58990  38234  20801  16273  
90646  66511  40791  22266  11125  
166979  52479  13699  9972  3031  
135077  53140  28370  16118  7826  
96657  67834  35530  19592  11619  
162999  52617  20837  6480  2269  
89721  54682  35404  21501  14486  
79053  58068  34884  26518  15423  
119373  58743  27019  22984  10742  
57512  51302  33060  26459  20785  
20293  19528  18733  16426  15483  
44468  36430  24843  21465  19567  
201199  33608  9124  2986  665  
177341  51553  12919  3234  1338  
166012  51471  18731  5378  4077  
55789  51535  36186  24258  15561  
107908  62076  32064  19529  11405  
57916  49193  37710  26706  17822  
108283  66272  33257  16158  9965  
120721  51892  40943  12948  8172  
58788  48369  34915  27471  18498  
57579  49274  32798  26948  18889  
175022  55405  12093  4144  911  
97889  58789  40929  18624  13806  
