# NumberOfHospitals NumberOfScenarios TimeHorizon
1 50 5
# DemandeScenario_0_Hospital_0_Period_0 DemandeScenario_0_Hospital_1_Period_0 ... DemandeScenario_0_Hospital_0_Period_1 DemandeScenario_0_Hospital_1_Period_1 ...
# DemandeScenario_1_Hospital_0_Period_0 DemandeScenario_1_Hospital_1_Period_0 ... DemandeScenario_1_Hospital_0_Period_1 DemandeScenario_1_Hospital_1_Period_1 ...
# ...
# ...
# ...
117875  55665  39164  17390  8322  
198693  33006  11631  3906  547  
109764  58733  31005  20818  11365  
39472  37679  22544  21551  21405  
57999  47776  35795  22692  22109  
217745  24233  4431  1065  187  
156572  65993  15715  6852  1579  
136163  60787  31453  11983  4614  
161910  68788  10056  4965  1297  
97093  62019  40373  18584  13110  
163444  54086  19055  7971  2206  
187873  48575  8661  2083  505  
158319  53626  22186  9222  3046  
97328  66025  27829  20007  16176  
76592  59732  37940  22885  15196  
41416  31791  28887  19829  20891  
56337  44782  35627  25150  19731  
123263  51729  30617  22501  8146  
168882  42319  22642  9726  2821  
87764  67122  36540  24787  11627  
79399  49121  38772  26833  16645  
101229  62537  33985  18710  11349  
167479  55776  17567  4504  1298  
200416  35587  7898  3316  503  
142014  67626  23629  7516  4004  
194330  40656  7571  4158  791  
37223  33880  27229  21122  19530  
87833  55231  35061  25008  13008  
191514  43505  8561  2429  1073  
115615  67607  26567  16920  10675  
186631  45717  13464  1571  247  
82349  54961  37327  22190  17401  
164072  65364  12057  3682  1290  
77563  61033  39581  23474  13263  
195509  46218  4155  1562  351  
206472  29612  7187  3801  662  
44527  36171  28664  22558  20442  
21183  20458  13909  15695  14847  
124907  64428  28493  16082  7228  
196638  42943  5041  2135  884  
212001  29006  5923  827  102  
125230  51356  32752  16515  10860  
219903  19703  7716  381  144  
115983  63039  33580  17269  9381  
81997  52341  36753  25630  17705  
151325  51905  20710  9916  8848  
179661  41729  19428  5614  833  
101680  51779  42815  21399  9295  
84814  57639  38132  20939  16724  
19835  17877  18173  14048  14573  
