# NumberOfHospitals NumberOfScenarios TimeHorizon
1 20 5
# DemandeScenario_0_Hospital_0_Period_0 DemandeScenario_0_Hospital_1_Period_0 ... DemandeScenario_0_Hospital_0_Period_1 DemandeScenario_0_Hospital_1_Period_1 ...
# DemandeScenario_1_Hospital_0_Period_0 DemandeScenario_1_Hospital_1_Period_0 ... DemandeScenario_1_Hospital_0_Period_1 DemandeScenario_1_Hospital_1_Period_1 ...
# ...
# ...
# ...
117875  55665  39164  17390  8322  
198693  33006  11631  3906  547  
109764  58733  31005  20818  11365  
39472  37679  22544  21551  21405  
57999  47776  35795  22692  22109  
217745  24233  4431  1065  187  
156572  65993  15715  6852  1579  
136163  60787  31453  11983  4614  
161910  68788  10056  4965  1297  
97093  62019  40373  18584  13110  
163444  54086  19055  7971  2206  
187873  48575  8661  2083  505  
158319  53626  22186  9222  3046  
97328  66025  27829  20007  16176  
76592  59732  37940  22885  15196  
41416  31791  28887  19829  20891  
56337  44782  35627  25150  19731  
123263  51729  30617  22501  8146  
168882  42319  22642  9726  2821  
87764  67122  36540  24787  11627  
