# NumberOfHospitals NumberOfScenarios TimeHorizon
5 50 5
# DemandeScenario_0_Hospital_0_Period_0 DemandeScenario_0_Hospital_1_Period_0 ... DemandeScenario_0_Hospital_0_Period_1 DemandeScenario_0_Hospital_1_Period_1 ...
# DemandeScenario_1_Hospital_0_Period_0 DemandeScenario_1_Hospital_1_Period_0 ... DemandeScenario_1_Hospital_0_Period_1 DemandeScenario_1_Hospital_1_Period_1 ...
# ...
# ...
# ...
30212 43696 39282 87631 32880  16711 19335 22839 41134 21139  8634 10533 10796 20590 9960  2943 5618 3388 8442 2867  2321 2214 2860 4876 2683  
15865 19973 21634 43450 18787  12061 15252 16164 32240 14251  8298 10477 11309 22142 10020  7237 9607 9038 18685 8063  5362 6216 6646 12855 6077  
44791 59732 58249 122973 50366  12675 16815 16762 31684 15386  3153 4708 4129 7828 3774  1513 1861 1554 3331 1360  451 413 477 884 431  
15376 15978 18707 34602 17905  12968 16482 16156 33274 14510  9788 12618 13131 26502 11418  6482 8084 8338 16553 7494  5001 7401 6411 14065 5468  
5371 8073 6478 15252 5470  5166 6975 6638 14127 5760  4473 6431 5666 12597 4828  4302 5904 5425 11666 4723  3602 4944 4806 10084 4134  
40269 52384 48345 103213 43332  13440 21220 17637 40087 14595  5822 5991 8762 14074 8115  2227 2363 3911 5857 3431  832 879 1768 2416 1420  
22150 32059 25949 60191 22453  13343 18885 17936 38328 15128  8955 11544 12593 24258 11061  6835 7022 9485 15957 8904  4031 5108 5483 10324 4925  
25836 39982 31144 74934 25886  15898 21168 19866 41607 17600  9378 10454 13466 23378 12293  5535 5251 7973 12511 7554  2339 3209 3373 6359 2938  
5905 6977 7484 14746 6811  4401 5362 4949 10368 4656  4884 5711 6290 12199 5728  4441 6123 5563 12070 4833  3895 4979 4774 9911 4310  
23667 28031 29976 59163 27242  13466 21347 15683 38289 13221  9443 9835 13474 23232 12310  5922 8818 7346 16332 6322  3752 4169 5349 9431 4796  
47405 55173 60858 118351 55340  10884 15762 15584 32588 12551  3336 9722 3232 11876 2326  1025 1509 1391 2966 1089  294 1143 303 1254 188  
4878 6078 6856 13584 5919  5090 6610 6726 13832 5867  4354 5659 5891 11986 5114  4154 5413 5519 11268 4828  3574 5564 4397 10316 3694  
44014 42148 59614 102500 55960  14206 29474 15297 46409 11235  3050 4456 4247 9215 3222  1371 5023 1789 6778 914  324 1805 435 1950 198  
17370 21398 22935 45811 20292  12020 11921 16230 28340 15119  9533 13013 11873 25412 10387  6499 10674 7872 18962 6549  4974 6718 6349 13162 5571  
23375 30930 28501 61181 25256  13763 19720 18001 39137 15253  9448 9423 12961 21991 12165  5717 7972 6846 14788 6101  3982 5765 5483 11292 4647  
40980 46299 54416 102999 49327  13294 24284 16080 41280 12809  5771 7363 7290 14308 6471  1933 3488 2233 5484 1834  673 1288 994 2155 766  
41187 58526 53646 118168 45211  12691 18912 15993 32629 14567  5392 4050 7906 10102 8099  2450 1698 2663 4478 2500  906 395 908 1491 841  
34821 37779 45396 84334 41896  14624 17068 20129 38624 17507  7389 12311 8691 21591 7056  3305 8308 3479 11361 2578  1581 4150 2148 6418 1407  
10998 13488 14913 29503 13094  8731 13506 10465 24957 8799  7473 10486 9575 20654 8260  6466 8259 8489 16978 7542  4260 4994 6259 11358 5571  
17568 22812 21459 45467 19143  12487 17142 15403 33442 13488  8863 9103 12648 21819 11565  6743 9048 9011 18424 7796  4760 5650 6240 11892 5636  
46145 59758 55543 118116 49817  12223 13920 18139 31438 16390  3536 7203 5604 13135 3940  810 1315 1551 2795 1113  245 932 430 1280 230  
9839 11656 11163 22937 10542  8231 9360 9679 18991 9227  6890 9076 7843 17058 7264  6577 8528 8249 17048 7418  4848 6524 5770 12374 5288  
38077 41368 46936 88742 44171  16369 23495 22769 48208 18806  5625 10390 7595 18374 5834  1785 4293 2258 6323 1661  770 2655 1129 3645 663  
24720 23273 30746 53469 29907  16895 21901 21530 44407 19069  9848 14219 13748 29387 11169  5235 10469 6355 17077 4931  2903 5316 4019 9557 3075  
43874 50489 60482 114741 53801  13725 21576 15718 37016 13598  4125 7606 4061 11271 3272  987 2219 970 2999 734  238 941 222 962 144  
38222 51087 50242 105898 43248  12096 20848 14887 35030 12685  7881 6631 10744 15951 10578  3139 3269 3561 6817 3225  1038 1230 1272 2400 1135  
40618 43931 54020 99663 49542  13449 20623 17742 40294 14321  5609 9648 6468 16132 5313  1985 3608 1898 5573 1496  919 3733 873 3780 583  
39182 50265 46294 98554 41924  15027 19397 20419 40032 18183  5252 7980 7596 15581 6405  1980 2215 3682 5599 3086  965 2501 1782 4583 1029  
54937 75892 70689 153312 60507  7465 6978 10099 12964 10487  473 668 649 862 536  101 116 65 161 51  82 49 32 209 12  
46587 39617 64470 104047 61535  13149 27277 13734 45093 8736  2591 9335 2698 12593 1165  566 3921 498 3820 137  142 2260 114 1513 15  
50242 72522 59544 137201 51382  8702 9046 16112 23600 14184  3196 1816 4431 5373 4566  742 261 1082 1088 1123  88 52 240 179 213  
33236 38119 45655 86500 40705  16507 25642 19089 45126 16424  7467 9405 9338 18574 8389  2712 5086 3739 8708 2971  1601 2952 1955 4610 1636  
57493 74970 68948 147501 61758  4304 6101 7923 12868 7247  1147 1651 4235 5573 2555  114 705 311 1140 31  18 156 85 287 4  
44183 58154 58212 121381 50349  13538 15856 17620 31674 16574  3804 5196 4303 9325 3697  875 2407 917 2934 662  374 1291 304 1273 207  
44111 33928 61053 94022 59336  15336 31626 16872 53672 10796  3016 12331 2965 15036 1286  490 3426 535 3438 159  73 817 75 703 14  
28096 30458 35409 66395 33085  15023 18585 18811 37809 17043  9329 14034 13026 28388 10485  4169 6086 5152 11172 4512  2945 5277 4302 10022 3197  
17539 19357 22951 43012 21059  12529 15411 16722 33112 14740  8844 10462 11900 22905 10571  5710 6839 6592 13446 6109  5048 6897 6542 13733 5640  
23382 25764 30770 57532 28186  13225 12702 17904 30990 16628  8589 9301 11269 21263 10089  6377 10211 7611 18305 6312  3944 6281 5172 12151 4073  
49536 54264 61273 116276 57459  8546 10248 13219 24264 11073  3186 11405 3521 14453 1933  1495 5162 2909 9495 995  257 1802 514 2402 115  
10106 12132 14196 27503 12388  9518 11425 12659 24691 11310  7568 7730 10201 18137 9428  5720 8551 7426 16521 6273  5320 6631 6949 13782 6195  
11386 12164 15487 28228 14138  9575 13040 12094 25982 10514  7605 9576 9172 18975 8328  6297 7456 8529 16318 7598  4967 5899 6837 13031 6040  
52582 70625 65448 140833 57269  8767 8851 12921 19961 12187  1438 3312 2451 5325 1743  201 800 514 1185 258  60 97 162 203 107  
20411 27008 27649 57420 23646  13403 16195 18569 35290 16601  8582 12828 11057 23879 9647  7447 9916 8871 18508 8009  4685 6726 5362 11869 4752  
11428 14684 14969 30779 13095  9504 12778 12012 25535 10509  7106 10790 8700 20175 7361  6403 6994 8731 15777 7995  4566 7422 5452 13223 4554  
43494 71915 50168 129301 40780  14134 9140 24555 29222 24040  3725 2117 5164 6377 5273  1158 445 1222 1810 1155  429 74 335 657 278  
30835 47444 37644 89747 31252  15143 17386 22221 38853 20175  8223 10170 10844 20074 10029  4602 4333 5971 9678 5746  2273 2399 2634 4949 2415  
39991 42566 51688 95205 48098  14257 20088 19791 42236 16027  5026 7368 6127 14277 4978  2365 8039 2201 9220 1468  874 2495 1083 3543 696  
24707 30795 34544 68565 29825  14755 21643 18956 41070 16497  9518 11890 12263 23520 11293  6345 8357 7325 15331 6621  2821 4393 3377 7328 3003  
53353 65829 68964 138738 61415  7943 11140 10662 21277 9083  1505 4733 1552 5797 943  193 1697 256 1419 100  63 212 85 258 47  
43169 32155 59367 90191 58153  14430 25361 16835 47591 11392  4039 12942 4223 19096 1782  1111 7171 924 7398 239  192 2171 109 1548 20  
