# NumberOfHospitals NumberOfScenarios TimeHorizon
5 100 5
# DemandeScenario_0_Hospital_0_Period_0 DemandeScenario_0_Hospital_1_Period_0 ... DemandeScenario_0_Hospital_0_Period_1 DemandeScenario_0_Hospital_1_Period_1 ...
# DemandeScenario_1_Hospital_0_Period_0 DemandeScenario_1_Hospital_1_Period_0 ... DemandeScenario_1_Hospital_0_Period_1 DemandeScenario_1_Hospital_1_Period_1 ...
# ...
# ...
# ...
30212 43696 39282 87631 32880  16711 19335 22839 41134 21139  8634 10533 10796 20590 9960  2943 5618 3388 8442 2867  2321 2214 2860 4876 2683  
15865 19973 21634 43450 18787  12061 15252 16164 32240 14251  8298 10477 11309 22142 10020  7237 9607 9038 18685 8063  5362 6216 6646 12855 6077  
44791 59732 58249 122973 50366  12675 16815 16762 31684 15386  3153 4708 4129 7828 3774  1513 1861 1554 3331 1360  451 413 477 884 431  
15376 15978 18707 34602 17905  12968 16482 16156 33274 14510  9788 12618 13131 26502 11418  6482 8084 8338 16553 7494  5001 7401 6411 14065 5468  
5371 8073 6478 15252 5470  5166 6975 6638 14127 5760  4473 6431 5666 12597 4828  4302 5904 5425 11666 4723  3602 4944 4806 10084 4134  
40269 52384 48345 103213 43332  13440 21220 17637 40087 14595  5822 5991 8762 14074 8115  2227 2363 3911 5857 3431  832 879 1768 2416 1420  
22150 32059 25949 60191 22453  13343 18885 17936 38328 15128  8955 11544 12593 24258 11061  6835 7022 9485 15957 8904  4031 5108 5483 10324 4925  
25836 39982 31144 74934 25886  15898 21168 19866 41607 17600  9378 10454 13466 23378 12293  5535 5251 7973 12511 7554  2339 3209 3373 6359 2938  
5905 6977 7484 14746 6811  4401 5362 4949 10368 4656  4884 5711 6290 12199 5728  4441 6123 5563 12070 4833  3895 4979 4774 9911 4310  
23667 28031 29976 59163 27242  13466 21347 15683 38289 13221  9443 9835 13474 23232 12310  5922 8818 7346 16332 6322  3752 4169 5349 9431 4796  
47405 55173 60858 118351 55340  10884 15762 15584 32588 12551  3336 9722 3232 11876 2326  1025 1509 1391 2966 1089  294 1143 303 1254 188  
4878 6078 6856 13584 5919  5090 6610 6726 13832 5867  4354 5659 5891 11986 5114  4154 5413 5519 11268 4828  3574 5564 4397 10316 3694  
44014 42148 59614 102500 55960  14206 29474 15297 46409 11235  3050 4456 4247 9215 3222  1371 5023 1789 6778 914  324 1805 435 1950 198  
17370 21398 22935 45811 20292  12020 11921 16230 28340 15119  9533 13013 11873 25412 10387  6499 10674 7872 18962 6549  4974 6718 6349 13162 5571  
23375 30930 28501 61181 25256  13763 19720 18001 39137 15253  9448 9423 12961 21991 12165  5717 7972 6846 14788 6101  3982 5765 5483 11292 4647  
40980 46299 54416 102999 49327  13294 24284 16080 41280 12809  5771 7363 7290 14308 6471  1933 3488 2233 5484 1834  673 1288 994 2155 766  
41187 58526 53646 118168 45211  12691 18912 15993 32629 14567  5392 4050 7906 10102 8099  2450 1698 2663 4478 2500  906 395 908 1491 841  
34821 37779 45396 84334 41896  14624 17068 20129 38624 17507  7389 12311 8691 21591 7056  3305 8308 3479 11361 2578  1581 4150 2148 6418 1407  
10998 13488 14913 29503 13094  8731 13506 10465 24957 8799  7473 10486 9575 20654 8260  6466 8259 8489 16978 7542  4260 4994 6259 11358 5571  
17568 22812 21459 45467 19143  12487 17142 15403 33442 13488  8863 9103 12648 21819 11565  6743 9048 9011 18424 7796  4760 5650 6240 11892 5636  
46145 59758 55543 118116 49817  12223 13920 18139 31438 16390  3536 7203 5604 13135 3940  810 1315 1551 2795 1113  245 932 430 1280 230  
9839 11656 11163 22937 10542  8231 9360 9679 18991 9227  6890 9076 7843 17058 7264  6577 8528 8249 17048 7418  4848 6524 5770 12374 5288  
38077 41368 46936 88742 44171  16369 23495 22769 48208 18806  5625 10390 7595 18374 5834  1785 4293 2258 6323 1661  770 2655 1129 3645 663  
24720 23273 30746 53469 29907  16895 21901 21530 44407 19069  9848 14219 13748 29387 11169  5235 10469 6355 17077 4931  2903 5316 4019 9557 3075  
43874 50489 60482 114741 53801  13725 21576 15718 37016 13598  4125 7606 4061 11271 3272  987 2219 970 2999 734  238 941 222 962 144  
38222 51087 50242 105898 43248  12096 20848 14887 35030 12685  7881 6631 10744 15951 10578  3139 3269 3561 6817 3225  1038 1230 1272 2400 1135  
40618 43931 54020 99663 49542  13449 20623 17742 40294 14321  5609 9648 6468 16132 5313  1985 3608 1898 5573 1496  919 3733 873 3780 583  
39182 50265 46294 98554 41924  15027 19397 20419 40032 18183  5252 7980 7596 15581 6405  1980 2215 3682 5599 3086  965 2501 1782 4583 1029  
54937 75892 70689 153312 60507  7465 6978 10099 12964 10487  473 668 649 862 536  101 116 65 161 51  82 49 32 209 12  
46587 39617 64470 104047 61535  13149 27277 13734 45093 8736  2591 9335 2698 12593 1165  566 3921 498 3820 137  142 2260 114 1513 15  
50242 72522 59544 137201 51382  8702 9046 16112 23600 14184  3196 1816 4431 5373 4566  742 261 1082 1088 1123  88 52 240 179 213  
33236 38119 45655 86500 40705  16507 25642 19089 45126 16424  7467 9405 9338 18574 8389  2712 5086 3739 8708 2971  1601 2952 1955 4610 1636  
57493 74970 68948 147501 61758  4304 6101 7923 12868 7247  1147 1651 4235 5573 2555  114 705 311 1140 31  18 156 85 287 4  
44183 58154 58212 121381 50349  13538 15856 17620 31674 16574  3804 5196 4303 9325 3697  875 2407 917 2934 662  374 1291 304 1273 207  
44111 33928 61053 94022 59336  15336 31626 16872 53672 10796  3016 12331 2965 15036 1286  490 3426 535 3438 159  73 817 75 703 14  
28096 30458 35409 66395 33085  15023 18585 18811 37809 17043  9329 14034 13026 28388 10485  4169 6086 5152 11172 4512  2945 5277 4302 10022 3197  
17539 19357 22951 43012 21059  12529 15411 16722 33112 14740  8844 10462 11900 22905 10571  5710 6839 6592 13446 6109  5048 6897 6542 13733 5640  
23382 25764 30770 57532 28186  13225 12702 17904 30990 16628  8589 9301 11269 21263 10089  6377 10211 7611 18305 6312  3944 6281 5172 12151 4073  
49536 54264 61273 116276 57459  8546 10248 13219 24264 11073  3186 11405 3521 14453 1933  1495 5162 2909 9495 995  257 1802 514 2402 115  
10106 12132 14196 27503 12388  9518 11425 12659 24691 11310  7568 7730 10201 18137 9428  5720 8551 7426 16521 6273  5320 6631 6949 13782 6195  
11386 12164 15487 28228 14138  9575 13040 12094 25982 10514  7605 9576 9172 18975 8328  6297 7456 8529 16318 7598  4967 5899 6837 13031 6040  
52582 70625 65448 140833 57269  8767 8851 12921 19961 12187  1438 3312 2451 5325 1743  201 800 514 1185 258  60 97 162 203 107  
20411 27008 27649 57420 23646  13403 16195 18569 35290 16601  8582 12828 11057 23879 9647  7447 9916 8871 18508 8009  4685 6726 5362 11869 4752  
11428 14684 14969 30779 13095  9504 12778 12012 25535 10509  7106 10790 8700 20175 7361  6403 6994 8731 15777 7995  4566 7422 5452 13223 4554  
43494 71915 50168 129301 40780  14134 9140 24555 29222 24040  3725 2117 5164 6377 5273  1158 445 1222 1810 1155  429 74 335 657 278  
30835 47444 37644 89747 31252  15143 17386 22221 38853 20175  8223 10170 10844 20074 10029  4602 4333 5971 9678 5746  2273 2399 2634 4949 2415  
39991 42566 51688 95205 48098  14257 20088 19791 42236 16027  5026 7368 6127 14277 4978  2365 8039 2201 9220 1468  874 2495 1083 3543 696  
24707 30795 34544 68565 29825  14755 21643 18956 41070 16497  9518 11890 12263 23520 11293  6345 8357 7325 15331 6621  2821 4393 3377 7328 3003  
53353 65829 68964 138738 61415  7943 11140 10662 21277 9083  1505 4733 1552 5797 943  193 1697 256 1419 100  63 212 85 258 47  
43169 32155 59367 90191 58153  14430 25361 16835 47591 11392  4039 12942 4223 19096 1782  1111 7171 924 7398 239  192 2171 109 1548 20  
11767 13269 15374 29191 14030  9457 10929 12614 24106 11344  7757 9182 10030 19561 9051  6035 8727 7873 17218 6654  4695 5630 6547 12517 5746  
53247 64126 73423 143123 64408  6380 14034 5721 16128 5793  2668 4653 1996 6301 1248  551 856 305 1492 114  211 26 96 432 32  
37700 40134 52963 95751 47807  15355 26095 17806 44616 14802  6606 10435 7069 17203 6025  2119 3474 2443 5755 2043  842 2165 802 2687 599  
34880 43731 42540 88145 38433  15808 19187 21730 41367 19302  6590 11436 9164 21241 7156  3082 5175 4323 9317 3534  1285 1534 1518 2946 1416  
43502 69276 53279 130133 43429  12354 11473 19268 26399 18895  3092 2359 4520 5773 4648  2469 504 3010 3236 3216  764 76 816 924 848  
5277 5948 7418 13843 6600  5405 6286 6999 13548 6353  4848 5588 6381 12216 5778  4451 5983 5569 11866 4893  3360 5031 4425 9910 3686  
11511 15300 13807 29913 12282  9583 10749 12588 23645 11522  7360 7999 9450 17505 8801  6410 7645 8569 16526 7649  4741 6981 5478 12623 4831  
16806 18336 21078 39727 19696  12913 17163 16983 35417 14670  9296 11309 12119 23779 10861  5941 5830 8202 14177 7534  4835 6262 6342 12892 5513  
28456 30337 38726 70492 35355  13195 11196 17470 29184 16458  8393 9852 10579 21590 9165  5936 11642 6907 19246 5237  3038 6885 3673 11047 2572  
26178 38924 32714 75419 27399  14164 21080 17923 39779 15330  8681 11321 11431 22477 10234  6543 5396 9046 13502 8866  2787 3313 3924 6897 3570  
46932 58670 57749 119051 52064  11485 15480 15667 30875 13847  3511 6873 5986 13181 4211  809 1517 1361 2656 1052  239 759 495 1164 295  
44492 46688 56572 103842 53151  13303 20286 18301 40741 14481  3537 8331 4332 13005 2912  1249 4471 1745 6470 832  378 2757 437 2620 163  
23902 28898 26535 55744 25061  16952 18248 23304 41606 21517  10012 13498 13926 28208 11832  5399 10376 6940 17902 5340  2760 3980 4035 8031 3359  
10759 14398 12315 27328 11095  8968 10408 10948 21491 10204  7785 11305 9778 21926 8314  6150 6173 8312 14377 7813  5518 7405 7267 15023 6312  
37191 34480 49008 83337 46816  15565 27831 17444 46455 14192  6246 9348 9326 19743 7169  2465 5173 3644 9583 2344  940 2719 1313 4299 730  
49002 72772 59093 137972 50072  10471 9432 15673 23135 14932  2363 1306 4416 4732 4251  711 156 1745 1127 1700  366 32 464 416 496  
16488 21038 22055 44891 19194  13091 17177 16234 34045 14436  8037 12024 10509 23213 8867  6359 9156 8223 17530 7128  5257 6768 6497 13177 5860  
29892 44702 38152 87667 31655  17362 22543 21693 43771 19642  7185 9525 9436 18467 8470  3265 3790 4933 8101 4549  2651 1711 3850 4893 3882  
16499 21482 21884 45229 18967  13090 15211 16683 32200 15266  8994 10977 12156 23562 10783  6644 10172 8136 18566 6950  4865 5548 6401 11934 5821  
18838 22683 20799 43675 19711  15180 22490 18251 42213 15721  10693 13696 14599 28820 12825  5704 5783 7829 13127 7509  4605 5746 7105 12980 6026  
54904 78292 63371 146402 55430  7542 3821 16211 17128 15480  534 1405 1401 3249 523  85 184 407 678 114  14 6 100 92 24  
10724 9842 14459 24344 13729  8698 8147 11711 20039 11001  8006 10826 9693 20993 8570  6516 8957 8642 18342 7336  5418 7319 6834 14471 5971  
15957 17995 19142 37353 17996  11421 14383 13360 27946 12365  8321 9141 10508 19470 9961  6924 7655 9750 17615 8745  5591 8580 7376 16488 6108  
9650 7711 12783 20165 12557  9606 11243 12113 23751 11056  6765 7973 7955 15935 7478  6160 6999 7908 15066 7253  4726 4954 6181 11206 5733  
19675 25385 27226 55349 23321  15069 20723 19132 40508 16815  10443 12213 13372 25396 12282  6103 8633 7771 16248 6849  3642 5847 4526 10098 3915  
46057 52411 62072 117561 55853  11967 23896 13211 36827 10494  2499 3821 3790 7104 3209  1604 2704 1614 4083 1345  709 542 652 1406 544  
57164 78354 71977 156393 62246  5487 4654 8327 10090 8325  287 631 1072 918 833  137 53 160 140 192  19 10 9 35 3  
17012 22576 20152 43829 18007  12279 14117 15451 29748 14304  8566 13681 10641 25445 8739  6758 6909 9422 16136 8754  4705 7107 5759 13065 4965  
44545 48360 55734 104826 52184  11192 13947 15225 29614 13369  4274 8168 6022 15061 4169  1757 6401 2201 8435 1144  909 4905 1386 6401 454  
5769 6157 7629 13989 7042  5078 5935 6934 13290 6166  4831 6035 5944 12201 5373  4311 5598 5207 11002 4683  3754 4000 4828 8875 4506  
25659 22753 33700 56049 32540  17466 26116 21363 49168 18079  7166 6538 9910 16738 9083  5020 8948 5877 14927 4815  2780 5608 3261 8758 2608  
16963 21792 22347 45866 19505  12791 16462 16499 33700 14599  7423 10236 10318 21147 8829  6756 7409 9096 16454 8357  5172 6295 6623 12908 5974  
22610 29579 29543 61503 25690  14582 19718 18708 39196 16392  9139 12988 10800 23900 9538  6262 7005 8273 15014 7640  3443 3933 5185 8986 4597  
16855 23208 21454 46582 18460  10685 17284 12754 31359 10528  9128 11465 12436 24157 11032  7442 8095 9723 17583 9054  4507 6633 5908 12606 5076  
10938 12645 13200 26094 12295  9158 12142 10867 23486 9763  7746 9828 9653 19804 8696  6233 9214 7640 17398 6544  4604 3936 6542 10266 6241  
25575 28469 30229 58825 28676  16680 19390 22580 42586 20342  8657 10152 12241 22984 10648  5671 10636 7393 18755 5622  2184 4394 2403 6524 2038  
51621 61236 63421 126575 58204  9396 15744 14139 30333 11278  1586 4358 2746 7044 1674  414 1844 1029 2991 375  48 343 174 483 57  
16588 18731 22867 42899 20456  12872 15935 16722 33436 14889  9161 10971 11973 23345 10730  5332 7607 7336 15456 6201  5130 6152 6330 12613 5710  
24387 30196 27131 57838 25394  16911 21309 21719 43558 19663  7911 10211 9804 19739 9218  5548 6959 8304 15225 7255  3163 5103 4620 9885 3768  
38908 40286 53818 96088 49204  14431 22047 17844 41684 14697  5652 10747 6221 16866 4997  2180 5262 2151 6839 1659  1114 3396 906 3680 639  
11252 15869 14008 31155 12026  8966 11017 12258 23997 10788  7540 9935 8820 19009 7965  6165 9046 7632 17136 6545  5263 7113 6833 14175 5980  
45685 63810 56374 124962 48707  11439 12773 17984 29050 16361  4398 4367 5473 9335 5164  959 1780 1175 2701 963  316 583 332 823 271  
5707 6000 7704 13934 7088  4885 5179 6857 12370 6195  4838 5496 6296 12012 5736  4026 4039 5191 9275 4888  3619 3674 4629 8345 4351  
11839 15295 14899 31126 13184  9360 12987 11602 25390 10084  7856 9101 10365 19703 9408  5856 6419 7325 13702 6868  4913 7712 6069 14219 5080  
29654 36003 37305 74926 33712  15129 21685 18404 40884 16043  8281 9363 11560 20805 10451  4526 6267 6805 13415 5564  2502 4582 3455 8113 2688  
41018 54715 50482 108567 44460  13621 19491 18005 37722 15546  5259 5303 7386 12037 6960  1945 2661 3139 5537 2663  793 919 1602 2301 1299  
23276 30899 29532 62641 25795  14441 16021 19796 36153 17982  8999 12314 11873 24591 10292  5251 6568 7259 13901 6400  3727 6937 4137 10860 3423  
47133 62075 58554 124449 51652  11883 14732 17315 31235 15360  2703 5340 3593 8476 2854  929 857 1559 2203 1346  262 424 363 761 279  
15745 19976 21473 43334 18596  12446 18068 15322 34344 13202  7750 10117 10874 21372 9506  7408 8041 9664 17554 8971  4710 7351 5897 13219 5067  
35279 46709 43684 93277 38501  15125 18410 21363 40051 18879  6656 9436 9053 18307 7823  3323 4955 3931 8636 3428  1339 2120 1877 3791 1589  
