# NumberOfHospitals NumberOfScenarios TimeHorizon
5 200 5
# DemandeScenario_0_Hospital_0_Period_0 DemandeScenario_0_Hospital_1_Period_0 ... DemandeScenario_0_Hospital_0_Period_1 DemandeScenario_0_Hospital_1_Period_1 ...
# DemandeScenario_1_Hospital_0_Period_0 DemandeScenario_1_Hospital_1_Period_0 ... DemandeScenario_1_Hospital_0_Period_1 DemandeScenario_1_Hospital_1_Period_1 ...
# ...
# ...
# ...
30212 43696 39282 87631 32880  16711 19335 22839 41134 21139  8634 10533 10796 20590 9960  2943 5618 3388 8442 2867  2321 2214 2860 4876 2683  
15865 19973 21634 43450 18787  12061 15252 16164 32240 14251  8298 10477 11309 22142 10020  7237 9607 9038 18685 8063  5362 6216 6646 12855 6077  
44791 59732 58249 122973 50366  12675 16815 16762 31684 15386  3153 4708 4129 7828 3774  1513 1861 1554 3331 1360  451 413 477 884 431  
15376 15978 18707 34602 17905  12968 16482 16156 33274 14510  9788 12618 13131 26502 11418  6482 8084 8338 16553 7494  5001 7401 6411 14065 5468  
5371 8073 6478 15252 5470  5166 6975 6638 14127 5760  4473 6431 5666 12597 4828  4302 5904 5425 11666 4723  3602 4944 4806 10084 4134  
40269 52384 48345 103213 43332  13440 21220 17637 40087 14595  5822 5991 8762 14074 8115  2227 2363 3911 5857 3431  832 879 1768 2416 1420  
22150 32059 25949 60191 22453  13343 18885 17936 38328 15128  8955 11544 12593 24258 11061  6835 7022 9485 15957 8904  4031 5108 5483 10324 4925  
25836 39982 31144 74934 25886  15898 21168 19866 41607 17600  9378 10454 13466 23378 12293  5535 5251 7973 12511 7554  2339 3209 3373 6359 2938  
5905 6977 7484 14746 6811  4401 5362 4949 10368 4656  4884 5711 6290 12199 5728  4441 6123 5563 12070 4833  3895 4979 4774 9911 4310  
23667 28031 29976 59163 27242  13466 21347 15683 38289 13221  9443 9835 13474 23232 12310  5922 8818 7346 16332 6322  3752 4169 5349 9431 4796  
47405 55173 60858 118351 55340  10884 15762 15584 32588 12551  3336 9722 3232 11876 2326  1025 1509 1391 2966 1089  294 1143 303 1254 188  
4878 6078 6856 13584 5919  5090 6610 6726 13832 5867  4354 5659 5891 11986 5114  4154 5413 5519 11268 4828  3574 5564 4397 10316 3694  
44014 42148 59614 102500 55960  14206 29474 15297 46409 11235  3050 4456 4247 9215 3222  1371 5023 1789 6778 914  324 1805 435 1950 198  
17370 21398 22935 45811 20292  12020 11921 16230 28340 15119  9533 13013 11873 25412 10387  6499 10674 7872 18962 6549  4974 6718 6349 13162 5571  
23375 30930 28501 61181 25256  13763 19720 18001 39137 15253  9448 9423 12961 21991 12165  5717 7972 6846 14788 6101  3982 5765 5483 11292 4647  
40980 46299 54416 102999 49327  13294 24284 16080 41280 12809  5771 7363 7290 14308 6471  1933 3488 2233 5484 1834  673 1288 994 2155 766  
41187 58526 53646 118168 45211  12691 18912 15993 32629 14567  5392 4050 7906 10102 8099  2450 1698 2663 4478 2500  906 395 908 1491 841  
34821 37779 45396 84334 41896  14624 17068 20129 38624 17507  7389 12311 8691 21591 7056  3305 8308 3479 11361 2578  1581 4150 2148 6418 1407  
10998 13488 14913 29503 13094  8731 13506 10465 24957 8799  7473 10486 9575 20654 8260  6466 8259 8489 16978 7542  4260 4994 6259 11358 5571  
17568 22812 21459 45467 19143  12487 17142 15403 33442 13488  8863 9103 12648 21819 11565  6743 9048 9011 18424 7796  4760 5650 6240 11892 5636  
46145 59758 55543 118116 49817  12223 13920 18139 31438 16390  3536 7203 5604 13135 3940  810 1315 1551 2795 1113  245 932 430 1280 230  
9839 11656 11163 22937 10542  8231 9360 9679 18991 9227  6890 9076 7843 17058 7264  6577 8528 8249 17048 7418  4848 6524 5770 12374 5288  
38077 41368 46936 88742 44171  16369 23495 22769 48208 18806  5625 10390 7595 18374 5834  1785 4293 2258 6323 1661  770 2655 1129 3645 663  
24720 23273 30746 53469 29907  16895 21901 21530 44407 19069  9848 14219 13748 29387 11169  5235 10469 6355 17077 4931  2903 5316 4019 9557 3075  
43874 50489 60482 114741 53801  13725 21576 15718 37016 13598  4125 7606 4061 11271 3272  987 2219 970 2999 734  238 941 222 962 144  
38222 51087 50242 105898 43248  12096 20848 14887 35030 12685  7881 6631 10744 15951 10578  3139 3269 3561 6817 3225  1038 1230 1272 2400 1135  
40618 43931 54020 99663 49542  13449 20623 17742 40294 14321  5609 9648 6468 16132 5313  1985 3608 1898 5573 1496  919 3733 873 3780 583  
39182 50265 46294 98554 41924  15027 19397 20419 40032 18183  5252 7980 7596 15581 6405  1980 2215 3682 5599 3086  965 2501 1782 4583 1029  
54937 75892 70689 153312 60507  7465 6978 10099 12964 10487  473 668 649 862 536  101 116 65 161 51  82 49 32 209 12  
46587 39617 64470 104047 61535  13149 27277 13734 45093 8736  2591 9335 2698 12593 1165  566 3921 498 3820 137  142 2260 114 1513 15  
50242 72522 59544 137201 51382  8702 9046 16112 23600 14184  3196 1816 4431 5373 4566  742 261 1082 1088 1123  88 52 240 179 213  
33236 38119 45655 86500 40705  16507 25642 19089 45126 16424  7467 9405 9338 18574 8389  2712 5086 3739 8708 2971  1601 2952 1955 4610 1636  
57493 74970 68948 147501 61758  4304 6101 7923 12868 7247  1147 1651 4235 5573 2555  114 705 311 1140 31  18 156 85 287 4  
44183 58154 58212 121381 50349  13538 15856 17620 31674 16574  3804 5196 4303 9325 3697  875 2407 917 2934 662  374 1291 304 1273 207  
44111 33928 61053 94022 59336  15336 31626 16872 53672 10796  3016 12331 2965 15036 1286  490 3426 535 3438 159  73 817 75 703 14  
28096 30458 35409 66395 33085  15023 18585 18811 37809 17043  9329 14034 13026 28388 10485  4169 6086 5152 11172 4512  2945 5277 4302 10022 3197  
17539 19357 22951 43012 21059  12529 15411 16722 33112 14740  8844 10462 11900 22905 10571  5710 6839 6592 13446 6109  5048 6897 6542 13733 5640  
23382 25764 30770 57532 28186  13225 12702 17904 30990 16628  8589 9301 11269 21263 10089  6377 10211 7611 18305 6312  3944 6281 5172 12151 4073  
49536 54264 61273 116276 57459  8546 10248 13219 24264 11073  3186 11405 3521 14453 1933  1495 5162 2909 9495 995  257 1802 514 2402 115  
10106 12132 14196 27503 12388  9518 11425 12659 24691 11310  7568 7730 10201 18137 9428  5720 8551 7426 16521 6273  5320 6631 6949 13782 6195  
11386 12164 15487 28228 14138  9575 13040 12094 25982 10514  7605 9576 9172 18975 8328  6297 7456 8529 16318 7598  4967 5899 6837 13031 6040  
52582 70625 65448 140833 57269  8767 8851 12921 19961 12187  1438 3312 2451 5325 1743  201 800 514 1185 258  60 97 162 203 107  
20411 27008 27649 57420 23646  13403 16195 18569 35290 16601  8582 12828 11057 23879 9647  7447 9916 8871 18508 8009  4685 6726 5362 11869 4752  
11428 14684 14969 30779 13095  9504 12778 12012 25535 10509  7106 10790 8700 20175 7361  6403 6994 8731 15777 7995  4566 7422 5452 13223 4554  
43494 71915 50168 129301 40780  14134 9140 24555 29222 24040  3725 2117 5164 6377 5273  1158 445 1222 1810 1155  429 74 335 657 278  
30835 47444 37644 89747 31252  15143 17386 22221 38853 20175  8223 10170 10844 20074 10029  4602 4333 5971 9678 5746  2273 2399 2634 4949 2415  
39991 42566 51688 95205 48098  14257 20088 19791 42236 16027  5026 7368 6127 14277 4978  2365 8039 2201 9220 1468  874 2495 1083 3543 696  
24707 30795 34544 68565 29825  14755 21643 18956 41070 16497  9518 11890 12263 23520 11293  6345 8357 7325 15331 6621  2821 4393 3377 7328 3003  
53353 65829 68964 138738 61415  7943 11140 10662 21277 9083  1505 4733 1552 5797 943  193 1697 256 1419 100  63 212 85 258 47  
43169 32155 59367 90191 58153  14430 25361 16835 47591 11392  4039 12942 4223 19096 1782  1111 7171 924 7398 239  192 2171 109 1548 20  
11767 13269 15374 29191 14030  9457 10929 12614 24106 11344  7757 9182 10030 19561 9051  6035 8727 7873 17218 6654  4695 5630 6547 12517 5746  
53247 64126 73423 143123 64408  6380 14034 5721 16128 5793  2668 4653 1996 6301 1248  551 856 305 1492 114  211 26 96 432 32  
37700 40134 52963 95751 47807  15355 26095 17806 44616 14802  6606 10435 7069 17203 6025  2119 3474 2443 5755 2043  842 2165 802 2687 599  
34880 43731 42540 88145 38433  15808 19187 21730 41367 19302  6590 11436 9164 21241 7156  3082 5175 4323 9317 3534  1285 1534 1518 2946 1416  
43502 69276 53279 130133 43429  12354 11473 19268 26399 18895  3092 2359 4520 5773 4648  2469 504 3010 3236 3216  764 76 816 924 848  
5277 5948 7418 13843 6600  5405 6286 6999 13548 6353  4848 5588 6381 12216 5778  4451 5983 5569 11866 4893  3360 5031 4425 9910 3686  
11511 15300 13807 29913 12282  9583 10749 12588 23645 11522  7360 7999 9450 17505 8801  6410 7645 8569 16526 7649  4741 6981 5478 12623 4831  
16806 18336 21078 39727 19696  12913 17163 16983 35417 14670  9296 11309 12119 23779 10861  5941 5830 8202 14177 7534  4835 6262 6342 12892 5513  
28456 30337 38726 70492 35355  13195 11196 17470 29184 16458  8393 9852 10579 21590 9165  5936 11642 6907 19246 5237  3038 6885 3673 11047 2572  
26178 38924 32714 75419 27399  14164 21080 17923 39779 15330  8681 11321 11431 22477 10234  6543 5396 9046 13502 8866  2787 3313 3924 6897 3570  
46932 58670 57749 119051 52064  11485 15480 15667 30875 13847  3511 6873 5986 13181 4211  809 1517 1361 2656 1052  239 759 495 1164 295  
44492 46688 56572 103842 53151  13303 20286 18301 40741 14481  3537 8331 4332 13005 2912  1249 4471 1745 6470 832  378 2757 437 2620 163  
23902 28898 26535 55744 25061  16952 18248 23304 41606 21517  10012 13498 13926 28208 11832  5399 10376 6940 17902 5340  2760 3980 4035 8031 3359  
10759 14398 12315 27328 11095  8968 10408 10948 21491 10204  7785 11305 9778 21926 8314  6150 6173 8312 14377 7813  5518 7405 7267 15023 6312  
37191 34480 49008 83337 46816  15565 27831 17444 46455 14192  6246 9348 9326 19743 7169  2465 5173 3644 9583 2344  940 2719 1313 4299 730  
49002 72772 59093 137972 50072  10471 9432 15673 23135 14932  2363 1306 4416 4732 4251  711 156 1745 1127 1700  366 32 464 416 496  
16488 21038 22055 44891 19194  13091 17177 16234 34045 14436  8037 12024 10509 23213 8867  6359 9156 8223 17530 7128  5257 6768 6497 13177 5860  
29892 44702 38152 87667 31655  17362 22543 21693 43771 19642  7185 9525 9436 18467 8470  3265 3790 4933 8101 4549  2651 1711 3850 4893 3882  
16499 21482 21884 45229 18967  13090 15211 16683 32200 15266  8994 10977 12156 23562 10783  6644 10172 8136 18566 6950  4865 5548 6401 11934 5821  
18838 22683 20799 43675 19711  15180 22490 18251 42213 15721  10693 13696 14599 28820 12825  5704 5783 7829 13127 7509  4605 5746 7105 12980 6026  
54904 78292 63371 146402 55430  7542 3821 16211 17128 15480  534 1405 1401 3249 523  85 184 407 678 114  14 6 100 92 24  
10724 9842 14459 24344 13729  8698 8147 11711 20039 11001  8006 10826 9693 20993 8570  6516 8957 8642 18342 7336  5418 7319 6834 14471 5971  
15957 17995 19142 37353 17996  11421 14383 13360 27946 12365  8321 9141 10508 19470 9961  6924 7655 9750 17615 8745  5591 8580 7376 16488 6108  
9650 7711 12783 20165 12557  9606 11243 12113 23751 11056  6765 7973 7955 15935 7478  6160 6999 7908 15066 7253  4726 4954 6181 11206 5733  
19675 25385 27226 55349 23321  15069 20723 19132 40508 16815  10443 12213 13372 25396 12282  6103 8633 7771 16248 6849  3642 5847 4526 10098 3915  
46057 52411 62072 117561 55853  11967 23896 13211 36827 10494  2499 3821 3790 7104 3209  1604 2704 1614 4083 1345  709 542 652 1406 544  
57164 78354 71977 156393 62246  5487 4654 8327 10090 8325  287 631 1072 918 833  137 53 160 140 192  19 10 9 35 3  
17012 22576 20152 43829 18007  12279 14117 15451 29748 14304  8566 13681 10641 25445 8739  6758 6909 9422 16136 8754  4705 7107 5759 13065 4965  
44545 48360 55734 104826 52184  11192 13947 15225 29614 13369  4274 8168 6022 15061 4169  1757 6401 2201 8435 1144  909 4905 1386 6401 454  
5769 6157 7629 13989 7042  5078 5935 6934 13290 6166  4831 6035 5944 12201 5373  4311 5598 5207 11002 4683  3754 4000 4828 8875 4506  
25659 22753 33700 56049 32540  17466 26116 21363 49168 18079  7166 6538 9910 16738 9083  5020 8948 5877 14927 4815  2780 5608 3261 8758 2608  
16963 21792 22347 45866 19505  12791 16462 16499 33700 14599  7423 10236 10318 21147 8829  6756 7409 9096 16454 8357  5172 6295 6623 12908 5974  
22610 29579 29543 61503 25690  14582 19718 18708 39196 16392  9139 12988 10800 23900 9538  6262 7005 8273 15014 7640  3443 3933 5185 8986 4597  
16855 23208 21454 46582 18460  10685 17284 12754 31359 10528  9128 11465 12436 24157 11032  7442 8095 9723 17583 9054  4507 6633 5908 12606 5076  
10938 12645 13200 26094 12295  9158 12142 10867 23486 9763  7746 9828 9653 19804 8696  6233 9214 7640 17398 6544  4604 3936 6542 10266 6241  
25575 28469 30229 58825 28676  16680 19390 22580 42586 20342  8657 10152 12241 22984 10648  5671 10636 7393 18755 5622  2184 4394 2403 6524 2038  
51621 61236 63421 126575 58204  9396 15744 14139 30333 11278  1586 4358 2746 7044 1674  414 1844 1029 2991 375  48 343 174 483 57  
16588 18731 22867 42899 20456  12872 15935 16722 33436 14889  9161 10971 11973 23345 10730  5332 7607 7336 15456 6201  5130 6152 6330 12613 5710  
24387 30196 27131 57838 25394  16911 21309 21719 43558 19663  7911 10211 9804 19739 9218  5548 6959 8304 15225 7255  3163 5103 4620 9885 3768  
38908 40286 53818 96088 49204  14431 22047 17844 41684 14697  5652 10747 6221 16866 4997  2180 5262 2151 6839 1659  1114 3396 906 3680 639  
11252 15869 14008 31155 12026  8966 11017 12258 23997 10788  7540 9935 8820 19009 7965  6165 9046 7632 17136 6545  5263 7113 6833 14175 5980  
45685 63810 56374 124962 48707  11439 12773 17984 29050 16361  4398 4367 5473 9335 5164  959 1780 1175 2701 963  316 583 332 823 271  
5707 6000 7704 13934 7088  4885 5179 6857 12370 6195  4838 5496 6296 12012 5736  4026 4039 5191 9275 4888  3619 3674 4629 8345 4351  
11839 15295 14899 31126 13184  9360 12987 11602 25390 10084  7856 9101 10365 19703 9408  5856 6419 7325 13702 6868  4913 7712 6069 14219 5080  
29654 36003 37305 74926 33712  15129 21685 18404 40884 16043  8281 9363 11560 20805 10451  4526 6267 6805 13415 5564  2502 4582 3455 8113 2688  
41018 54715 50482 108567 44460  13621 19491 18005 37722 15546  5259 5303 7386 12037 6960  1945 2661 3139 5537 2663  793 919 1602 2301 1299  
23276 30899 29532 62641 25795  14441 16021 19796 36153 17982  8999 12314 11873 24591 10292  5251 6568 7259 13901 6400  3727 6937 4137 10860 3423  
47133 62075 58554 124449 51652  11883 14732 17315 31235 15360  2703 5340 3593 8476 2854  929 857 1559 2203 1346  262 424 363 761 279  
15745 19976 21473 43334 18596  12446 18068 15322 34344 13202  7750 10117 10874 21372 9506  7408 8041 9664 17554 8971  4710 7351 5897 13219 5067  
35279 46709 43684 93277 38501  15125 18410 21363 40051 18879  6656 9436 9053 18307 7823  3323 4955 3931 8636 3428  1339 2120 1877 3791 1589  
44980 60346 52861 116196 47149  12641 12657 19052 30551 17833  3998 8140 6571 15490 4473  1064 1538 2131 3447 1625  268 787 628 1404 335  
10667 12885 12511 25688 11604  9585 12742 11733 25111 10414  7973 9137 10753 20221 9704  5959 8156 7072 15452 6332  5133 7683 6371 14478 5427  
30714 38153 42520 84405 36882  14219 18355 19203 37448 17312  7888 12431 9403 20882 8429  4477 6070 5116 10585 4683  3207 4535 2995 7724 2467  
16034 22918 20454 45536 17320  12656 17325 15846 33992 13867  9221 10804 12633 23546 11399  5584 7718 7788 15664 6744  4724 5995 6435 12272 5779  
16422 16637 22920 40373 21003  12954 17704 16383 35197 14217  9332 13245 11702 25537 10113  6150 6129 7901 14073 7386  4974 7870 6278 14411 5245  
46147 56995 63965 126490 55557  11954 22214 12554 31394 11485  3905 3419 4167 7369 3918  809 833 687 1691 536  148 191 105 349 71  
29672 41960 39361 85932 33040  14070 16225 20276 35505 18775  8967 14764 9763 23707 8524  5597 5867 6652 12158 6246  2530 2560 3033 5420 2834  
51964 71581 63328 139699 55245  8263 9506 14564 22219 12895  2141 2136 2516 4355 2372  514 388 905 986 880  133 71 173 208 165  
33290 40201 39824 81153 36675  15439 18363 20445 38882 18656  7815 10682 11880 23442 9634  3620 7602 4815 12667 3554  1554 2869 2381 5343 1759  
23574 27098 30185 58307 27580  14743 20384 19001 40663 16350  8566 9146 11181 20292 10357  5915 10149 7194 17605 5913  3635 4983 4668 9614 4098  
40504 55963 53924 115778 45627  15994 20794 19497 37788 18332  3494 3984 5100 7754 4975  2131 2206 2145 4392 1914  502 413 547 907 513  
34066 38630 39031 77711 37226  18757 28470 25419 56021 21150  5152 7457 6829 13823 6285  2971 4066 5615 9636 4373  1096 2153 2045 4248 1403  
17807 21848 23006 46122 20534  12410 17338 15648 34025 13524  8287 10023 11666 22135 10278  6495 6701 8709 15408 8060  4784 5848 5766 11629 5249  
13577 15963 14829 30796 14224  13634 17207 17345 35296 15540  9086 11771 11174 23179 10143  7257 9693 9610 19674 8407  4802 5347 6681 11924 6110  
47242 61435 59581 124934 52538  10942 13555 16362 29114 14429  2986 6542 3485 9238 2821  1367 1177 1594 2775 1433  269 740 286 895 208  
27002 27524 37984 67041 34646  16186 19182 20286 40454 18194  9376 16477 10800 27738 8822  4744 8186 5886 14270 4769  2465 3529 2927 6584 2479  
25182 40275 29447 73548 24286  16751 19868 20971 40993 19256  8526 11414 11704 23427 10123  4465 5605 6971 12375 6032  3221 2777 5395 7306 5130  
54256 78385 68001 153456 57624  8043 4664 12681 12525 13419  634 595 766 1274 503  63 58 52 134 28  89 4 44 164 21  
28191 32941 38273 73511 34081  15304 20207 19991 41045 17520  8365 10229 10807 21178 9671  4676 8190 5515 13517 4608  2820 5635 3007 8237 2462  
5683 7145 7532 15220 6612  5141 5274 6788 12164 6332  4337 6218 5659 12445 4778  4485 5557 5811 11621 5187  3723 4236 5169 9639 4621  
10958 14662 14381 30339 12386  8927 12160 11671 24701 10072  7685 10937 9316 20736 8115  5732 7728 7770 15848 6743  5247 7206 6633 13987 5833  
5757 6112 7665 13989 7067  5066 6567 6729 13830 5846  4747 6426 6088 12955 5288  4471 5654 5678 11575 5068  3719 3632 4984 8643 4676  
26978 33015 38968 76005 33451  18597 26335 22580 48543 20267  8032 10278 10200 19651 9448  4921 7611 5228 12376 4570  2392 3042 2546 5528 2244  
17513 20744 21847 43334 19962  12329 15790 16683 33655 14473  9048 11544 11070 22811 10003  6676 8589 9119 18070 7933  4821 7362 5888 13364 5052  
35523 42270 46403 90999 41657  14654 18153 19917 38823 17470  6686 12956 7825 20641 6279  3422 4721 4217 8813 3667  1479 2853 1534 4210 1249  
45062 41116 57274 97407 55648  14990 31547 19094 53972 13382  1816 5961 2363 7733 1553  727 1459 1841 3841 810  338 2395 589 2880 143  
21308 26274 24787 51742 22885  15763 19480 21276 41784 18775  9177 12232 11488 23917 10261  5746 8482 7213 15825 6281  3972 6254 5460 11961 4487  
41711 54164 47252 103191 43192  13139 12549 19617 30605 18956  5636 9972 9180 20174 6668  1783 3897 3586 8118 2058  547 1871 1178 3304 509  
53497 48683 72433 121326 68762  6803 17381 6100 26831 2298  2351 11085 2545 14336 508  364 4652 357 3783 25  42 720 76 701 2  
20563 26642 23153 50619 21231  15994 18960 21783 41544 19458  8633 12320 10183 22728 9097  6477 9693 8831 19090 7339  3476 4274 4496 8563 4206  
13545 8857 18885 27103 18769  13173 15158 17677 34087 15661  9939 13110 12401 26296 10839  6872 8688 8961 18386 7741  4537 5443 5619 11447 4971  
33329 46183 42529 92675 36460  14584 21843 17465 39525 15171  7000 7257 11064 17262 10227  3734 4754 4918 9203 4490  1901 2130 2354 4342 2163  
51257 65994 67185 138305 58681  9970 13254 11649 23302 10704  1558 2960 2274 4525 1958  227 1288 315 1165 183  40 170 74 196 44  
17089 17681 22593 40716 21011  12758 15601 16867 33445 14915  8956 11543 10890 22735 9774  6249 7278 8703 16513 7610  4847 7589 5674 13376 4867  
11610 14925 14077 29710 12634  9349 9908 12740 22969 11674  7830 10925 9703 21211 8440  5977 6155 7936 14117 7389  4788 8065 5603 14105 4626  
23837 29009 30412 60890 27333  13436 15006 16669 31701 15568  9329 15012 12003 28058 9798  5787 6831 8476 15495 7389  3940 5463 5300 10843 4541  
25874 23986 33354 57006 32122  16765 23627 20568 45386 17866  8964 14663 10961 26170 9152  4965 7790 6705 14766 5521  3032 5387 4605 10497 3373  
43515 48564 49984 98451 47859  14537 24607 20203 45688 16978  3013 4556 5905 10268 4641  1605 4313 3993 9585 1710  201 821 586 1450 233  
23277 25465 30953 57486 28304  14623 17747 18428 36790 16611  8104 9041 10133 19295 9342  5204 5756 6847 12888 6135  4111 6387 5487 12476 4373  
33843 47909 41797 93486 35900  15935 20302 20672 40931 18547  6773 8488 9935 17954 8789  3323 3854 4803 8150 4384  1402 1830 1867 3505 1666  
30848 46482 38497 89653 32061  17598 20691 22119 42239 20468  7951 9040 11420 19681 10454  3354 3836 5104 8372 4630  1445 2034 2020 3776 1792  
29652 36225 41710 81673 36168  18484 22581 22768 45141 20888  7724 13126 9064 21740 7724  3835 6219 4378 10188 3784  1661 2991 1862 4546 1576  
53560 64368 69172 136930 62145  7576 11197 9522 20679 7924  1446 4253 2016 6050 1254  438 2949 726 3311 233  37 472 60 331 25  
11644 13504 14636 28587 13430  8921 9089 11643 20814 10927  7697 11678 9332 21797 7900  5934 6244 7740 13995 7223  5430 7199 7154 14714 6213  
59137 76953 73843 155422 65314  3336 5858 5870 9920 5061  478 862 1587 2051 1014  130 29 230 160 195  7 5 11 14 5  
34684 28866 45878 73833 44736  18096 31046 21500 54873 17182  5408 7127 7851 16048 6168  2746 7553 3224 10781 2082  1318 4108 2001 6710 981  
47158 58286 67019 131904 57677  11019 17746 10997 23936 11741  4314 6083 3280 9723 2121  343 1139 168 1081 45  182 332 68 617 11  
5087 5865 5933 11853 5602  4825 4809 6148 10933 5865  4760 6788 5672 12865 4940  4506 5911 5653 11862 5006  3651 3817 4664 8456 4411  
10874 14941 14118 30419 12082  9104 12895 11472 25242 9864  7974 10391 9888 20617 8824  5568 7167 7814 15331 6804  5441 6113 7276 13369 6666  
21980 32370 26481 61485 22535  14528 19626 17911 38327 15809  9964 10407 13925 23947 12915  5206 7226 7669 15088 6462  4228 5054 5581 10412 5079  
19364 23147 21720 45096 20522  14528 14466 19639 33923 18518  10438 16752 12918 30769 10719  6267 9152 7987 17350 6948  4307 5214 6553 11896 5595  
11568 13887 15394 30196 13696  7866 9908 11071 21925 9555  8188 10542 10007 20850 8986  6464 7718 8569 16528 7691  5386 6779 6631 13505 5989  
46550 71365 56780 135058 47230  11523 10801 16564 24901 15894  3783 1235 6674 5812 7026  853 265 1021 1333 969  161 35 308 234 297  
23714 28268 30901 60703 27750  14466 17889 17914 36220 16224  8899 11586 11053 22792 9907  5445 7873 7947 16495 6454  3859 5828 5212 11161 4361  
34357 43014 45406 91604 39931  15874 22393 19742 42285 17340  6773 10178 8658 18477 7511  2576 4104 3594 7276 3098  1830 2165 2247 4215 2049  
36630 56638 43426 105144 36289  16045 18090 21410 38962 19706  6622 5718 10147 14691 9689  2251 2168 3735 5434 3388  875 637 1810 2021 1620  
54386 51312 75119 127697 70234  6723 15803 5108 25391 1207  1880 13565 1300 13436 154  87 2436 20 933 2  1 199 0 68 0  
37359 42586 52140 98121 46299  15955 21167 19375 40840 17273  5123 11390 5571 16120 4454  2535 5559 2488 7345 1999  1160 1991 1115 3019 899  
22547 31574 28220 62343 24251  14414 14926 20180 35152 18585  8863 14183 10835 25480 9104  5920 8549 7651 16195 6628  4098 5422 5169 10440 4611  
56290 65226 76609 146334 68322  5930 10940 4623 16126 3234  830 6171 305 4609 44  29 1031 10 440 0  1 255 0 51 0  
17782 21302 22488 44713 20378  11655 15137 13684 29201 12439  8959 11439 11180 22864 10087  6474 8877 8099 17181 7174  4953 5864 7422 13567 6382  
16657 20392 19853 40866 18228  12535 14338 16114 30740 14815  9100 14064 11255 26285 9428  6534 9076 8130 17448 7168  4909 7133 6424 13827 5485  
55357 53681 75067 129888 70233  6842 20097 5916 30000 1334  758 6767 438 5730 33  125 2532 125 1807 3  0 264 1 78 0  
17859 22110 22831 46176 20393  12439 16490 16217 33706 14128  8530 8732 11911 20790 10923  6177 9083 6910 16077 6115  4971 6875 6162 13101 5434  
5456 5807 6821 12682 6431  4487 5494 5077 10641 4766  4491 5325 5425 10833 5042  4164 4047 5884 10076 5420  3499 3553 4411 7920 4213  
5612 7087 7473 15122 6541  4686 6272 6309 13157 5408  4841 6640 5941 12938 5210  4464 5375 5850 11440 5256  4038 5309 5132 10674 4533  
23142 31259 27933 61026 24639  14419 16493 20297 37451 18112  9580 12830 12144 25220 10722  5961 8320 7709 16090 6711  3659 5187 5013 10190 4287  
47372 69766 59511 136022 49973  11819 12138 15796 25130 15300  2881 1430 5041 4867 5197  709 316 906 1125 877  190 37 211 247 202  
21549 29106 28340 60140 24297  15128 17174 20217 37599 18454  9927 12542 12417 25028 11173  6143 8369 7781 16152 6846  3840 5668 4807 10403 4153  
22825 29266 29942 61454 26189  13715 19270 17849 38111 15383  9753 10972 12855 23657 11825  5389 7770 7180 14916 6223  4125 6151 4732 10736 4143  
10508 9242 14629 23969 13846  9546 10651 12484 23617 11365  7244 8735 10005 19557 8708  5399 4562 7168 11903 6791  5471 7423 6613 14314 5821  
5216 8115 6038 14831 5073  4580 7017 5724 13437 4746  4556 6280 5283 11860 4694  4220 5737 5535 11672 4775  3943 4871 4776 9755 4370  
45440 55577 60769 120448 53633  12074 16260 15364 30990 13744  3454 8940 3358 11011 2586  1466 2141 1470 3606 1190  476 532 423 1100 328  
59503 74333 75927 154549 67634  2670 8991 4001 10976 2826  646 369 1360 1689 937  264 11 247 330 197  8 4 11 30 1  
49121 72803 57461 135663 49194  11222 8119 17642 23663 17276  2240 1988 4873 6026 4205  404 647 1185 1751 722  72 114 325 383 165  
19840 32040 23259 58455 19071  12135 19148 15111 35876 12431  10924 11476 15612 26441 14497  6083 7906 8225 15965 7320  4806 4877 6712 11057 6327  
24194 39465 28679 72284 23313  16952 21352 21713 43421 19478  9224 10751 13084 23399 11846  4329 5670 6128 11509 5423  3043 2927 4665 6945 4431  
45212 59032 53536 115207 48132  13441 16661 21040 37868 18104  3052 4643 4279 8595 3641  928 2227 1546 3635 1092  321 662 829 1493 490  
50842 59817 58692 119259 55179  10412 17613 17740 35864 14425  1309 2942 3627 7048 1756  354 1459 1018 2918 205  141 1357 389 1944 29  
54361 63685 74913 143640 66294  5785 17309 4468 17910 3899  2192 1835 1785 3974 1291  395 582 240 948 87  338 228 138 994 28  
5855 6998 7729 15151 6912  4449 6293 5953 12909 5004  4849 5269 6384 11790 5880  4010 6168 4930 11562 4135  3509 5463 4378 10251 3646  
48402 66538 63100 135853 53876  10324 15025 12302 24567 11451  3196 1545 5013 5144 5294  805 521 807 1476 696  275 60 258 402 229  
34082 37992 46422 86663 41858  15417 18005 19067 37692 17224  7328 13926 8948 23404 6970  3343 5606 3752 9293 3126  1524 3139 1872 4972 1427  
27805 27808 36445 64607 34282  16477 22957 21473 46287 18172  8327 14155 9471 23777 7960  4454 5419 6382 12098 5445  2767 5088 3690 9019 2825  
10268 15787 12567 29909 10433  8258 12689 10249 24040 8534  7596 10710 9279 20529 8074  5700 7980 7653 16043 6563  5516 7001 6922 14012 6233  
15558 19692 21319 42915 18449  12057 16939 15493 33418 13374  9180 9203 12519 21668 11676  7258 9127 9186 18421 8240  4738 7959 5699 13689 4790  
44766 63653 52644 120408 45841  11391 11467 14903 25490 14555  5150 6154 10039 15794 8224  1242 1837 2767 4395 2043  337 455 750 1037 590  
5791 7292 7055 14661 6374  5377 6338 6934 13538 6284  4161 5144 4775 9993 4446  4415 5007 5855 11038 5324  3944 4690 5406 10388 4782  
39314 42105 46237 88061 44428  16195 21515 23672 46255 20262  4213 9849 5178 14909 3865  1954 4851 3251 8568 1925  724 1645 1634 3729 741  
10308 8734 14174 22853 13576  9156 9720 11761 21729 10923  8239 11218 10354 22255 9000  5894 6714 7345 14179 6771  4961 6414 6029 12575 5432  
30255 37804 34096 72738 31669  17593 19886 24762 44848 22474  8497 12637 12261 25759 9957  3648 5875 5498 11668 4284  1510 2726 2275 5050 1711  
25771 29120 30400 59745 28732  15907 16927 21863 39036 20074  8712 10236 12158 23041 10580  5316 10882 6229 17343 4844  3116 5980 4185 10443 3172  
5814 6498 7463 14164 6877  4488 5417 5108 10582 4800  4746 4999 6378 11526 5873  4473 5593 5662 11493 5075  4087 5317 5196 10775 4594  
51975 70598 69118 146773 58894  7698 12441 8992 16117 9233  2070 618 2362 2996 2488  948 50 817 1188 779  142 1 108 173 100  
49959 59346 56994 117065 53636  12018 18509 21987 41897 17306  925 3546 2104 6094 621  117 1091 272 1266 28  33 672 83 571 4  
5932 7437 7441 15256 6668  4945 6509 5760 12515 5209  4400 4579 5548 10113 5265  4264 5368 5207 10741 4725  3777 4548 4646 9276 4278  
44090 64708 51968 121446 44587  13984 12874 22315 33293 20782  3431 4536 5107 9277 4359  1135 1125 1582 2538 1404  246 359 317 647 254  
4736 3460 6544 9848 6426  4814 4332 6688 11139 6281  4797 5587 6002 11771 5500  4323 4832 5574 10579 5111  3593 3335 4957 8449 4601  
29101 35588 38374 76339 34039  15317 18588 18597 37313 17026  8025 9433 11476 21316 10028  4948 8150 5933 14093 4972  2672 5217 3302 8434 2612  
40513 43399 53330 98108 49211  13882 24677 15495 40834 12701  5061 7228 6761 13984 5781  2064 3238 3322 6728 2505  1033 3309 1684 5248 885  
