# NumberOfHospitals NumberOfScenarios TimeHorizon
5 20 5
# DemandeScenario_0_Hospital_0_Period_0 DemandeScenario_0_Hospital_1_Period_0 ... DemandeScenario_0_Hospital_0_Period_1 DemandeScenario_0_Hospital_1_Period_1 ...
# DemandeScenario_1_Hospital_0_Period_0 DemandeScenario_1_Hospital_1_Period_0 ... DemandeScenario_1_Hospital_0_Period_1 DemandeScenario_1_Hospital_1_Period_1 ...
# ...
# ...
# ...
30212 43696 39282 87631 32880  16711 19335 22839 41134 21139  8634 10533 10796 20590 9960  2943 5618 3388 8442 2867  2321 2214 2860 4876 2683  
15865 19973 21634 43450 18787  12061 15252 16164 32240 14251  8298 10477 11309 22142 10020  7237 9607 9038 18685 8063  5362 6216 6646 12855 6077  
44791 59732 58249 122973 50366  12675 16815 16762 31684 15386  3153 4708 4129 7828 3774  1513 1861 1554 3331 1360  451 413 477 884 431  
15376 15978 18707 34602 17905  12968 16482 16156 33274 14510  9788 12618 13131 26502 11418  6482 8084 8338 16553 7494  5001 7401 6411 14065 5468  
5371 8073 6478 15252 5470  5166 6975 6638 14127 5760  4473 6431 5666 12597 4828  4302 5904 5425 11666 4723  3602 4944 4806 10084 4134  
40269 52384 48345 103213 43332  13440 21220 17637 40087 14595  5822 5991 8762 14074 8115  2227 2363 3911 5857 3431  832 879 1768 2416 1420  
22150 32059 25949 60191 22453  13343 18885 17936 38328 15128  8955 11544 12593 24258 11061  6835 7022 9485 15957 8904  4031 5108 5483 10324 4925  
25836 39982 31144 74934 25886  15898 21168 19866 41607 17600  9378 10454 13466 23378 12293  5535 5251 7973 12511 7554  2339 3209 3373 6359 2938  
5905 6977 7484 14746 6811  4401 5362 4949 10368 4656  4884 5711 6290 12199 5728  4441 6123 5563 12070 4833  3895 4979 4774 9911 4310  
23667 28031 29976 59163 27242  13466 21347 15683 38289 13221  9443 9835 13474 23232 12310  5922 8818 7346 16332 6322  3752 4169 5349 9431 4796  
47405 55173 60858 118351 55340  10884 15762 15584 32588 12551  3336 9722 3232 11876 2326  1025 1509 1391 2966 1089  294 1143 303 1254 188  
4878 6078 6856 13584 5919  5090 6610 6726 13832 5867  4354 5659 5891 11986 5114  4154 5413 5519 11268 4828  3574 5564 4397 10316 3694  
44014 42148 59614 102500 55960  14206 29474 15297 46409 11235  3050 4456 4247 9215 3222  1371 5023 1789 6778 914  324 1805 435 1950 198  
17370 21398 22935 45811 20292  12020 11921 16230 28340 15119  9533 13013 11873 25412 10387  6499 10674 7872 18962 6549  4974 6718 6349 13162 5571  
23375 30930 28501 61181 25256  13763 19720 18001 39137 15253  9448 9423 12961 21991 12165  5717 7972 6846 14788 6101  3982 5765 5483 11292 4647  
40980 46299 54416 102999 49327  13294 24284 16080 41280 12809  5771 7363 7290 14308 6471  1933 3488 2233 5484 1834  673 1288 994 2155 766  
41187 58526 53646 118168 45211  12691 18912 15993 32629 14567  5392 4050 7906 10102 8099  2450 1698 2663 4478 2500  906 395 908 1491 841  
34821 37779 45396 84334 41896  14624 17068 20129 38624 17507  7389 12311 8691 21591 7056  3305 8308 3479 11361 2578  1581 4150 2148 6418 1407  
10998 13488 14913 29503 13094  8731 13506 10465 24957 8799  7473 10486 9575 20654 8260  6466 8259 8489 16978 7542  4260 4994 6259 11358 5571  
17568 22812 21459 45467 19143  12487 17142 15403 33442 13488  8863 9103 12648 21819 11565  6743 9048 9011 18424 7796  4760 5650 6240 11892 5636  
