# NumberOfHospitals NumberOfScenarios TimeHorizon
4 100 5
# DemandeScenario_0_Hospital_0_Period_0 DemandeScenario_0_Hospital_1_Period_0 ... DemandeScenario_0_Hospital_0_Period_1 DemandeScenario_0_Hospital_1_Period_1 ...
# DemandeScenario_1_Hospital_0_Period_0 DemandeScenario_1_Hospital_1_Period_0 ... DemandeScenario_1_Hospital_0_Period_1 DemandeScenario_1_Hospital_1_Period_1 ...
# ...
# ...
# ...
40978 57197 72666 39899  24795 30742 43773 25070  10847 19057 22775 9847  6436 10587 13858 5821  3083 5089 6769 2802  
54085 54502 86197 56969  22997 38823 48994 19799  7725 18842 18848 6193  2602 9200 7540 1900  695 1866 1708 576  
67400 79460 117080 67433  15620 27792 32051 14155  4165 14585 12172 3007  1127 3495 3038 925  315 1162 1009 249  
44369 57285 76718 44145  25338 36753 49646 23727  9945 16501 19752 9463  4413 7658 8960 4236  1978 2253 3433 2105  
49353 56191 85810 49421  22311 37974 44668 20446  9137 15124 18275 8670  4525 9237 9324 4196  1894 3898 3953 1799  
45319 63292 81875 43745  24124 32680 44701 23624  9748 15242 18968 9424  4958 9039 11048 4402  2397 3872 4965 2310  
23806 33532 45627 22143  15146 26020 31119 13267  13858 15358 23289 14468  10205 13595 18045 10283  6823 9191 12517 6800  
8140 10439 14334 8047  7473 8853 13252 7404  5918 8265 10561 5783  6189 8967 11912 5781  5160 8504 10342 4652  
25175 32786 45170 24580  17384 26105 33798 16103  11851 16119 20933 11812  8985 13722 17950 8299  6879 10574 13114 6616  
46691 71677 91558 42455  20542 30676 39325 19431  11250 13451 18904 12002  5363 5868 8142 6193  2776 2683 4160 3365  
54014 74262 103402 50325  20134 31116 37578 19854  9404 11103 14600 10650  3380 6280 6373 3328  1038 2478 2166 981  
6597 8822 11382 6551  6467 9683 12006 6121  6043 9425 11581 5608  5830 8634 10953 5519  5368 8117 10261 5029  
50609 60784 88136 50512  20420 33730 40076 18957  9501 14601 18296 9190  3790 7117 7881 3528  2505 5388 6086 2115  
47979 47191 73445 51440  26491 39754 53888 23628  7300 19963 18463 5658  4211 8356 10236 3394  1570 5175 4786 1073  
21020 35101 43512 18182  17906 23695 33120 17267  12174 19041 23610 11284  9831 13734 17673 9745  7434 9081 12922 7699  
14716 16265 26083 14570  14020 19116 25839 13506  10900 15790 20810 10285  9329 12804 17024 9133  7045 10476 13548 6684  
7954 10310 14782 7599  5967 10278 12659 5067  6554 8405 12078 6335  6313 8986 11741 6044  5836 7378 10187 5864  
50855 64665 91264 49721  21115 28370 37832 21034  8815 18646 19536 7652  4204 6758 8152 4127  1900 4948 4865 1553  
55718 83026 106689 51640  18246 28474 35928 17074  9138 9512 13944 10543  2861 3518 4689 3250  1638 1591 2808 1838  
29968 40269 52973 29383  20087 26003 35356 20049  12119 17414 22273 11847  9895 12439 18525 9647  5650 6908 10349 5599  
67217 78627 116820 67261  16154 34944 36364 13763  3921 7230 8037 3756  1080 4252 3201 807  270 1394 940 201  
41230 49069 73163 40708  19447 25807 36541 18803  13002 23872 26042 11941  6443 11391 12894 6118  4078 7093 7727 3998  
7564 10526 13647 7321  7232 9817 13020 7040  6087 7906 10563 6080  5696 5923 9142 6005  4668 4964 7383 4940  
63354 112163 136706 52521  17048 9270 19828 21228  6939 4415 7389 10052  1180 923 1397 1814  155 212 250 180  
73067 119375 146276 65008  12039 6186 16002 14846  2776 1404 2772 4310  732 170 569 1413  107 20 84 216  
70417 104443 137531 64383  14829 18565 23043 16964  2630 3349 3979 3246  718 643 939 1039  110 86 155 166  
47260 43516 70642 51346  21560 28453 39576 20373  12001 23980 28817 9290  4656 15097 14099 3035  1744 7326 6022 1038  
78154 109652 150224 72530  7565 12083 10215 10291  2780 4033 4446 2961  204 1156 690 54  33 112 91 9  
66402 79882 114531 66609  16163 32355 35812 13962  4698 10249 11294 4024  986 3097 2646 837  344 891 907 309  
49335 53756 83589 50228  21862 36089 42910 20153  9932 18873 21175 8875  4083 8620 8983 3643  2009 4965 4963 1701  
79404 99749 137571 79161  7960 19068 21690 6127  882 3934 3392 400  354 2734 1917 116  136 936 857 40  
57330 89997 116512 50591  20070 24072 32654 21723  8236 7988 11240 10260  2029 3635 3629 2017  791 1010 1205 935  
24267 28180 42873 24055  17764 22008 31810 17545  12452 21239 25227 11236  9630 14517 18240 9239  6928 10182 12612 6837  
7191 8463 13143 6971  7771 9810 13864 7651  6651 8285 12061 6501  6351 7853 11199 6328  5072 6345 9337 4938  
62102 79500 115547 59234  16534 31762 33147 15790  5681 6459 8470 6820  3218 5672 5746 3090  915 2458 2013 718  
40876 58206 76489 38617  22593 28629 39821 22759  12039 17248 22740 11737  5125 9073 10035 4888  3336 6341 7082 3079  
7283 11145 13798 6781  7334 10823 14045 6825  6209 8976 11426 5951  6272 8257 11241 6170  5832 7719 10709 5671  
56028 82440 108130 51710  17256 26492 33512 16395  9468 9770 14283 11074  3245 4131 5183 3732  1649 2763 2865 1664  
49766 82146 102350 43327  25421 28327 41037 27394  6814 10078 12598 6814  4119 4187 6053 4926  1339 1230 1955 1676  
50993 50374 79362 54311  24119 37184 49008 21467  8395 21027 21199 6455  2577 8509 7260 1883  1617 5509 5089 1092  
25177 31859 44546 24825  18041 24857 33278 17398  12588 17703 24069 11952  9163 11797 16124 9245  6529 9803 12773 6189  
16232 18508 28398 16201  13175 15175 23017 13205  10839 12779 18479 11008  8966 12078 16105 8804  7391 10003 13562 7200  
52110 57247 84387 54188  20905 29784 39660 19751  9818 17237 22471 8059  3892 13239 12011 2573  1277 5780 4430 807  
31728 44729 55869 30947  24345 26557 40594 25346  13292 17340 24207 13096  6525 13730 14629 5612  5367 9358 11773 4727  
62357 93297 122176 56846  19053 24761 31644 20411  4876 5069 7714 5793  1508 1987 2395 1852  692 1340 1258 721  
40509 51244 74216 39083  22868 29893 40601 22875  11064 18284 22150 10351  6653 12537 13315 6211  3570 6748 7130 3405  
30366 45011 59841 27576  21336 30354 39352 20609  12838 19259 24235 12311  8318 12073 15109 8276  5593 7564 9853 5778  
32074 44162 60834 30093  21443 25681 36635 21930  13322 17574 23853 13295  8337 12977 15937 8008  4890 9935 10513 4346  
15212 23946 29976 13755  10558 16580 19829 9869  10586 14480 20417 9896  8892 13460 16992 8358  7422 10779 13809 7162  
74903 116739 150022 66928  11276 6516 11471 16220  1532 2140 2337 1795  761 1265 1382 666  168 230 281 169  
32416 38810 58020 31825  21293 31274 39807 20360  11585 20333 24094 10347  7473 12265 14886 7000  5344 8226 10015 5292  
67340 89959 123542 64741  16109 22667 29557 16458  3647 10398 9078 3080  1183 2716 2432 1114  280 994 705 262  
84699 107969 152457 82630  3263 17739 11475 2435  706 1233 1601 701  81 168 172 74  10 50 31 3  
65733 86305 117355 64288  15093 26464 30635 14203  5963 10420 13353 5401  1217 2868 2872 1150  558 732 1095 616  
57774 75991 103389 56420  17406 33267 37555 15230  8611 10744 15954 8752  3176 3506 5197 3663  1111 2288 2306 1101  
16101 18615 28429 15973  13295 20033 25652 12338  10649 16348 20725 9865  8791 12458 16604 8410  6997 8433 12382 7078  
24833 29677 44077 24520  16952 27431 33511 15433  12929 15389 21879 13308  9613 12348 17263 9588  6653 9344 12636 6439  
55483 79964 107115 51258  21423 23714 34706 23341  7508 11892 14089 7462  2647 7380 6198 2240  936 2564 2125 831  
76363 95804 131115 76464  7895 22864 22277 6203  3754 6922 10010 2693  490 896 1334 356  219 492 790 119  
49116 56464 82943 49954  22486 32668 43926 20977  9550 20690 21564 8155  4240 9200 9666 3711  1686 3197 3366 1629  
33165 37608 56162 33715  21163 30869 40237 19988  12835 17906 23661 12507  7982 13285 15878 7438  4660 9460 10074 4124  
15655 23855 30598 14290  12769 17305 24152 12080  11106 15654 20716 10646  8282 13078 15937 7721  7704 9805 13432 7830  
14300 23408 29320 12492  13260 16282 23945 13016  10696 16068 20627 9972  9099 13052 16664 8839  6359 10245 12798 5759  
8107 9068 14053 8151  7565 9367 13559 7434  6960 8926 12488 6839  5418 7881 10690 4979  5559 6404 9605 5634  
7841 8172 12678 8197  7705 10023 13905 7511  6883 8298 12191 6830  5236 6239 8670 5377  5776 8069 10924 5484  
15311 23538 29515 14084  13820 18085 24834 13549  11217 15028 20396 10961  6896 10819 12843 6560  7853 10052 14372 7732  
6845 11144 13345 6205  7406 9513 13025 7344  6711 9793 12705 6321  5700 7595 10055 5650  4360 6064 7624 4332  
53983 89983 113091 46207  23117 27449 36775 24757  7992 7065 11167 9827  2371 1605 3080 3219  722 507 869 1069  
33881 41620 59798 33520  19754 22680 33358 20223  13080 17983 24636 12552  7539 16924 17464 6219  5295 8591 10238 5064  
45843 68097 86135 42998  23789 25777 39736 25065  9926 18819 21794 8663  4987 8012 10058 4762  2233 3565 4397 2232  
70573 93304 124886 69276  14290 21031 28518 13965  3133 10240 9862 2069  535 2028 1776 375  141 452 476 104  
53792 82168 100166 50466  21888 31721 42505 21124  9118 8369 15002 10311  2787 3644 5845 2680  821 804 1463 934  
38078 59643 74556 34590  23202 29386 42053 22947  13057 15343 21917 13851  6814 9638 12292 6946  3471 5958 6901 3363  
56791 85301 114110 50707  22173 28414 36186 24012  6748 7732 9933 8089  1774 3803 3421 1683  695 883 1052 823  
46669 77569 98005 39868  25128 31075 42278 26136  8945 10097 14074 10071  4022 4071 5727 4934  2279 2051 2988 2965  
39725 44120 65672 40913  19997 28420 36469 19351  13807 23561 29252 12222  6592 10873 13278 6146  3580 6369 7565 3255  
67819 86301 121519 66354  14047 24496 27451 13403  4833 11249 12301 3998  1463 2815 2960 1550  379 1400 971 364  
50592 65411 90707 49429  21750 29063 39871 21434  7792 17762 17653 6610  4493 7561 8842 4367  1991 2325 3412 2159  
31479 47684 61323 28796  19797 29637 37505 18687  13101 17319 24204 12861  8623 12030 15471 8684  5826 7119 9761 6257  
65383 93757 123159 61471  17247 23161 30408 18056  4663 6748 8827 4900  1100 2122 2339 1115  231 1002 685 195  
77357 77288 123104 81576  10507 34933 35274 4160  811 10072 5924 115  68 3915 1190 5  5 505 124 0  
23120 33013 42479 22070  18212 25777 34205 17332  11978 15352 20722 12143  10068 12511 18050 10088  6331 7848 10907 6507  
33692 39716 58512 33719  20714 28569 37867 20111  12700 20483 24876 11848  7824 10226 14102 7814  5232 9920 11293 4655  
24175 34296 46199 22526  17473 24859 33111 16535  11161 18555 22555 10034  8904 13693 17020 8429  6645 7670 11422 6968  
75873 98084 136003 74138  9547 23689 22825 8268  2491 2735 4273 2832  530 1187 1347 445  258 1003 1064 141  
65039 86971 121609 61731  16705 27233 31312 16821  5256 8410 9102 5646  1215 3328 2647 1106  336 834 695 348  
48895 52502 81027 50399  20026 34008 39629 18260  10351 14931 20120 9780  4845 11282 11639 3972  2548 6031 6872 1927  
66677 79592 121821 64520  14309 35148 30903 13274  5919 7264 8848 6736  1054 2099 2013 909  466 1350 1101 289  
39574 59619 76627 36367  23203 27566 40366 23669  12099 17391 21988 12053  6601 9249 12070 6689  3062 5617 6062 2944  
24752 30648 43085 24664  17796 20675 30616 18001  10117 17725 19985 9214  9718 13487 17896 9493  7366 11090 14873 6798  
15742 23808 30374 14503  12487 18843 23700 11679  9796 15383 19763 8781  8841 11612 16422 8571  7276 10515 13371 7080  
8194 9774 14585 8085  6839 10717 13696 6139  6818 9540 12528 6564  5584 7743 10748 5227  5642 7529 10029 5582  
64087 94681 122248 59596  16840 21272 28405 18059  5224 8211 10953 4984  1952 2057 3017 2424  459 669 791 564  
24336 31982 43302 23847  17964 20348 31099 18154  12697 20826 25439 11569  8830 13385 16522 8503  5330 9345 10459 4971  
35465 55037 67403 32840  23437 33619 44621 22241  12818 16574 22653 13099  6076 8141 10645 6347  4722 6484 9348 4553  
35083 51964 64631 33263  22492 31378 41276 21956  12843 14685 21701 13510  8333 11572 16149 8043  3799 6947 8146 3464  
57985 87413 108649 54347  19620 20226 31522 21748  8070 14567 18942 6766  2007 3759 4663 1800  469 606 794 569  
33170 50687 61632 31155  20720 27889 36553 20762  15837 21346 30056 15356  6394 9124 11666 6495  4487 6695 8788 4392  
31352 32949 50769 32718  20606 30174 38659 19553  12895 19242 24479 12263  8017 14231 16523 7268  5925 10660 12813 5249  
22800 25750 40473 22538  18273 24926 33904 17591  11918 19865 24154 10780  9286 13411 17414 9023  7250 10526 13282 7180  
