# NumberOfHospitals NumberOfScenarios TimeHorizon
4 20 5
# DemandeScenario_0_Hospital_0_Period_0 DemandeScenario_0_Hospital_1_Period_0 ... DemandeScenario_0_Hospital_0_Period_1 DemandeScenario_0_Hospital_1_Period_1 ...
# DemandeScenario_1_Hospital_0_Period_0 DemandeScenario_1_Hospital_1_Period_0 ... DemandeScenario_1_Hospital_0_Period_1 DemandeScenario_1_Hospital_1_Period_1 ...
# ...
# ...
# ...
40978 57197 72666 39899  24795 30742 43773 25070  10847 19057 22775 9847  6436 10587 13858 5821  3083 5089 6769 2802  
54085 54502 86197 56969  22997 38823 48994 19799  7725 18842 18848 6193  2602 9200 7540 1900  695 1866 1708 576  
67400 79460 117080 67433  15620 27792 32051 14155  4165 14585 12172 3007  1127 3495 3038 925  315 1162 1009 249  
44369 57285 76718 44145  25338 36753 49646 23727  9945 16501 19752 9463  4413 7658 8960 4236  1978 2253 3433 2105  
49353 56191 85810 49421  22311 37974 44668 20446  9137 15124 18275 8670  4525 9237 9324 4196  1894 3898 3953 1799  
45319 63292 81875 43745  24124 32680 44701 23624  9748 15242 18968 9424  4958 9039 11048 4402  2397 3872 4965 2310  
23806 33532 45627 22143  15146 26020 31119 13267  13858 15358 23289 14468  10205 13595 18045 10283  6823 9191 12517 6800  
8140 10439 14334 8047  7473 8853 13252 7404  5918 8265 10561 5783  6189 8967 11912 5781  5160 8504 10342 4652  
25175 32786 45170 24580  17384 26105 33798 16103  11851 16119 20933 11812  8985 13722 17950 8299  6879 10574 13114 6616  
46691 71677 91558 42455  20542 30676 39325 19431  11250 13451 18904 12002  5363 5868 8142 6193  2776 2683 4160 3365  
54014 74262 103402 50325  20134 31116 37578 19854  9404 11103 14600 10650  3380 6280 6373 3328  1038 2478 2166 981  
6597 8822 11382 6551  6467 9683 12006 6121  6043 9425 11581 5608  5830 8634 10953 5519  5368 8117 10261 5029  
50609 60784 88136 50512  20420 33730 40076 18957  9501 14601 18296 9190  3790 7117 7881 3528  2505 5388 6086 2115  
47979 47191 73445 51440  26491 39754 53888 23628  7300 19963 18463 5658  4211 8356 10236 3394  1570 5175 4786 1073  
21020 35101 43512 18182  17906 23695 33120 17267  12174 19041 23610 11284  9831 13734 17673 9745  7434 9081 12922 7699  
14716 16265 26083 14570  14020 19116 25839 13506  10900 15790 20810 10285  9329 12804 17024 9133  7045 10476 13548 6684  
7954 10310 14782 7599  5967 10278 12659 5067  6554 8405 12078 6335  6313 8986 11741 6044  5836 7378 10187 5864  
50855 64665 91264 49721  21115 28370 37832 21034  8815 18646 19536 7652  4204 6758 8152 4127  1900 4948 4865 1553  
55718 83026 106689 51640  18246 28474 35928 17074  9138 9512 13944 10543  2861 3518 4689 3250  1638 1591 2808 1838  
29968 40269 52973 29383  20087 26003 35356 20049  12119 17414 22273 11847  9895 12439 18525 9647  5650 6908 10349 5599  
