# NumberOfHospitals NumberOfScenarios TimeHorizon
4 50 5
# DemandeScenario_0_Hospital_0_Period_0 DemandeScenario_0_Hospital_1_Period_0 ... DemandeScenario_0_Hospital_0_Period_1 DemandeScenario_0_Hospital_1_Period_1 ...
# DemandeScenario_1_Hospital_0_Period_0 DemandeScenario_1_Hospital_1_Period_0 ... DemandeScenario_1_Hospital_0_Period_1 DemandeScenario_1_Hospital_1_Period_1 ...
# ...
# ...
# ...
40978 57197 72666 39899  24795 30742 43773 25070  10847 19057 22775 9847  6436 10587 13858 5821  3083 5089 6769 2802  
54085 54502 86197 56969  22997 38823 48994 19799  7725 18842 18848 6193  2602 9200 7540 1900  695 1866 1708 576  
67400 79460 117080 67433  15620 27792 32051 14155  4165 14585 12172 3007  1127 3495 3038 925  315 1162 1009 249  
44369 57285 76718 44145  25338 36753 49646 23727  9945 16501 19752 9463  4413 7658 8960 4236  1978 2253 3433 2105  
49353 56191 85810 49421  22311 37974 44668 20446  9137 15124 18275 8670  4525 9237 9324 4196  1894 3898 3953 1799  
45319 63292 81875 43745  24124 32680 44701 23624  9748 15242 18968 9424  4958 9039 11048 4402  2397 3872 4965 2310  
23806 33532 45627 22143  15146 26020 31119 13267  13858 15358 23289 14468  10205 13595 18045 10283  6823 9191 12517 6800  
8140 10439 14334 8047  7473 8853 13252 7404  5918 8265 10561 5783  6189 8967 11912 5781  5160 8504 10342 4652  
25175 32786 45170 24580  17384 26105 33798 16103  11851 16119 20933 11812  8985 13722 17950 8299  6879 10574 13114 6616  
46691 71677 91558 42455  20542 30676 39325 19431  11250 13451 18904 12002  5363 5868 8142 6193  2776 2683 4160 3365  
54014 74262 103402 50325  20134 31116 37578 19854  9404 11103 14600 10650  3380 6280 6373 3328  1038 2478 2166 981  
6597 8822 11382 6551  6467 9683 12006 6121  6043 9425 11581 5608  5830 8634 10953 5519  5368 8117 10261 5029  
50609 60784 88136 50512  20420 33730 40076 18957  9501 14601 18296 9190  3790 7117 7881 3528  2505 5388 6086 2115  
47979 47191 73445 51440  26491 39754 53888 23628  7300 19963 18463 5658  4211 8356 10236 3394  1570 5175 4786 1073  
21020 35101 43512 18182  17906 23695 33120 17267  12174 19041 23610 11284  9831 13734 17673 9745  7434 9081 12922 7699  
14716 16265 26083 14570  14020 19116 25839 13506  10900 15790 20810 10285  9329 12804 17024 9133  7045 10476 13548 6684  
7954 10310 14782 7599  5967 10278 12659 5067  6554 8405 12078 6335  6313 8986 11741 6044  5836 7378 10187 5864  
50855 64665 91264 49721  21115 28370 37832 21034  8815 18646 19536 7652  4204 6758 8152 4127  1900 4948 4865 1553  
55718 83026 106689 51640  18246 28474 35928 17074  9138 9512 13944 10543  2861 3518 4689 3250  1638 1591 2808 1838  
29968 40269 52973 29383  20087 26003 35356 20049  12119 17414 22273 11847  9895 12439 18525 9647  5650 6908 10349 5599  
67217 78627 116820 67261  16154 34944 36364 13763  3921 7230 8037 3756  1080 4252 3201 807  270 1394 940 201  
41230 49069 73163 40708  19447 25807 36541 18803  13002 23872 26042 11941  6443 11391 12894 6118  4078 7093 7727 3998  
7564 10526 13647 7321  7232 9817 13020 7040  6087 7906 10563 6080  5696 5923 9142 6005  4668 4964 7383 4940  
63354 112163 136706 52521  17048 9270 19828 21228  6939 4415 7389 10052  1180 923 1397 1814  155 212 250 180  
73067 119375 146276 65008  12039 6186 16002 14846  2776 1404 2772 4310  732 170 569 1413  107 20 84 216  
70417 104443 137531 64383  14829 18565 23043 16964  2630 3349 3979 3246  718 643 939 1039  110 86 155 166  
47260 43516 70642 51346  21560 28453 39576 20373  12001 23980 28817 9290  4656 15097 14099 3035  1744 7326 6022 1038  
78154 109652 150224 72530  7565 12083 10215 10291  2780 4033 4446 2961  204 1156 690 54  33 112 91 9  
66402 79882 114531 66609  16163 32355 35812 13962  4698 10249 11294 4024  986 3097 2646 837  344 891 907 309  
49335 53756 83589 50228  21862 36089 42910 20153  9932 18873 21175 8875  4083 8620 8983 3643  2009 4965 4963 1701  
79404 99749 137571 79161  7960 19068 21690 6127  882 3934 3392 400  354 2734 1917 116  136 936 857 40  
57330 89997 116512 50591  20070 24072 32654 21723  8236 7988 11240 10260  2029 3635 3629 2017  791 1010 1205 935  
24267 28180 42873 24055  17764 22008 31810 17545  12452 21239 25227 11236  9630 14517 18240 9239  6928 10182 12612 6837  
7191 8463 13143 6971  7771 9810 13864 7651  6651 8285 12061 6501  6351 7853 11199 6328  5072 6345 9337 4938  
62102 79500 115547 59234  16534 31762 33147 15790  5681 6459 8470 6820  3218 5672 5746 3090  915 2458 2013 718  
40876 58206 76489 38617  22593 28629 39821 22759  12039 17248 22740 11737  5125 9073 10035 4888  3336 6341 7082 3079  
7283 11145 13798 6781  7334 10823 14045 6825  6209 8976 11426 5951  6272 8257 11241 6170  5832 7719 10709 5671  
56028 82440 108130 51710  17256 26492 33512 16395  9468 9770 14283 11074  3245 4131 5183 3732  1649 2763 2865 1664  
49766 82146 102350 43327  25421 28327 41037 27394  6814 10078 12598 6814  4119 4187 6053 4926  1339 1230 1955 1676  
50993 50374 79362 54311  24119 37184 49008 21467  8395 21027 21199 6455  2577 8509 7260 1883  1617 5509 5089 1092  
25177 31859 44546 24825  18041 24857 33278 17398  12588 17703 24069 11952  9163 11797 16124 9245  6529 9803 12773 6189  
16232 18508 28398 16201  13175 15175 23017 13205  10839 12779 18479 11008  8966 12078 16105 8804  7391 10003 13562 7200  
52110 57247 84387 54188  20905 29784 39660 19751  9818 17237 22471 8059  3892 13239 12011 2573  1277 5780 4430 807  
31728 44729 55869 30947  24345 26557 40594 25346  13292 17340 24207 13096  6525 13730 14629 5612  5367 9358 11773 4727  
62357 93297 122176 56846  19053 24761 31644 20411  4876 5069 7714 5793  1508 1987 2395 1852  692 1340 1258 721  
40509 51244 74216 39083  22868 29893 40601 22875  11064 18284 22150 10351  6653 12537 13315 6211  3570 6748 7130 3405  
30366 45011 59841 27576  21336 30354 39352 20609  12838 19259 24235 12311  8318 12073 15109 8276  5593 7564 9853 5778  
32074 44162 60834 30093  21443 25681 36635 21930  13322 17574 23853 13295  8337 12977 15937 8008  4890 9935 10513 4346  
15212 23946 29976 13755  10558 16580 19829 9869  10586 14480 20417 9896  8892 13460 16992 8358  7422 10779 13809 7162  
74903 116739 150022 66928  11276 6516 11471 16220  1532 2140 2337 1795  761 1265 1382 666  168 230 281 169  
