# NumberOfHospitals NumberOfScenarios TimeHorizon
4 300 5
# DemandeScenario_0_Hospital_0_Period_0 DemandeScenario_0_Hospital_1_Period_0 ... DemandeScenario_0_Hospital_0_Period_1 DemandeScenario_0_Hospital_1_Period_1 ...
# DemandeScenario_1_Hospital_0_Period_0 DemandeScenario_1_Hospital_1_Period_0 ... DemandeScenario_1_Hospital_0_Period_1 DemandeScenario_1_Hospital_1_Period_1 ...
# ...
# ...
# ...
40978 57197 72666 39899  24795 30742 43773 25070  10847 19057 22775 9847  6436 10587 13858 5821  3083 5089 6769 2802  
54085 54502 86197 56969  22997 38823 48994 19799  7725 18842 18848 6193  2602 9200 7540 1900  695 1866 1708 576  
67400 79460 117080 67433  15620 27792 32051 14155  4165 14585 12172 3007  1127 3495 3038 925  315 1162 1009 249  
44369 57285 76718 44145  25338 36753 49646 23727  9945 16501 19752 9463  4413 7658 8960 4236  1978 2253 3433 2105  
49353 56191 85810 49421  22311 37974 44668 20446  9137 15124 18275 8670  4525 9237 9324 4196  1894 3898 3953 1799  
45319 63292 81875 43745  24124 32680 44701 23624  9748 15242 18968 9424  4958 9039 11048 4402  2397 3872 4965 2310  
23806 33532 45627 22143  15146 26020 31119 13267  13858 15358 23289 14468  10205 13595 18045 10283  6823 9191 12517 6800  
8140 10439 14334 8047  7473 8853 13252 7404  5918 8265 10561 5783  6189 8967 11912 5781  5160 8504 10342 4652  
25175 32786 45170 24580  17384 26105 33798 16103  11851 16119 20933 11812  8985 13722 17950 8299  6879 10574 13114 6616  
46691 71677 91558 42455  20542 30676 39325 19431  11250 13451 18904 12002  5363 5868 8142 6193  2776 2683 4160 3365  
54014 74262 103402 50325  20134 31116 37578 19854  9404 11103 14600 10650  3380 6280 6373 3328  1038 2478 2166 981  
6597 8822 11382 6551  6467 9683 12006 6121  6043 9425 11581 5608  5830 8634 10953 5519  5368 8117 10261 5029  
50609 60784 88136 50512  20420 33730 40076 18957  9501 14601 18296 9190  3790 7117 7881 3528  2505 5388 6086 2115  
47979 47191 73445 51440  26491 39754 53888 23628  7300 19963 18463 5658  4211 8356 10236 3394  1570 5175 4786 1073  
21020 35101 43512 18182  17906 23695 33120 17267  12174 19041 23610 11284  9831 13734 17673 9745  7434 9081 12922 7699  
14716 16265 26083 14570  14020 19116 25839 13506  10900 15790 20810 10285  9329 12804 17024 9133  7045 10476 13548 6684  
7954 10310 14782 7599  5967 10278 12659 5067  6554 8405 12078 6335  6313 8986 11741 6044  5836 7378 10187 5864  
50855 64665 91264 49721  21115 28370 37832 21034  8815 18646 19536 7652  4204 6758 8152 4127  1900 4948 4865 1553  
55718 83026 106689 51640  18246 28474 35928 17074  9138 9512 13944 10543  2861 3518 4689 3250  1638 1591 2808 1838  
29968 40269 52973 29383  20087 26003 35356 20049  12119 17414 22273 11847  9895 12439 18525 9647  5650 6908 10349 5599  
67217 78627 116820 67261  16154 34944 36364 13763  3921 7230 8037 3756  1080 4252 3201 807  270 1394 940 201  
41230 49069 73163 40708  19447 25807 36541 18803  13002 23872 26042 11941  6443 11391 12894 6118  4078 7093 7727 3998  
7564 10526 13647 7321  7232 9817 13020 7040  6087 7906 10563 6080  5696 5923 9142 6005  4668 4964 7383 4940  
63354 112163 136706 52521  17048 9270 19828 21228  6939 4415 7389 10052  1180 923 1397 1814  155 212 250 180  
73067 119375 146276 65008  12039 6186 16002 14846  2776 1404 2772 4310  732 170 569 1413  107 20 84 216  
70417 104443 137531 64383  14829 18565 23043 16964  2630 3349 3979 3246  718 643 939 1039  110 86 155 166  
47260 43516 70642 51346  21560 28453 39576 20373  12001 23980 28817 9290  4656 15097 14099 3035  1744 7326 6022 1038  
78154 109652 150224 72530  7565 12083 10215 10291  2780 4033 4446 2961  204 1156 690 54  33 112 91 9  
66402 79882 114531 66609  16163 32355 35812 13962  4698 10249 11294 4024  986 3097 2646 837  344 891 907 309  
49335 53756 83589 50228  21862 36089 42910 20153  9932 18873 21175 8875  4083 8620 8983 3643  2009 4965 4963 1701  
79404 99749 137571 79161  7960 19068 21690 6127  882 3934 3392 400  354 2734 1917 116  136 936 857 40  
57330 89997 116512 50591  20070 24072 32654 21723  8236 7988 11240 10260  2029 3635 3629 2017  791 1010 1205 935  
24267 28180 42873 24055  17764 22008 31810 17545  12452 21239 25227 11236  9630 14517 18240 9239  6928 10182 12612 6837  
7191 8463 13143 6971  7771 9810 13864 7651  6651 8285 12061 6501  6351 7853 11199 6328  5072 6345 9337 4938  
62102 79500 115547 59234  16534 31762 33147 15790  5681 6459 8470 6820  3218 5672 5746 3090  915 2458 2013 718  
40876 58206 76489 38617  22593 28629 39821 22759  12039 17248 22740 11737  5125 9073 10035 4888  3336 6341 7082 3079  
7283 11145 13798 6781  7334 10823 14045 6825  6209 8976 11426 5951  6272 8257 11241 6170  5832 7719 10709 5671  
56028 82440 108130 51710  17256 26492 33512 16395  9468 9770 14283 11074  3245 4131 5183 3732  1649 2763 2865 1664  
49766 82146 102350 43327  25421 28327 41037 27394  6814 10078 12598 6814  4119 4187 6053 4926  1339 1230 1955 1676  
50993 50374 79362 54311  24119 37184 49008 21467  8395 21027 21199 6455  2577 8509 7260 1883  1617 5509 5089 1092  
25177 31859 44546 24825  18041 24857 33278 17398  12588 17703 24069 11952  9163 11797 16124 9245  6529 9803 12773 6189  
16232 18508 28398 16201  13175 15175 23017 13205  10839 12779 18479 11008  8966 12078 16105 8804  7391 10003 13562 7200  
52110 57247 84387 54188  20905 29784 39660 19751  9818 17237 22471 8059  3892 13239 12011 2573  1277 5780 4430 807  
31728 44729 55869 30947  24345 26557 40594 25346  13292 17340 24207 13096  6525 13730 14629 5612  5367 9358 11773 4727  
62357 93297 122176 56846  19053 24761 31644 20411  4876 5069 7714 5793  1508 1987 2395 1852  692 1340 1258 721  
40509 51244 74216 39083  22868 29893 40601 22875  11064 18284 22150 10351  6653 12537 13315 6211  3570 6748 7130 3405  
30366 45011 59841 27576  21336 30354 39352 20609  12838 19259 24235 12311  8318 12073 15109 8276  5593 7564 9853 5778  
32074 44162 60834 30093  21443 25681 36635 21930  13322 17574 23853 13295  8337 12977 15937 8008  4890 9935 10513 4346  
15212 23946 29976 13755  10558 16580 19829 9869  10586 14480 20417 9896  8892 13460 16992 8358  7422 10779 13809 7162  
74903 116739 150022 66928  11276 6516 11471 16220  1532 2140 2337 1795  761 1265 1382 666  168 230 281 169  
32416 38810 58020 31825  21293 31274 39807 20360  11585 20333 24094 10347  7473 12265 14886 7000  5344 8226 10015 5292  
67340 89959 123542 64741  16109 22667 29557 16458  3647 10398 9078 3080  1183 2716 2432 1114  280 994 705 262  
84699 107969 152457 82630  3263 17739 11475 2435  706 1233 1601 701  81 168 172 74  10 50 31 3  
65733 86305 117355 64288  15093 26464 30635 14203  5963 10420 13353 5401  1217 2868 2872 1150  558 732 1095 616  
57774 75991 103389 56420  17406 33267 37555 15230  8611 10744 15954 8752  3176 3506 5197 3663  1111 2288 2306 1101  
16101 18615 28429 15973  13295 20033 25652 12338  10649 16348 20725 9865  8791 12458 16604 8410  6997 8433 12382 7078  
24833 29677 44077 24520  16952 27431 33511 15433  12929 15389 21879 13308  9613 12348 17263 9588  6653 9344 12636 6439  
55483 79964 107115 51258  21423 23714 34706 23341  7508 11892 14089 7462  2647 7380 6198 2240  936 2564 2125 831  
76363 95804 131115 76464  7895 22864 22277 6203  3754 6922 10010 2693  490 896 1334 356  219 492 790 119  
49116 56464 82943 49954  22486 32668 43926 20977  9550 20690 21564 8155  4240 9200 9666 3711  1686 3197 3366 1629  
33165 37608 56162 33715  21163 30869 40237 19988  12835 17906 23661 12507  7982 13285 15878 7438  4660 9460 10074 4124  
15655 23855 30598 14290  12769 17305 24152 12080  11106 15654 20716 10646  8282 13078 15937 7721  7704 9805 13432 7830  
14300 23408 29320 12492  13260 16282 23945 13016  10696 16068 20627 9972  9099 13052 16664 8839  6359 10245 12798 5759  
8107 9068 14053 8151  7565 9367 13559 7434  6960 8926 12488 6839  5418 7881 10690 4979  5559 6404 9605 5634  
7841 8172 12678 8197  7705 10023 13905 7511  6883 8298 12191 6830  5236 6239 8670 5377  5776 8069 10924 5484  
15311 23538 29515 14084  13820 18085 24834 13549  11217 15028 20396 10961  6896 10819 12843 6560  7853 10052 14372 7732  
6845 11144 13345 6205  7406 9513 13025 7344  6711 9793 12705 6321  5700 7595 10055 5650  4360 6064 7624 4332  
53983 89983 113091 46207  23117 27449 36775 24757  7992 7065 11167 9827  2371 1605 3080 3219  722 507 869 1069  
33881 41620 59798 33520  19754 22680 33358 20223  13080 17983 24636 12552  7539 16924 17464 6219  5295 8591 10238 5064  
45843 68097 86135 42998  23789 25777 39736 25065  9926 18819 21794 8663  4987 8012 10058 4762  2233 3565 4397 2232  
70573 93304 124886 69276  14290 21031 28518 13965  3133 10240 9862 2069  535 2028 1776 375  141 452 476 104  
53792 82168 100166 50466  21888 31721 42505 21124  9118 8369 15002 10311  2787 3644 5845 2680  821 804 1463 934  
38078 59643 74556 34590  23202 29386 42053 22947  13057 15343 21917 13851  6814 9638 12292 6946  3471 5958 6901 3363  
56791 85301 114110 50707  22173 28414 36186 24012  6748 7732 9933 8089  1774 3803 3421 1683  695 883 1052 823  
46669 77569 98005 39868  25128 31075 42278 26136  8945 10097 14074 10071  4022 4071 5727 4934  2279 2051 2988 2965  
39725 44120 65672 40913  19997 28420 36469 19351  13807 23561 29252 12222  6592 10873 13278 6146  3580 6369 7565 3255  
67819 86301 121519 66354  14047 24496 27451 13403  4833 11249 12301 3998  1463 2815 2960 1550  379 1400 971 364  
50592 65411 90707 49429  21750 29063 39871 21434  7792 17762 17653 6610  4493 7561 8842 4367  1991 2325 3412 2159  
31479 47684 61323 28796  19797 29637 37505 18687  13101 17319 24204 12861  8623 12030 15471 8684  5826 7119 9761 6257  
65383 93757 123159 61471  17247 23161 30408 18056  4663 6748 8827 4900  1100 2122 2339 1115  231 1002 685 195  
77357 77288 123104 81576  10507 34933 35274 4160  811 10072 5924 115  68 3915 1190 5  5 505 124 0  
23120 33013 42479 22070  18212 25777 34205 17332  11978 15352 20722 12143  10068 12511 18050 10088  6331 7848 10907 6507  
33692 39716 58512 33719  20714 28569 37867 20111  12700 20483 24876 11848  7824 10226 14102 7814  5232 9920 11293 4655  
24175 34296 46199 22526  17473 24859 33111 16535  11161 18555 22555 10034  8904 13693 17020 8429  6645 7670 11422 6968  
75873 98084 136003 74138  9547 23689 22825 8268  2491 2735 4273 2832  530 1187 1347 445  258 1003 1064 141  
65039 86971 121609 61731  16705 27233 31312 16821  5256 8410 9102 5646  1215 3328 2647 1106  336 834 695 348  
48895 52502 81027 50399  20026 34008 39629 18260  10351 14931 20120 9780  4845 11282 11639 3972  2548 6031 6872 1927  
66677 79592 121821 64520  14309 35148 30903 13274  5919 7264 8848 6736  1054 2099 2013 909  466 1350 1101 289  
39574 59619 76627 36367  23203 27566 40366 23669  12099 17391 21988 12053  6601 9249 12070 6689  3062 5617 6062 2944  
24752 30648 43085 24664  17796 20675 30616 18001  10117 17725 19985 9214  9718 13487 17896 9493  7366 11090 14873 6798  
15742 23808 30374 14503  12487 18843 23700 11679  9796 15383 19763 8781  8841 11612 16422 8571  7276 10515 13371 7080  
8194 9774 14585 8085  6839 10717 13696 6139  6818 9540 12528 6564  5584 7743 10748 5227  5642 7529 10029 5582  
64087 94681 122248 59596  16840 21272 28405 18059  5224 8211 10953 4984  1952 2057 3017 2424  459 669 791 564  
24336 31982 43302 23847  17964 20348 31099 18154  12697 20826 25439 11569  8830 13385 16522 8503  5330 9345 10459 4971  
35465 55037 67403 32840  23437 33619 44621 22241  12818 16574 22653 13099  6076 8141 10645 6347  4722 6484 9348 4553  
35083 51964 64631 33263  22492 31378 41276 21956  12843 14685 21701 13510  8333 11572 16149 8043  3799 6947 8146 3464  
57985 87413 108649 54347  19620 20226 31522 21748  8070 14567 18942 6766  2007 3759 4663 1800  469 606 794 569  
33170 50687 61632 31155  20720 27889 36553 20762  15837 21346 30056 15356  6394 9124 11666 6495  4487 6695 8788 4392  
31352 32949 50769 32718  20606 30174 38659 19553  12895 19242 24479 12263  8017 14231 16523 7268  5925 10660 12813 5249  
22800 25750 40473 22538  18273 24926 33904 17591  11918 19865 24154 10780  9286 13411 17414 9023  7250 10526 13282 7180  
8014 8426 13110 8330  7663 9518 13700 7539  6189 6582 9997 6474  6233 7394 10938 6223  5169 7387 9411 5003  
73594 105643 139493 68901  12642 14592 20535 14624  2096 4587 4374 2040  364 1629 1048 251  38 572 217 23  
61196 76938 105214 61229  15925 31220 34582 14145  8224 12188 17280 7630  1921 3167 4175 1790  852 1225 2001 710  
62836 90097 121472 58008  19272 23457 31230 21291  4868 9190 9330 4862  1290 2561 2466 1304  288 912 682 257  
48516 70951 92493 45178  21028 26018 35445 21895  9359 16081 18884 8770  5615 6733 10112 5870  2387 3694 4866 2336  
8353 9586 14303 8445  7284 10926 14005 6762  6586 9920 12658 6124  5834 7967 10449 5720  5653 6925 10143 5591  
30844 40748 58181 29105  21812 30734 39708 21271  13623 18551 24737 13534  6837 13438 14647 5981  5344 8211 10092 5262  
14799 18595 27611 14103  14079 18322 25333 13803  11101 16489 21069 10481  8862 11848 16326 8640  7328 10594 13786 7059  
64095 93904 123598 59204  16541 24674 29882 16778  6138 5585 8668 7673  1493 1883 2535 1706  319 703 702 328  
8012 10793 14395 7797  7129 8399 12009 7265  6293 6275 10027 6651  5734 6012 9310 5990  5034 8088 9745 4659  
32400 46654 61963 30149  17665 29572 36057 15663  14715 17395 24837 15384  8776 9303 14294 9513  5431 8193 10275 5345  
20865 34270 43209 18071  17299 25673 33282 16086  14334 17717 24816 14611  9893 13499 17907 9822  6957 9617 12678 6928  
29800 47073 59914 26527  20164 27059 37508 19433  13233 19358 24617 12826  9182 11571 15785 9586  5403 7913 9470 5488  
72058 117338 147253 63129  14139 7349 15130 19214  1404 1222 1720 2012  906 765 1151 1297  187 319 342 161  
84304 102055 147034 84025  4047 20077 16779 1654  315 4309 1556 140  90 565 318 32  5 138 43 0  
56254 73037 104367 53748  20407 34921 39609 19418  6307 7503 10607 7020  3082 6219 6044 3053  1149 2633 2305 1114  
58838 75473 110797 55612  22199 34744 39595 22746  5388 9754 9993 5540  1413 3850 3082 1291  459 1902 1195 349  
7378 7874 11811 7736  7417 7932 12384 7626  6905 8105 11976 6931  6282 8390 11380 6124  5076 6283 8673 5127  
65674 72020 111947 66622  15654 35568 37227 12785  5649 12421 11747 5070  1159 4344 3112 927  452 1775 1187 348  
62891 106586 130136 54332  19604 16689 27392 23048  5092 3048 6478 6940  723 618 1231 843  323 175 367 512  
49200 47656 75420 52781  20780 37262 42906 18332  9584 12648 18751 8769  5169 14201 14547 3590  2071 6827 6489 1335  
40558 57743 72569 39218  27159 36571 51144 26254  10268 16025 19876 9976  6042 8159 11664 6001  2027 3370 4025 2025  
77128 115810 151806 70047  9619 10415 12081 12334  1790 593 1473 3261  193 298 323 185  22 48 45 20  
47248 51465 81749 47511  22661 37666 45320 20878  10683 18112 20602 10216  4487 10761 10000 3921  2061 4121 4140 1955  
26322 40394 48968 24697  20550 31693 40049 18994  12433 16547 21802 12603  10447 13325 19004 10489  5309 7139 9450 5469  
7801 11126 15080 7211  7156 8596 12880 7025  6972 9071 12647 6807  5662 9252 11280 5110  4980 6304 9244 4818  
16182 17186 26656 16746  13037 18373 23878 12546  11200 13817 19867 11126  9099 13704 17790 8454  7301 9990 13317 7151  
16347 17732 27203 16814  13509 19811 25966 12596  10686 12579 18170 10885  8715 12317 16805 8199  7108 9025 12409 7153  
39106 43804 68664 38935  22135 34342 43250 20679  11490 21121 23550 10485  6828 9978 12339 6951  4215 7046 7812 4179  
54633 71794 96299 53776  21870 36010 45501 19755  8169 11172 15293 8322  2631 3951 4972 2741  918 2064 2097 855  
71018 92273 132406 67613  13811 28324 26764 13829  2617 3722 4062 3215  985 1683 1690 995  213 817 557 139  
38306 48984 71440 36473  22881 31449 41830 22507  10747 20211 22204 9723  7735 10484 13266 8107  3396 6414 6748 3250  
35923 59382 72117 31853  24742 30348 43231 25064  11153 16307 21841 10510  7083 9565 12275 7371  4574 5128 7426 5119  
59703 62475 95161 62723  20989 40065 47138 17377  4957 13808 13254 3733  2087 5604 6024 1474  623 2242 2168 378  
19546 28717 35373 18711  17827 26815 34207 16635  11863 15091 20315 12107  10444 14803 19709 10069  6448 7774 10851 6762  
41908 54241 76514 40494  21743 30781 40791 20972  11806 17064 21770 11696  6079 11246 12086 5712  2787 6298 6226 2455  
7054 11503 14524 6149  6892 10858 13508 6271  7061 9309 12777 6898  5951 8847 11506 5522  5387 8084 10403 5008  
58810 95295 118956 51973  21578 21821 33822 24037  5828 7331 9200 6609  1658 1948 2524 2025  573 526 818 776  
58758 68467 106495 57202  18533 29215 34601 18732  8317 16301 16061 7705  2296 8703 6033 1665  520 2794 1567 351  
16730 22490 30512 16141  13504 15431 23242 13665  10199 12599 17434 10321  8496 9565 14290 8729  6751 9128 12050 6670  
47305 65672 85991 45557  15962 25162 29497 15495  14131 17490 26033 14179  5826 10515 12919 5178  3093 4107 5991 3119  
54147 82700 106735 49063  22272 27238 36930 23641  8006 9412 13710 8690  2530 4582 5062 2542  1176 1903 2067 1289  
59955 102579 126699 50818  21710 19992 30691 25043  5501 2911 6126 7950  1006 1096 1421 1268  427 439 584 563  
8243 9582 14019 8357  7430 9995 13916 7068  6771 9860 12846 6370  5918 9090 11434 5490  5538 7578 10404 5290  
53265 81168 98864 50073  24996 34394 48718 24004  6811 8372 12186 7334  2636 1961 3899 3342  534 501 844 657  
58631 69400 101060 58897  19418 29075 38724 18005  7126 16487 16467 6075  2345 7080 5899 1915  801 2769 2186 656  
7190 11563 14679 6318  6559 10266 13252 5837  6160 9697 11905 5668  5865 8976 11407 5404  5503 7089 10133 5348  
47261 67143 91025 43776  21488 33670 40501 20562  11064 14329 18939 11688  5011 5848 8209 5617  2028 3397 3760 2093  
29377 46197 56840 26872  18911 29511 36681 17474  15348 17865 26802 15712  6891 9168 11650 7187  6204 7552 10686 6541  
39669 54249 75283 37214  21213 25219 37082 21622  10803 19158 21949 9971  6567 10979 12517 6428  4800 7139 8315 4975  
59035 71546 103044 58815  19683 34487 40934 17747  5846 9283 10933 5795  2327 5343 5276 2076  1031 3054 2741 838  
12608 18024 22350 12242  10382 15805 19055 9892  11050 16341 20944 10436  9236 12339 16593 9126  7436 11772 14794 6826  
42299 53699 76137 41282  21203 33753 41793 19620  10396 15080 19992 10056  5833 7943 10551 6016  3866 7662 7645 3610  
41919 53199 75942 40747  20492 33409 41048 18740  12037 15994 21497 12237  6551 8662 11389 6833  3452 7201 7112 3155  
29615 34790 49144 30309  21755 29210 39785 21129  12744 16671 22884 12606  8527 11423 15972 8234  3941 8933 8746 3399  
16007 21038 29866 15232  13444 17099 24380 13134  10445 12527 18588 10406  8647 10857 15538 8583  7635 10905 13922 7470  
35704 54476 72014 31756  21137 29262 39337 20464  13505 19896 24261 13438  8233 10603 13693 8809  4097 4707 6552 4644  
11632 18118 21372 10953  11386 17728 21545 10628  11345 14479 19924 11350  9532 13695 18000 9094  7844 9644 13669 7969  
53635 67758 90210 54127  23140 40896 49733 20578  7851 7953 13926 8184  2397 4856 5877 1919  735 2515 2305 493  
44124 49573 71857 45693  24057 36882 47187 22322  10425 20044 22812 9113  4049 7727 8557 3720  3104 5553 7058 2708  
55669 63800 98289 55201  18811 35167 39585 16982  7948 13562 14952 7947  3871 7596 7414 3706  1595 3750 3302 1383  
43644 51124 72081 44754  20988 23550 35398 21471  9178 19123 20062 7927  6432 12464 14513 5475  4481 8745 11176 3500  
29080 47448 59170 25568  22067 28738 39013 21995  14129 17299 24831 14395  6807 11996 14115 6087  5584 7145 9905 5776  
6742 11698 14187 5737  5789 10105 12395 4845  6184 9751 12009 5663  5617 8767 10818 5189  5677 7563 10567 5457  
79503 88686 131630 81786  7657 33809 28821 3227  1482 3620 4561 798  111 737 625 42  4 259 83 0  
21734 26854 36694 21967  17877 19270 29813 18425  13564 21790 27078 12390  10071 15240 19648 9448  5914 7296 10120 6049  
49657 55183 84757 50314  22319 37549 44855 20352  8942 15995 17833 8319  4272 8787 9313 3853  1882 4713 4825 1553  
6261 10962 13523 5196  6388 10519 13146 5571  6446 9799 12599 5903  5240 8670 10730 4596  5767 7294 10414 5682  
47689 74482 90276 44208  24974 26391 41131 26813  7943 14253 16809 7273  3952 5357 7566 3976  1680 2798 3636 1574  
7985 10708 15021 7553  7700 9842 13780 7567  6188 9013 12115 5698  5522 7359 10456 5242  5796 7129 10041 5854  
43346 42140 67003 46342  23338 39315 47252 20933  10186 15663 19990 9477  6409 13631 15595 5134  2451 5279 5915 2001  
7619 11291 14289 7166  7106 10845 13955 6484  6755 9552 12541 6452  6086 8797 11638 5709  5776 6695 9880 5897  
31765 34143 51992 32938  21552 31271 41848 20050  12458 15144 21635 12563  7324 11755 13949 6926  5895 10984 13035 5124  
67134 81731 119393 66142  15818 33067 33927 14079  4326 7966 8918 4274  1072 2656 2402 1031  289 1077 744 242  
56647 76187 101911 55042  20746 28130 38207 20607  6197 14362 14726 5213  2403 3655 4476 2493  1672 2544 3567 1592  
65726 77032 119549 63819  17095 36855 34742 16468  4440 9357 8283 4365  1026 2466 2051 901  346 1020 809 240  
8426 10458 15063 8275  7074 10941 13894 6446  6363 6851 10308 6662  5904 9141 11413 5470  5647 7725 10273 5504  
16226 17499 27587 16499  13842 18095 25025 13506  11106 16220 20997 10524  8775 11151 15915 8640  6675 9097 12650 6407  
66918 90824 124026 63853  14915 23165 27020 15141  5153 7275 9885 5370  1227 4423 3494 988  348 1085 895 317  
32610 35318 54126 33574  20596 26204 37938 19919  13295 21574 25959 12367  8236 13540 16216 7699  5237 10475 11644 4554  
22660 26795 41068 22063  15831 19612 29078 15421  13050 21997 26041 11899  8844 14866 17707 8129  7709 9536 13119 8047  
13159 16388 21916 13364  10836 16752 20204 10223  9730 13312 17217 9626  10228 12720 18321 10142  6548 6379 10174 7061  
46942 47984 75431 49227  21890 36008 43509 19889  8835 14250 17330 8207  6207 12009 14978 4992  2570 8652 7463 1864  
39972 59010 76057 37240  19425 31650 39309 17462  13454 16420 23345 13930  7296 8890 12153 7865  3971 4572 6688 4355  
75758 78325 120798 79653  12541 42380 41964 5932  362 3789 2039 232  67 1025 507 28  18 981 262 4  
50530 78102 96144 46784  21573 31056 40943 20834  7826 8566 12480 8878  5570 4851 9217 6238  1530 2028 2901 1596  
28962 46968 59050 25436  21910 27653 39148 21772  13584 18640 24736 13444  8864 12131 15437 9074  4142 7218 8497 3779  
14882 21899 27624 14075  13525 19281 25394 12824  10999 14909 19938 10753  8638 11620 15446 8555  7554 9382 13295 7624  
45774 49161 73996 47719  22987 39418 47219 20536  10335 13522 19449 9992  5156 12414 12794 4126  2387 6155 6196 1892  
6766 5980 10010 7404  6675 7377 10833 6934  6620 7250 11004 6809  5932 7029 10098 6009  5021 5398 8169 5216  
40577 43435 68691 41363  22620 34393 44029 21098  11817 17147 21941 11476  6343 14748 14475 5362  3411 6527 7174 3140  
40851 43656 67873 42068  22325 37807 45891 19912  12017 19324 23299 11367  6243 11426 12803 5769  2793 3660 4871 2884  
12563 17128 21700 12420  13975 19691 26084 13310  9215 8826 13988 10014  7676 11372 14032 7434  7639 9614 13445 7662  
61629 99982 127779 53344  16515 18718 25089 18269  6905 5369 8312 9126  3017 2170 3482 4328  537 660 801 638  
66941 115274 141337 56750  17147 7057 18037 23248  3548 2930 4309 4897  987 1529 1746 865  64 152 139 48  
15088 23959 29880 13580  12417 19263 24084 11413  10456 13874 18391 10415  9071 12995 17045 8675  7857 10138 14209 7805  
16147 17984 26868 16585  11789 12368 18815 12377  9781 13066 17214 9670  9371 15414 19051 8435  7834 10199 14447 7624  
58355 90974 111977 53701  20300 22356 33487 22106  7128 9706 14113 7048  1993 3140 4442 1860  501 574 845 612  
15145 22933 28757 14085  12465 19606 24578 11323  10900 12788 18309 11239  7857 11075 14079 7736  7841 10411 14238 7740  
57673 69712 96344 58671  19191 26214 36008 18666  6750 17929 18063 5021  3013 4780 7115 2378  1344 4295 4583 767  
50842 63302 90100 50138  18793 31225 36339 17600  10592 14424 19706 10553  4880 9139 10744 4380  1960 4305 4731 1688  
15227 15351 24155 16079  11715 16283 20871 11440  11802 15877 21958 11331  9450 13598 17908 8987  6785 7975 11501 6942  
32807 44495 59551 31704  20131 28602 37161 19440  13289 15109 23100 13596  7443 8510 12546 7730  4514 8286 9112 4168  
34753 50570 63254 33233  18456 25639 32482 18461  15866 23578 31865 14693  9292 11629 17272 9297  4105 4384 6829 4472  
70012 107663 137109 63706  14950 15996 23229 17135  2666 2424 3927 3415  883 854 1147 1231  149 106 174 245  
6877 6300 10319 7471  6449 7400 10532 6663  6985 7971 12051 7038  5167 7361 9245 5034  5785 8137 10726 5556  
49622 47617 76023 53276  23811 38385 48436 21164  7390 10758 14887 6523  4221 13312 12378 2836  2260 8400 7736 1333  
63316 72413 111839 62766  19325 36168 39000 17919  4592 10896 10162 4072  1050 5456 3386 738  300 1532 904 229  
36230 59333 73823 31804  24729 30061 42719 25245  12698 17123 22412 12918  6603 9484 11968 6695  3490 4421 6304 3649  
82411 111274 149473 79692  4390 11105 10603 4575  1029 2868 2821 921  871 1419 2442 642  50 395 355 17  
84062 100024 147599 83542  3934 25276 16330 1843  671 1354 1499 441  88 394 276 27  2 98 24 0  
28809 40805 51979 27776  18651 26009 33475 18329  12925 19935 24948 12223  9091 12124 16523 9120  7295 9479 14014 7076  
53647 71173 101495 50493  22921 31675 40126 23591  6790 13004 13612 6564  2955 6231 5838 2873  1255 2401 2306 1280  
16947 21264 30186 16665  13512 18865 25332 12840  10762 13650 18802 10780  8223 9967 13941 8400  7028 11862 14355 6328  
76252 94114 135236 75197  9664 21872 21533 8452  2246 8303 7349 1625  471 2342 1326 454  87 432 223 100  
16186 23238 30307 15280  11798 19217 24077 10412  11124 15509 20781 10655  8362 11918 15135 8177  7449 10599 13857 7212  
47740 54843 79856 48776  21766 34451 42674 20196  10246 20655 23201 8730  4781 6419 9161 4697  2397 5648 6106 1938  
48577 81511 100977 41845  23126 24484 37861 24802  10669 13282 17020 11763  3479 3964 5322 4134  1745 2329 2736 1992  
20749 34871 43193 17857  17416 23611 32684 16593  13215 19263 24519 12705  9992 13736 18015 9921  6989 8354 12145 7257  
21661 24072 34995 22528  16801 20376 28666 16975  12069 12985 19983 12439  10798 16178 21411 9954  7773 13647 16493 6868  
56495 66652 95807 57227  21384 35578 45216 18913  6592 14216 14315 5926  2854 6130 6571 2574  650 1984 1586 581  
42179 56933 73867 41496  24770 36830 48017 23406  11736 18494 23999 10904  4485 6237 8102 4688  2670 3843 5196 2693  
67899 85426 116452 68001  14317 21288 28489 13738  3658 5313 8261 2857  2094 11725 9210 885  543 1365 1863 290  
58579 79086 103343 57434  20554 30250 39946 19939  6279 8670 12519 6096  1807 2959 4107 1528  1119 4543 4296 604  
51626 60579 85560 52856  22043 34619 43664 20481  8917 18078 20656 7538  2846 5445 6263 2567  1482 3768 3948 1163  
82753 93090 142429 83401  5503 22996 19049 2403  416 7471 3370 49  75 2904 783 6  4 474 63 0  
70351 118556 145147 60956  17129 7383 18534 23283  919 915 1557 1120  284 164 362 413  58 115 111 62  
22929 35124 44049 21145  17722 25793 33780 16648  11639 17392 21694 11149  9454 12613 16845 9495  7519 9519 13766 7497  
21872 35692 43641 19514  17906 25624 33673 16978  11583 17015 22850 10652  9256 12867 16430 9246  7631 9359 13494 7813  
70616 107529 137240 64660  12743 16063 21495 13786  4581 2530 5588 6474  632 816 1103 714  138 174 224 175  
51000 62019 94199 48947  20502 36747 41062 19207  10640 13346 16981 11705  3361 8271 7210 3005  1711 2882 3020 1742  
52468 67913 88936 52621  24387 37010 48561 23044  6599 11471 14137 6108  2086 4810 5152 1772  1998 2302 4511 1635  
20193 19854 30781 21688  16119 17669 26261 16684  13330 16744 23696 13123  9818 12443 17844 9527  7151 13000 14969 6342  
6824 7210 10696 7217  5727 8452 10314 5515  6155 5979 9600 6573  5878 8970 11183 5510  5017 6378 8609 5059  
66302 83674 124013 62999  18034 33468 33239 18482  3600 7158 6531 3728  643 1746 1372 550  82 661 294 48  
73337 115653 142139 66972  14410 8872 20361 18301  750 1896 2248 438  190 558 698 108  59 161 251 30  
64635 83677 119604 61874  15963 30777 32267 15124  4904 8032 8656 5233  2471 3251 3816 2779  443 768 765 509  
22171 35783 44719 19654  18153 25435 33686 17402  11501 17241 21280 11034  10326 12395 17651 10709  7462 9767 13453 7513  
31949 47431 61131 29643  21482 24434 36496 22107  12542 18951 23497 12076  7268 12975 15637 6373  5716 7690 10081 5898  
65764 106490 133524 57950  18677 16008 26050 22431  3255 3391 4609 4132  694 700 941 945  183 233 271 236  
7667 10019 14416 7259  6855 8828 12811 6546  6910 8879 12531 6749  6221 8328 11469 6017  5266 7354 10013 4989  
16793 22594 30928 16105  12499 19677 24592 11391  10553 11991 17432 10975  8805 11794 16573 8448  6518 11319 13516 5767  
7487 11537 14962 6716  7409 9066 13329 7271  6032 8303 11610 5633  5756 9219 11287 5258  5397 8165 10180 5095  
6585 11468 14003 5556  6814 9829 13321 6253  6080 8591 11803 5633  5561 9058 10963 5035  5235 7820 10224 4833  
47256 69384 88898 44356  21263 31324 41872 19826  11487 12312 18420 12765  4694 7070 8483 4824  1872 3038 3442 1942  
65724 105850 129446 59238  16854 15805 25769 19452  4488 4663 8330 4765  1278 595 1517 1912  185 148 292 248  
22720 32776 44418 20798  18238 25049 33732 17585  11609 14935 21335 11398  9252 13956 17555 8885  7539 9238 12704 7914  
6619 11418 14033 5599  7453 10715 13981 7041  6568 9336 12586 6141  6360 8296 11579 6211  5746 7454 10433 5634  
73676 101642 134967 70701  11411 13232 19506 12617  2706 9857 8513 1804  757 2062 2259 544  152 255 348 151  
15371 22162 29937 14111  11341 19333 23432 9862  9814 15577 19588 8847  9705 12630 17065 9739  7548 10665 13788 7382  
7495 11126 14013 7058  7732 9565 13645 7669  6106 9919 12127 5510  5849 9056 11537 5335  5793 7166 10124 5822  
17481 26574 31662 16629  17483 24847 32099 16859  13258 20716 26167 12196  10668 14011 19322 10609  6551 7135 10507 7091  
48101 58625 82471 48341  20143 23634 34547 20469  9331 12192 17407 8884  5883 14370 14987 4520  2610 9350 8010 1771  
62922 101131 122129 57243  21664 20503 35667 23976  3080 3368 5155 3659  818 1860 2245 681  135 153 230 173  
59518 93637 119682 52981  21333 24457 33700 23485  5773 6503 9003 6768  1601 1679 2390 2020  349 638 650 392  
32559 46936 61411 30572  20009 25453 36827 19497  13738 17791 24331 13886  7898 12819 14913 7607  5003 6858 8727 5158  
83649 113032 154938 79865  4587 11734 9344 5226  481 2038 1388 661  36 336 54 85  5 20 7 10  
57590 63627 92779 59985  21818 42199 49096 18347  5129 10637 11685 4483  2985 5376 7496 2324  898 3508 3268 527  
25332 31799 45467 24786  17858 24819 32708 17281  12722 18678 24447 12017  8555 11625 16129 8296  6636 8819 12037 6649  
33814 41262 59317 33586  20573 28139 38629 19698  11568 19223 22246 10856  8599 13386 16912 8148  5313 7602 9805 5310  
59142 74686 106387 57755  18124 33891 37254 16453  7402 11819 14331 7337  2650 3461 4664 2912  783 1626 1700 772  
49902 58838 82316 51159  24227 32806 45990 23150  7278 19591 18726 5634  4614 9749 11543 3694  1351 2315 2934 1241  
48188 82338 100484 41331  24257 28830 41068 25099  9119 10126 14204 10196  3955 3683 5811 4771  1962 1341 2566 2654  
74970 92329 130667 74661  11513 21340 26369 9823  1914 8514 6571 1215  256 3785 1537 103  74 685 400 40  
6669 10222 12428 6258  7695 10523 14225 7375  5593 7230 9521 5640  6189 8880 11578 5897  4458 6328 7906 4387  
71890 75030 113457 75841  16007 42779 46960 9652  596 5396 3274 273  157 2110 1076 54  77 1225 655 22  
8005 10112 13936 7966  7302 8405 12295 7453  6883 9769 13058 6483  5315 8905 10575 4790  5773 7343 10265 5729  
7592 8434 13383 7550  7412 7961 12303 7653  6357 8767 12185 5956  6233 7364 10891 6255  5284 8128 10482 4834  
30355 33815 49624 31410  19627 24304 33991 19665  13674 16954 24842 13348  8871 12803 17399 8237  6019 12017 13603 5102  
13420 21079 25426 12430  13320 15827 22578 13572  10872 15366 20056 10482  9374 13804 18109 8791  6853 9518 12355 6773  
40545 52284 74834 38894  22882 30121 40323 22962  11566 19310 23158 10790  5434 8240 10500 5338  3620 7648 7587 3333  
35858 41848 58971 36852  19132 29394 35758 18264  11971 16823 21884 11809  8817 16918 20054 7478  4091 7349 8619 3767  
47237 58447 86408 45650  22588 30100 40442 22695  9427 19911 20275 8390  4872 7734 8915 4941  2256 5141 4731 2078  
33493 39771 58911 33261  19517 24728 33684 19624  12937 18825 24117 12471  8201 12751 16815 7497  5290 9834 11419 4721  
29307 46257 56827 26764  14986 21658 26323 14798  16560 21514 31040 16043  9863 11281 16581 10458  6183 9421 12045 5960  
38767 51097 72974 36638  23732 30045 41026 24163  12166 19048 23389 11681  5228 11920 11787 4467  3818 6457 7295 3765  
16382 20020 29481 16029  12407 19860 24849 11155  10991 11995 18124 11471  9323 12820 17058 9097  7219 9479 13273 7079  
43272 71090 88382 37904  24560 28087 41755 25549  9188 14268 17348 8950  6064 6819 9477 6901  2687 3715 4417 2899  
23410 35341 42266 22335  19323 22715 31857 20120  13285 21603 26231 12331  8793 12037 15820 8847  6938 9617 13081 6816  
45041 77881 96340 37724  25966 31968 43006 27021  9990 9794 15519 11378  3944 4068 5833 4720  2209 1800 2822 2973  
71476 84735 120903 72457  12663 31893 32487 9788  3668 7716 9340 2931  603 1172 1532 499  260 861 995 144  
58302 83342 105960 55931  18399 19105 29797 20199  6897 15357 16981 5589  3109 4874 6973 2715  944 2359 2692 694  
20547 34787 42958 17609  15745 24648 31543 14105  14627 17294 25063 15050  8757 12834 16709 8329  7773 10317 13374 7988  
30798 44166 59853 28319  21112 27596 38220 20810  13671 17338 23887 13960  7180 13920 14979 6380  5808 7260 9894 6154  
73466 103293 139332 68854  12573 19186 21709 13830  2023 3789 3609 2236  441 684 748 562  190 153 249 297  
31632 43566 57293 30548  20374 26085 35822 20381  12974 14258 22017 13395  8080 14657 16848 7266  5284 6927 9676 5253  
11944 17511 21278 11523  11873 19030 23097 10868  11326 14083 19655 11421  8692 9827 14345 9080  6051 9896 11658 5673  
49374 55995 85654 49520  19190 27919 37610 18063  10651 20030 21783 9831  5240 9836 10315 4924  2412 7121 5746 1973  
36154 59773 73182 31873  23345 28176 39325 24154  11023 16047 20104 10918  6714 9199 12057 6878  5294 5934 9294 5606  
76883 119184 149751 70150  10099 5946 12270 13948  1321 1312 2438 1435  298 485 784 221  143 207 449 87  
26950 45293 56580 23012  20545 29694 38937 19370  14102 15877 23817 14815  9720 13138 16970 9949  6185 8528 10681 6403  
62700 93703 122548 57266  16285 24068 29419 16411  6700 6050 9389 8330  1958 2281 2889 2362  808 687 1032 1130  
75779 89234 131254 75944  10761 31342 29005 7974  1742 3630 3671 1623  394 1943 1362 270  55 851 361 27  
57069 61591 94668 58781  20153 39405 43737 17234  7675 16056 17843 6500  2480 4726 5420 2283  897 2889 2513 706  
23670 29559 40850 23664  17271 19751 29090 17674  11314 12036 18412 11785  10382 15577 20815 9520  7412 11982 15269 6715  
25228 33171 46202 24318  17798 22336 31049 17834  12131 14321 20537 12430  9534 14849 18612 8934  6837 10088 13231 6511  
61557 75776 102672 62527  19733 32760 41680 18032  5115 14012 14851 3577  1131 2126 2715 951  990 1776 2937 639  
13758 22256 28467 11935  11688 19283 23788 10295  11261 15489 20886 10835  9350 12388 16974 9200  6949 9701 13038 6696  
75813 113223 149779 68669  11178 12671 14096 14326  1579 1102 1651 2552  173 131 188 297  9 28 22 6  
46358 80034 98274 39151  25137 30582 41807 26142  10194 10620 15777 11543  4163 3360 5940 5179  1634 1437 2256 2123  
