# NumberOfHospitals NumberOfScenarios TimeHorizon
4 20 5
# DemandeScenario_0_Hospital_0_Period_0 DemandeScenario_0_Hospital_1_Period_0 ... DemandeScenario_0_Hospital_0_Period_1 DemandeScenario_0_Hospital_1_Period_1 ...
# DemandeScenario_1_Hospital_0_Period_0 DemandeScenario_1_Hospital_1_Period_0 ... DemandeScenario_1_Hospital_0_Period_1 DemandeScenario_1_Hospital_1_Period_1 ...
# ...
# ...
# ...
16599 9114 15910 3627  5704 9313 8099 1055  3079 3536 3888 791  1541 2049 3036 417  616 1170 1592 179  
15458 15420 24563 1991  8742 6941 7102 2289  2656 2903 1930 1050  821 728 514 505  258 171 150 245  
1798 2524 2876 191  2321 1887 2938 419  1967 1629 2633 341  1497 1631 2319 200  1463 1805 1775 238  
15946 10594 14243 3464  6961 7805 10654 1379  3046 2970 4539 803  1020 2814 2507 215  611 921 1267 205  
5440 3491 5965 1102  3874 3364 3506 821  3608 2399 4235 769  2979 1993 3213 685  2362 1930 2953 519  
14834 13093 14815 2904  7260 5920 7811 1725  3276 3904 6028 734  1579 1334 2826 496  638 783 1436 221  
16211 12976 18185 3134  4054 7816 7137 437  3940 2970 4016 1100  1735 1167 2826 467  872 773 1016 279  
21400 16968 22050 4295  4402 6470 6494 1085  1680 1586 2860 639  420 759 1550 174  88 341 987 35  
14285 13834 15056 2655  6966 6092 10955 1331  3815 3266 4488 1061  1676 790 1273 729  604 1176 1430 151  
19673 18479 20983 3690  6089 5173 10026 1481  1735 1756 2190 722  402 369 431 283  102 219 261 71  
18105 19154 30197 2092  9335 5494 3664 3332  537 1173 360 633  67 332 93 184  1 59 6 23  
9843 8634 9703 1939  7007 4083 6537 1678  4160 4601 6642 801  2667 2926 4149 590  1530 2024 2736 336  
2692 1326 2249 619  2326 2165 2591 443  2027 1646 2719 365  1940 1878 2355 368  1620 1575 1640 334  
5043 4767 5773 919  4223 3822 5161 790  2790 3304 4205 409  2901 1347 2054 795  2245 2448 3033 430  
9516 8783 9450 1834  7295 5122 8019 1623  4355 3919 5952 951  2330 3152 3451 490  1002 2059 2085 118  
2729 2048 3029 538  2505 1642 2580 532  1787 1837 2663 273  1409 2032 1937 194  1596 1474 2243 273  
26624 18363 24367 5708  1110 7699 8290 278  258 131 787 223  52 33 774 52  0 5 94 8  
10839 7041 9940 2350  5780 7291 8676 949  3467 4667 5107 596  2974 1791 2620 886  1780 1958 2520 441  
6655 7660 8778 1016  4333 4679 6886 562  2943 4098 4139 340  3371 2691 3138 807  2074 2105 2596 364  
24814 13200 17892 5800  3106 5730 10805 466  130 4292 4464 7  0 2761 917 0  0 233 183 0  
