# NumberOfHospitals NumberOfScenarios TimeHorizon
4 100 5
# DemandeScenario_0_Hospital_0_Period_0 DemandeScenario_0_Hospital_1_Period_0 ... DemandeScenario_0_Hospital_0_Period_1 DemandeScenario_0_Hospital_1_Period_1 ...
# DemandeScenario_1_Hospital_0_Period_0 DemandeScenario_1_Hospital_1_Period_0 ... DemandeScenario_1_Hospital_0_Period_1 DemandeScenario_1_Hospital_1_Period_1 ...
# ...
# ...
# ...
16599 9114 15910 3627  5704 9313 8099 1055  3079 3536 3888 791  1541 2049 3036 417  616 1170 1592 179  
15458 15420 24563 1991  8742 6941 7102 2289  2656 2903 1930 1050  821 728 514 505  258 171 150 245  
1798 2524 2876 191  2321 1887 2938 419  1967 1629 2633 341  1497 1631 2319 200  1463 1805 1775 238  
15946 10594 14243 3464  6961 7805 10654 1379  3046 2970 4539 803  1020 2814 2507 215  611 921 1267 205  
5440 3491 5965 1102  3874 3364 3506 821  3608 2399 4235 769  2979 1993 3213 685  2362 1930 2953 519  
14834 13093 14815 2904  7260 5920 7811 1725  3276 3904 6028 734  1579 1334 2826 496  638 783 1436 221  
16211 12976 18185 3134  4054 7816 7137 437  3940 2970 4016 1100  1735 1167 2826 467  872 773 1016 279  
21400 16968 22050 4295  4402 6470 6494 1085  1680 1586 2860 639  420 759 1550 174  88 341 987 35  
14285 13834 15056 2655  6966 6092 10955 1331  3815 3266 4488 1061  1676 790 1273 729  604 1176 1430 151  
19673 18479 20983 3690  6089 5173 10026 1481  1735 1756 2190 722  402 369 431 283  102 219 261 71  
18105 19154 30197 2092  9335 5494 3664 3332  537 1173 360 633  67 332 93 184  1 59 6 23  
9843 8634 9703 1939  7007 4083 6537 1678  4160 4601 6642 801  2667 2926 4149 590  1530 2024 2736 336  
2692 1326 2249 619  2326 2165 2591 443  2027 1646 2719 365  1940 1878 2355 368  1620 1575 1640 334  
5043 4767 5773 919  4223 3822 5161 790  2790 3304 4205 409  2901 1347 2054 795  2245 2448 3033 430  
9516 8783 9450 1834  7295 5122 8019 1623  4355 3919 5952 951  2330 3152 3451 490  1002 2059 2085 118  
2729 2048 3029 538  2505 1642 2580 532  1787 1837 2663 273  1409 2032 1937 194  1596 1474 2243 273  
26624 18363 24367 5708  1110 7699 8290 278  258 131 787 223  52 33 774 52  0 5 94 8  
10839 7041 9940 2350  5780 7291 8676 949  3467 4667 5107 596  2974 1791 2620 886  1780 1958 2520 441  
6655 7660 8778 1016  4333 4679 6886 562  2943 4098 4139 340  3371 2691 3138 807  2074 2105 2596 364  
24814 13200 17892 5800  3106 5730 10805 466  130 4292 4464 7  0 2761 917 0  0 233 183 0  
8240 5283 8845 1688  5554 4494 5312 1224  3447 4542 5566 549  3193 2558 3706 762  1949 2204 3052 395  
17065 17247 20656 2941  7623 4133 7598 2201  1357 3316 3288 181  1364 742 1674 586  365 462 461 181  
4178 5058 5182 641  4365 3707 5366 819  3119 2783 4432 532  3195 2289 3227 756  1573 2439 2334 198  
21832 21596 24552 3930  3813 3505 8247 766  2067 455 842 1412  250 565 440 97  50 99 172 23  
19075 18606 25628 3085  5915 5440 6423 1485  1695 1721 1520 551  1008 306 544 713  268 61 107 346  
23308 23038 24434 4296  4588 1769 6092 1938  135 1331 3535 22  17 79 230 13  0 17 21 1  
8157 6293 9115 1593  4052 5884 6224 519  3053 4044 4800 385  3314 2815 3791 737  2485 1754 2137 708  
4790 4810 6326 780  3418 4214 4661 501  3717 2169 4092 827  2810 2250 2459 672  2504 2214 2897 557  
18307 11520 15469 4063  6413 8227 9774 1319  2098 4130 5145 457  807 1396 2135 250  266 373 620 122  
14467 20547 22431 1589  9977 3951 8753 2768  1482 1356 1772 255  1395 271 1017 784  333 84 201 189  
13258 5085 11877 3033  7329 7155 9024 1517  3655 3867 4730 844  1881 3471 3410 410  947 2313 2102 216  
2529 1647 2067 561  2304 2141 2537 440  2049 1692 1938 431  1765 1976 2294 302  1834 1603 2266 361  
5395 4097 6196 1041  4281 2677 4836 893  3061 2460 2442 709  2872 1483 2442 720  2393 2078 3211 503  
15405 15406 24540 1974  10000 5942 6624 3163  1781 3463 2305 560  481 810 557 208  190 479 194 102  
13780 9989 14593 2792  6952 5854 8653 1516  3290 4398 4115 770  1505 2901 2600 307  886 1233 2032 183  
21071 19780 20867 4034  6115 4431 9258 1806  676 1243 1796 329  162 544 1919 78  17 167 269 20  
2510 1788 3116 462  2416 2076 2806 462  2283 1601 2377 488  1941 1537 1847 425  1776 862 1448 439  
12157 12350 15009 2066  7704 5614 8346 1794  3178 3462 5118 614  2472 1562 2377 839  908 1483 1560 202  
9398 9933 12340 1505  7216 4994 7867 1612  4480 2653 4543 1182  2712 2660 3330 684  1401 1996 2330 306  
11657 12443 13952 1968  7725 4673 6851 1967  3460 4191 4745 722  2423 1799 2884 712  1246 1242 1905 368  
23491 24944 30618 3772  4367 670 2967 2280  149 590 649 119  22 26 77 34  10 3 5 42  
24230 20668 22739 4872  3615 2903 6476 1373  192 1614 2781 27  12 943 2028 1  0 87 201 0  
18952 14260 19132 3880  6095 6042 7554 1521  1914 3759 4670 444  738 1142 1806 257  226 344 438 118  
20088 18974 22600 3687  5981 2419 5220 2060  1285 2107 1829 352  457 2105 3087 81  159 449 882 53  
12894 8586 15347 2466  6423 7263 8835 1187  3517 5017 4229 760  2089 2585 2402 541  1527 907 1465 601  
19314 11653 18038 4213  5037 9237 8125 950  2263 3304 4102 569  965 820 1728 368  270 765 1080 83  
13568 8814 9405 3073  8335 4528 9977 1896  2953 7312 6630 468  1588 3208 4072 306  936 765 1742 311  
2154 2390 3142 305  1971 1808 2857 300  1804 1817 2603 271  1777 1942 2081 316  1786 1634 1861 370  
13679 9343 13193 2897  7083 5111 7843 1632  3461 2363 4490 848  1649 3379 4073 299  997 2006 2093 234  
15614 7385 11883 3674  7279 5890 9358 1536  2615 7264 6084 420  1486 2073 3409 354  531 1668 1185 134  
13693 6992 13286 2995  6610 8593 9372 1224  3553 4265 5399 763  1962 2682 2839 502  930 1690 1280 265  
20056 16715 19307 4043  6327 5479 9734 1635  1224 2826 3235 372  314 839 1526 123  78 287 312 47  
2581 2223 2702 503  2483 1353 2529 541  2021 2102 2599 353  1862 1726 1942 378  1813 754 1593 446  
17968 13033 16021 3830  5589 8638 9176 1020  2934 2807 5370 778  1059 764 1739 434  333 414 898 142  
23273 16009 27864 4418  3942 5911 4929 1336  715 3291 1198 385  93 842 255 87  17 118 40 38  
19445 12478 19282 4123  5600 4691 5873 1465  1994 3974 3954 453  667 2510 3277 132  226 841 913 68  
1934 2233 3090 236  1980 2324 2732 289  2362 1345 2372 528  1512 1988 1961 225  1959 1483 2079 427  
8859 10118 12123 1317  6813 5715 6954 1472  4147 3492 4042 999  3143 2322 3775 824  1983 1330 2584 581  
25322 12341 18380 5983  2250 12699 11138 192  436 815 2681 89  29 334 1254 6  4 28 424 3  
15944 13499 18263 3009  5831 4234 4131 1595  3404 3715 4420 856  1531 1989 2482 420  603 804 697 190  
4866 4924 5846 842  3954 3332 3659 834  3381 2955 4663 618  2980 2427 3114 674  2481 1689 2973 574  
7723 3739 5782 1818  5761 2537 5436 1326  4116 2200 4495 921  3025 2985 4513 605  2042 3710 3183 388  
20161 25747 26706 2849  7741 380 6220 3051  130 101 1228 254  13 4 91 101  0 1 72 13  
4611 2657 3068 1075  4545 2941 4401 996  3688 2599 3863 806  2974 1931 3317 665  2380 1679 2951 525  
2689 1167 2471 607  2340 2198 2650 443  2222 1336 2424 472  1845 1855 2495 324  1786 957 1476 435  
5320 3164 5891 1078  4128 3493 5254 766  3330 2164 2585 813  2850 3053 3556 567  2119 2706 2824 401  
11613 10803 11267 2242  7111 7271 9968 1323  4546 2325 4485 1323  2219 2492 3922 524  1218 1214 2092 358  
5965 7047 9285 749  5874 5262 6839 1129  4467 2760 4880 1036  2715 3041 3651 499  1692 2408 2221 270  
15746 8012 12390 3652  6970 7949 11960 1264  2987 5347 4918 649  1190 2748 2325 282  565 695 593 216  
19074 23150 25186 2808  5805 2399 7674 1317  2751 493 1169 1629  295 132 243 268  100 37 29 206  
5239 4391 6321 962  3752 4205 4840 625  3350 3081 3507 697  2408 2696 3580 388  2413 1801 2198 606  
24129 14184 20721 5397  2982 10037 9145 526  800 1249 2458 289  115 598 1409 44  14 74 319 15  
11812 12375 15474 1901  4856 6827 6933 607  4704 3211 5511 1093  2885 1605 2221 999  1605 1034 1643 554  
10995 12673 13677 1740  8099 4276 6823 2130  3016 4557 5683 431  2801 2036 3518 787  1340 1008 1320 467  
17983 11655 14993 3979  6310 8561 12734 1108  2504 2459 3883 725  857 1733 1591 290  226 1141 540 83  
3741 5165 5173 478  4530 3505 4580 954  3525 3006 4596 665  2226 2637 3566 305  2754 1780 2696 700  
22000 16175 23193 4454  4126 7419 8145 902  1502 1471 1730 684  323 442 629 185  70 424 376 35  
4674 4989 6133 746  3698 3977 5127 577  2808 3386 3554 447  3083 1921 3546 692  1927 2361 2527 319  
15841 8812 12949 3608  6606 8446 12023 1133  3082 3035 3161 861  1414 2405 2322 368  647 1308 1830 170  
2673 1078 2259 622  2122 1921 1970 429  2242 1724 2693 441  2012 1745 2239 409  1874 1296 2071 406  
19745 19373 22877 3523  5667 5022 6875 1505  1956 1091 3401 771  460 531 873 238  162 115 202 159  
4194 5147 5548 613  3735 4107 4939 594  3816 2656 4356 815  2882 2385 2798 659  1911 1803 3041 309  
9377 6323 7017 2088  7097 6521 9941 1336  3535 5134 5174 614  2832 3015 3880 638  1795 1112 1492 570  
2727 1937 3037 542  2432 1417 2614 512  2218 1827 2398 453  1811 1557 2427 328  1723 1685 2198 324  
8134 6144 9235 1581  5073 5687 6234 917  3421 4199 4475 601  3149 2675 3937 705  2383 1824 2551 637  
11218 11986 15816 1674  8197 5622 8081 1983  4107 3402 4033 1134  1583 2516 2762 292  1340 1207 1616 440  
13599 9707 15299 2680  7013 6353 7601 1601  3300 4620 5201 679  1700 2614 2402 413  1066 959 1023 386  
11112 6618 10966 2382  6313 6896 7997 1218  3914 4374 5648 792  2425 2968 3121 570  1674 1657 2185 464  
24185 24615 30812 4023  3723 1062 2231 2111  110 364 443 111  29 118 660 25  0 50 61 1  
2196 2444 3125 320  2234 2083 2913 381  1976 1969 2130 374  1842 1862 2331 326  1908 1447 1997 418  
24691 17558 27168 4927  2462 7361 4902 747  740 674 972 500  115 435 560 69  25 105 235 23  
2716 1739 2497 591  2242 2267 2721 398  2029 1759 1975 419  1921 1674 2526 356  1596 1587 1663 321  
2439 1389 1764 564  2383 813 2017 563  1990 2223 2443 350  2014 1106 1750 470  1848 1656 2356 359  
2500 2209 2546 487  1855 2364 2538 265  2123 1083 1560 518  1260 2014 2137 120  1422 1817 2146 195  
13408 14085 19076 1993  7436 6931 8044 1606  3601 2533 4036 976  2119 982 1545 947  711 929 885 251  
5135 3695 4559 1098  3156 4434 4533 425  3121 3487 4454 500  3149 1646 2624 818  2179 1402 1539 568  
18232 16739 25589 2861  7359 5861 6322 2158  1686 2660 1579 695  497 752 566 260  203 86 155 225  
3882 5108 5830 478  4221 3121 5276 793  3833 2692 3553 897  2263 3011 3028 355  2581 2142 2991 576  
24107 14326 26448 4911  3317 7288 6154 1001  451 4017 1364 184  142 422 225 135  21 132 94 32  
21568 12495 23198 4451  4616 9445 8224 1005  1429 1962 1865 584  300 1443 737 126  101 563 198 74  
