# NumberOfHospitals NumberOfScenarios TimeHorizon
4 200 5
# DemandeScenario_0_Hospital_0_Period_0 DemandeScenario_0_Hospital_1_Period_0 ... DemandeScenario_0_Hospital_0_Period_1 DemandeScenario_0_Hospital_1_Period_1 ...
# DemandeScenario_1_Hospital_0_Period_0 DemandeScenario_1_Hospital_1_Period_0 ... DemandeScenario_1_Hospital_0_Period_1 DemandeScenario_1_Hospital_1_Period_1 ...
# ...
# ...
# ...
16599 9114 15910 3627  5704 9313 8099 1055  3079 3536 3888 791  1541 2049 3036 417  616 1170 1592 179  
15458 15420 24563 1991  8742 6941 7102 2289  2656 2903 1930 1050  821 728 514 505  258 171 150 245  
1798 2524 2876 191  2321 1887 2938 419  1967 1629 2633 341  1497 1631 2319 200  1463 1805 1775 238  
15946 10594 14243 3464  6961 7805 10654 1379  3046 2970 4539 803  1020 2814 2507 215  611 921 1267 205  
5440 3491 5965 1102  3874 3364 3506 821  3608 2399 4235 769  2979 1993 3213 685  2362 1930 2953 519  
14834 13093 14815 2904  7260 5920 7811 1725  3276 3904 6028 734  1579 1334 2826 496  638 783 1436 221  
16211 12976 18185 3134  4054 7816 7137 437  3940 2970 4016 1100  1735 1167 2826 467  872 773 1016 279  
21400 16968 22050 4295  4402 6470 6494 1085  1680 1586 2860 639  420 759 1550 174  88 341 987 35  
14285 13834 15056 2655  6966 6092 10955 1331  3815 3266 4488 1061  1676 790 1273 729  604 1176 1430 151  
19673 18479 20983 3690  6089 5173 10026 1481  1735 1756 2190 722  402 369 431 283  102 219 261 71  
18105 19154 30197 2092  9335 5494 3664 3332  537 1173 360 633  67 332 93 184  1 59 6 23  
9843 8634 9703 1939  7007 4083 6537 1678  4160 4601 6642 801  2667 2926 4149 590  1530 2024 2736 336  
2692 1326 2249 619  2326 2165 2591 443  2027 1646 2719 365  1940 1878 2355 368  1620 1575 1640 334  
5043 4767 5773 919  4223 3822 5161 790  2790 3304 4205 409  2901 1347 2054 795  2245 2448 3033 430  
9516 8783 9450 1834  7295 5122 8019 1623  4355 3919 5952 951  2330 3152 3451 490  1002 2059 2085 118  
2729 2048 3029 538  2505 1642 2580 532  1787 1837 2663 273  1409 2032 1937 194  1596 1474 2243 273  
26624 18363 24367 5708  1110 7699 8290 278  258 131 787 223  52 33 774 52  0 5 94 8  
10839 7041 9940 2350  5780 7291 8676 949  3467 4667 5107 596  2974 1791 2620 886  1780 1958 2520 441  
6655 7660 8778 1016  4333 4679 6886 562  2943 4098 4139 340  3371 2691 3138 807  2074 2105 2596 364  
24814 13200 17892 5800  3106 5730 10805 466  130 4292 4464 7  0 2761 917 0  0 233 183 0  
8240 5283 8845 1688  5554 4494 5312 1224  3447 4542 5566 549  3193 2558 3706 762  1949 2204 3052 395  
17065 17247 20656 2941  7623 4133 7598 2201  1357 3316 3288 181  1364 742 1674 586  365 462 461 181  
4178 5058 5182 641  4365 3707 5366 819  3119 2783 4432 532  3195 2289 3227 756  1573 2439 2334 198  
21832 21596 24552 3930  3813 3505 8247 766  2067 455 842 1412  250 565 440 97  50 99 172 23  
19075 18606 25628 3085  5915 5440 6423 1485  1695 1721 1520 551  1008 306 544 713  268 61 107 346  
23308 23038 24434 4296  4588 1769 6092 1938  135 1331 3535 22  17 79 230 13  0 17 21 1  
8157 6293 9115 1593  4052 5884 6224 519  3053 4044 4800 385  3314 2815 3791 737  2485 1754 2137 708  
4790 4810 6326 780  3418 4214 4661 501  3717 2169 4092 827  2810 2250 2459 672  2504 2214 2897 557  
18307 11520 15469 4063  6413 8227 9774 1319  2098 4130 5145 457  807 1396 2135 250  266 373 620 122  
14467 20547 22431 1589  9977 3951 8753 2768  1482 1356 1772 255  1395 271 1017 784  333 84 201 189  
13258 5085 11877 3033  7329 7155 9024 1517  3655 3867 4730 844  1881 3471 3410 410  947 2313 2102 216  
2529 1647 2067 561  2304 2141 2537 440  2049 1692 1938 431  1765 1976 2294 302  1834 1603 2266 361  
5395 4097 6196 1041  4281 2677 4836 893  3061 2460 2442 709  2872 1483 2442 720  2393 2078 3211 503  
15405 15406 24540 1974  10000 5942 6624 3163  1781 3463 2305 560  481 810 557 208  190 479 194 102  
13780 9989 14593 2792  6952 5854 8653 1516  3290 4398 4115 770  1505 2901 2600 307  886 1233 2032 183  
21071 19780 20867 4034  6115 4431 9258 1806  676 1243 1796 329  162 544 1919 78  17 167 269 20  
2510 1788 3116 462  2416 2076 2806 462  2283 1601 2377 488  1941 1537 1847 425  1776 862 1448 439  
12157 12350 15009 2066  7704 5614 8346 1794  3178 3462 5118 614  2472 1562 2377 839  908 1483 1560 202  
9398 9933 12340 1505  7216 4994 7867 1612  4480 2653 4543 1182  2712 2660 3330 684  1401 1996 2330 306  
11657 12443 13952 1968  7725 4673 6851 1967  3460 4191 4745 722  2423 1799 2884 712  1246 1242 1905 368  
23491 24944 30618 3772  4367 670 2967 2280  149 590 649 119  22 26 77 34  10 3 5 42  
24230 20668 22739 4872  3615 2903 6476 1373  192 1614 2781 27  12 943 2028 1  0 87 201 0  
18952 14260 19132 3880  6095 6042 7554 1521  1914 3759 4670 444  738 1142 1806 257  226 344 438 118  
20088 18974 22600 3687  5981 2419 5220 2060  1285 2107 1829 352  457 2105 3087 81  159 449 882 53  
12894 8586 15347 2466  6423 7263 8835 1187  3517 5017 4229 760  2089 2585 2402 541  1527 907 1465 601  
19314 11653 18038 4213  5037 9237 8125 950  2263 3304 4102 569  965 820 1728 368  270 765 1080 83  
13568 8814 9405 3073  8335 4528 9977 1896  2953 7312 6630 468  1588 3208 4072 306  936 765 1742 311  
2154 2390 3142 305  1971 1808 2857 300  1804 1817 2603 271  1777 1942 2081 316  1786 1634 1861 370  
13679 9343 13193 2897  7083 5111 7843 1632  3461 2363 4490 848  1649 3379 4073 299  997 2006 2093 234  
15614 7385 11883 3674  7279 5890 9358 1536  2615 7264 6084 420  1486 2073 3409 354  531 1668 1185 134  
13693 6992 13286 2995  6610 8593 9372 1224  3553 4265 5399 763  1962 2682 2839 502  930 1690 1280 265  
20056 16715 19307 4043  6327 5479 9734 1635  1224 2826 3235 372  314 839 1526 123  78 287 312 47  
2581 2223 2702 503  2483 1353 2529 541  2021 2102 2599 353  1862 1726 1942 378  1813 754 1593 446  
17968 13033 16021 3830  5589 8638 9176 1020  2934 2807 5370 778  1059 764 1739 434  333 414 898 142  
23273 16009 27864 4418  3942 5911 4929 1336  715 3291 1198 385  93 842 255 87  17 118 40 38  
19445 12478 19282 4123  5600 4691 5873 1465  1994 3974 3954 453  667 2510 3277 132  226 841 913 68  
1934 2233 3090 236  1980 2324 2732 289  2362 1345 2372 528  1512 1988 1961 225  1959 1483 2079 427  
8859 10118 12123 1317  6813 5715 6954 1472  4147 3492 4042 999  3143 2322 3775 824  1983 1330 2584 581  
25322 12341 18380 5983  2250 12699 11138 192  436 815 2681 89  29 334 1254 6  4 28 424 3  
15944 13499 18263 3009  5831 4234 4131 1595  3404 3715 4420 856  1531 1989 2482 420  603 804 697 190  
4866 4924 5846 842  3954 3332 3659 834  3381 2955 4663 618  2980 2427 3114 674  2481 1689 2973 574  
7723 3739 5782 1818  5761 2537 5436 1326  4116 2200 4495 921  3025 2985 4513 605  2042 3710 3183 388  
20161 25747 26706 2849  7741 380 6220 3051  130 101 1228 254  13 4 91 101  0 1 72 13  
4611 2657 3068 1075  4545 2941 4401 996  3688 2599 3863 806  2974 1931 3317 665  2380 1679 2951 525  
2689 1167 2471 607  2340 2198 2650 443  2222 1336 2424 472  1845 1855 2495 324  1786 957 1476 435  
5320 3164 5891 1078  4128 3493 5254 766  3330 2164 2585 813  2850 3053 3556 567  2119 2706 2824 401  
11613 10803 11267 2242  7111 7271 9968 1323  4546 2325 4485 1323  2219 2492 3922 524  1218 1214 2092 358  
5965 7047 9285 749  5874 5262 6839 1129  4467 2760 4880 1036  2715 3041 3651 499  1692 2408 2221 270  
15746 8012 12390 3652  6970 7949 11960 1264  2987 5347 4918 649  1190 2748 2325 282  565 695 593 216  
19074 23150 25186 2808  5805 2399 7674 1317  2751 493 1169 1629  295 132 243 268  100 37 29 206  
5239 4391 6321 962  3752 4205 4840 625  3350 3081 3507 697  2408 2696 3580 388  2413 1801 2198 606  
24129 14184 20721 5397  2982 10037 9145 526  800 1249 2458 289  115 598 1409 44  14 74 319 15  
11812 12375 15474 1901  4856 6827 6933 607  4704 3211 5511 1093  2885 1605 2221 999  1605 1034 1643 554  
10995 12673 13677 1740  8099 4276 6823 2130  3016 4557 5683 431  2801 2036 3518 787  1340 1008 1320 467  
17983 11655 14993 3979  6310 8561 12734 1108  2504 2459 3883 725  857 1733 1591 290  226 1141 540 83  
3741 5165 5173 478  4530 3505 4580 954  3525 3006 4596 665  2226 2637 3566 305  2754 1780 2696 700  
22000 16175 23193 4454  4126 7419 8145 902  1502 1471 1730 684  323 442 629 185  70 424 376 35  
4674 4989 6133 746  3698 3977 5127 577  2808 3386 3554 447  3083 1921 3546 692  1927 2361 2527 319  
15841 8812 12949 3608  6606 8446 12023 1133  3082 3035 3161 861  1414 2405 2322 368  647 1308 1830 170  
2673 1078 2259 622  2122 1921 1970 429  2242 1724 2693 441  2012 1745 2239 409  1874 1296 2071 406  
19745 19373 22877 3523  5667 5022 6875 1505  1956 1091 3401 771  460 531 873 238  162 115 202 159  
4194 5147 5548 613  3735 4107 4939 594  3816 2656 4356 815  2882 2385 2798 659  1911 1803 3041 309  
9377 6323 7017 2088  7097 6521 9941 1336  3535 5134 5174 614  2832 3015 3880 638  1795 1112 1492 570  
2727 1937 3037 542  2432 1417 2614 512  2218 1827 2398 453  1811 1557 2427 328  1723 1685 2198 324  
8134 6144 9235 1581  5073 5687 6234 917  3421 4199 4475 601  3149 2675 3937 705  2383 1824 2551 637  
11218 11986 15816 1674  8197 5622 8081 1983  4107 3402 4033 1134  1583 2516 2762 292  1340 1207 1616 440  
13599 9707 15299 2680  7013 6353 7601 1601  3300 4620 5201 679  1700 2614 2402 413  1066 959 1023 386  
11112 6618 10966 2382  6313 6896 7997 1218  3914 4374 5648 792  2425 2968 3121 570  1674 1657 2185 464  
24185 24615 30812 4023  3723 1062 2231 2111  110 364 443 111  29 118 660 25  0 50 61 1  
2196 2444 3125 320  2234 2083 2913 381  1976 1969 2130 374  1842 1862 2331 326  1908 1447 1997 418  
24691 17558 27168 4927  2462 7361 4902 747  740 674 972 500  115 435 560 69  25 105 235 23  
2716 1739 2497 591  2242 2267 2721 398  2029 1759 1975 419  1921 1674 2526 356  1596 1587 1663 321  
2439 1389 1764 564  2383 813 2017 563  1990 2223 2443 350  2014 1106 1750 470  1848 1656 2356 359  
2500 2209 2546 487  1855 2364 2538 265  2123 1083 1560 518  1260 2014 2137 120  1422 1817 2146 195  
13408 14085 19076 1993  7436 6931 8044 1606  3601 2533 4036 976  2119 982 1545 947  711 929 885 251  
5135 3695 4559 1098  3156 4434 4533 425  3121 3487 4454 500  3149 1646 2624 818  2179 1402 1539 568  
18232 16739 25589 2861  7359 5861 6322 2158  1686 2660 1579 695  497 752 566 260  203 86 155 225  
3882 5108 5830 478  4221 3121 5276 793  3833 2692 3553 897  2263 3011 3028 355  2581 2142 2991 576  
24107 14326 26448 4911  3317 7288 6154 1001  451 4017 1364 184  142 422 225 135  21 132 94 32  
21568 12495 23198 4451  4616 9445 8224 1005  1429 1962 1865 584  300 1443 737 126  101 563 198 74  
18436 13035 16820 3934  5158 9048 9991 831  2822 2361 4950 755  1099 566 1235 514  360 481 615 163  
11067 6437 10382 2422  6133 7221 8197 1123  3941 3346 5686 833  2626 2698 3613 623  1420 2451 2327 301  
11123 6982 11142 2356  6489 5343 8227 1324  3736 5106 5111 745  2346 3249 3547 493  1621 1620 2283 428  
20923 19816 31347 2995  6159 4492 2323 2294  785 1854 621 583  172 46 23 356  5 24 7 30  
8189 4237 7172 1852  5012 6271 7229 808  4080 1317 3531 1064  3040 2213 2939 745  2254 2141 3269 498  
9194 15401 15036 737  8079 6383 9690 1401  4910 2607 4904 1221  2207 1090 2172 548  2048 391 1320 1114  
2653 2105 3141 499  2292 1870 2174 478  2258 1720 2492 465  1366 1999 2205 160  1328 1822 1834 190  
18151 23226 25812 2418  7767 2437 5825 2487  1864 351 2103 1082  199 171 495 162  50 34 56 95  
19164 15934 17305 3916  5652 7666 9562 1138  2239 1923 4432 680  748 319 1304 415  187 223 1014 91  
5461 2637 5106 1216  4129 3414 5353 764  3635 2935 3884 787  2922 2047 3051 676  2066 2803 2744 393  
9981 10755 15602 1293  7555 6537 8708 1502  4964 3363 4525 1405  1837 2677 2330 359  1194 1433 1261 292  
14596 12173 13488 2967  6091 8275 10412 957  3703 2592 3478 1085  2073 1639 3428 616  646 921 1608 153  
5173 4315 5242 1029  4103 2503 3264 957  3116 3411 4834 500  2319 3077 3690 340  2359 2283 2663 512  
5533 3166 5196 1213  4346 2161 4247 980  3504 1945 3348 809  2410 3573 3371 409  2389 2209 2781 527  
7648 6758 9573 1350  5163 4910 6954 904  3822 3916 3950 820  3182 2760 3410 766  1783 2262 2752 309  
13161 10605 15821 2439  7339 5696 7527 1757  2397 4904 4277 329  2441 1612 2182 816  997 1393 2106 212  
23724 24885 28706 4018  3977 1194 4412 1743  235 133 1171 192  104 16 30 269  2 5 1 19  
3768 5167 5204 485  4497 3736 5029 892  2863 3341 4204 416  3222 2021 2885 809  2265 2236 2630 470  
27495 16775 25445 6003  493 7477 5676 224  60 1171 1725 45  3 472 585 1  0 119 414 0  
18873 8078 16991 4289  5639 7719 6570 1220  2413 5673 5975 474  767 2439 2846 178  231 725 840 77  
7935 2919 6889 1838  5831 4235 6921 1190  4138 3721 5295 853  2929 3690 3707 621  1870 2509 3166 359  
26428 21954 27871 5195  1179 4199 4765 503  404 75 1500 415  30 4 76 122  1 1 90 19  
18475 25934 26885 2212  9207 250 6158 3437  341 46 1126 474  22 4 109 131  0 0 34 14  
27034 16321 29387 5530  1003 5138 3267 734  11 2032 844 10  0 2461 749 0  0 234 52 0  
5499 3759 5977 1110  3428 3332 5181 520  3685 2566 3339 868  2725 2956 3110 555  2186 1588 1730 560  
12765 7464 10028 2905  7227 7490 11138 1331  3981 3879 5457 934  1799 3350 3515 371  1100 1606 1816 310  
10938 6835 10070 2384  5909 7084 7589 1084  4214 4057 5186 939  2717 2424 4032 645  1259 2283 2283 237  
19010 12655 14375 4241  6747 5162 8724 1597  1688 4947 5551 304  439 1338 2127 102  120 1112 1901 21  
22904 11610 16974 5369  4421 10526 11852 703  639 2081 3860 168  68 1564 1309 22  5 386 226 6  
10589 11438 15790 1470  6214 7251 7145 1083  5309 2374 4974 1570  2822 2096 2553 917  1103 1403 1735 251  
4057 5109 5900 535  3435 3585 5175 476  3071 3355 4117 483  3187 2367 3556 697  2227 1762 2852 438  
9711 9414 10594 1785  6973 4878 8589 1474  3751 4434 5546 695  2989 1807 3093 869  1823 1396 1999 555  
13770 7291 12584 3068  6325 8795 9422 1110  3894 2964 4935 978  1653 3444 2960 335  1047 1748 1859 265  
15517 12796 19138 2811  7285 6535 7810 1777  3114 2621 3516 955  1254 1794 1949 394  498 792 691 197  
7586 10310 10310 996  5787 6200 8212 851  4963 3679 5208 1142  2895 2208 3872 598  2413 1228 1826 854  
5477 7778 7994 647  5920 4750 7404 1113  3832 3236 5240 686  3733 2442 3355 1017  2351 1966 2108 642  
18238 17911 25645 2808  6947 6172 6155 1922  2149 1392 1834 972  426 445 492 237  171 195 130 145  
3396 5170 5244 347  4691 3357 5306 955  2902 3488 3900 447  3234 2375 3269 754  2406 1857 2179 593  
11970 10059 15986 2015  7883 4354 6963 2058  2666 5845 4463 378  2623 2179 3099 748  1433 1182 1477 512  
19025 17005 18243 3743  5726 7099 11385 1062  1708 1656 3125 375  1132 339 953 653  302 74 221 283  
21147 18205 24133 3979  3949 6238 7004 764  2097 1324 2162 864  380 365 606 120  247 74 293 159  
17434 22028 27253 2088  7676 2897 5801 2165  2325 889 992 1293  468 342 222 457  113 57 34 201  
15538 14028 18404 2826  6130 6503 6653 1369  3437 3128 4930 879  1344 1354 2436 348  925 424 743 495  
7318 9989 11717 796  7078 5879 8379 1365  3071 4048 4344 351  3167 1912 3615 738  1964 1732 1871 468  
15244 23267 22892 1598  10365 2180 9723 2995  2151 546 1282 1337  214 201 340 189  58 26 58 118  
15152 10691 18683 2804  7624 5617 6991 2017  3063 3099 3427 860  1203 3057 2866 264  579 1534 990 184  
9881 9561 11149 1794  6488 5579 6747 1401  3275 4258 5719 478  3049 2161 2963 857  2095 1195 2578 637  
12679 10530 16019 2250  6769 5638 8376 1416  4089 4270 4284 1069  1804 2737 2538 419  1226 1375 1383 409  
18288 19357 28209 2434  5438 5953 4542 1003  3751 477 1156 2316  379 385 327 223  146 41 64 190  
13565 14102 19102 2047  7920 5052 8257 1935  3863 3067 3598 1222  1390 2180 1572 449  581 848 981 181  
14110 14857 16723 2410  6766 6067 7206 1511  4020 2357 5758 1108  1485 1582 2598 387  897 395 587 486  
20970 18431 24360 3887  5388 4984 7218 1540  1056 2130 1970 352  468 397 398 347  109 195 187 89  
23806 17611 28207 4517  3542 6284 4986 1214  554 1953 901 334  112 284 185 128  22 78 30 54  
1930 2585 2817 242  2582 1643 2579 559  2223 1848 2381 453  2048 1552 2074 444  1702 1638 2273 309  
21166 8594 16643 5011  5210 7326 8397 988  1254 5593 4563 201  306 2585 2129 53  70 1005 768 14  
10345 7941 12674 1906  6642 6089 6923 1447  3951 3477 5404 846  2560 3183 3184 605  1770 1386 2043 533  
20332 18634 22380 3808  5489 5369 7160 1472  1751 1083 2605 769  322 552 670 152  90 463 1029 27  
26558 15763 22468 5950  1467 6498 10061 285  22 2825 1166 35  0 958 534 2  0 97 63 0  
16770 17486 25259 2323  8300 4695 6377 2494  2038 3063 1922 757  615 747 495 354  190 184 185 135  
8296 5694 8361 1730  4136 5929 6738 524  4609 2973 4426 1136  2617 3341 3449 499  2413 1894 2573 635  
23260 20971 26196 4342  3456 2452 2463 1439  1096 1880 3036 382  182 790 1981 64  35 98 567 23  
10489 4752 8067 2474  6099 7758 8112 1079  4478 3922 6328 953  2572 2563 4232 558  1733 2119 2413 442  
8338 10141 12017 1136  7393 4213 7917 1687  4141 3773 3701 1029  2411 3161 3665 438  1932 1888 2397 492  
16130 13115 18315 3088  6207 5978 6056 1522  3138 2829 3532 895  1483 1457 2377 449  590 1161 2230 144  
23297 7058 18235 5601  3866 12056 13156 446  719 3253 1434 191  141 2619 1182 27  17 520 146 8  
15509 17451 24776 1906  9576 5766 6435 2965  2082 1879 2303 771  632 828 552 371  173 217 180 146  
2331 2513 2993 377  2328 2074 2896 420  1989 1907 2087 387  2033 1675 2311 413  1451 1407 2209 225  
13503 10831 14708 2646  6018 5887 9151 1092  3198 3686 4773 617  2312 2545 2154 703  1466 1271 1519 529  
20751 21824 23463 3618  5893 3305 9283 1670  1024 933 1288 500  336 83 169 430  23 72 95 22  
19148 10579 19561 4071  5828 8973 7958 1286  1815 2440 1973 561  849 1726 2117 241  257 1101 977 72  
19007 8582 17129 4306  5676 11035 11038 955  1983 2606 1983 606  921 1410 1710 281  276 1674 1543 57  
13727 20698 20939 1436  9024 3280 10014 2134  4120 1420 2363 1864  792 593 738 418  268 170 162 253  
12333 10404 16051 2128  6078 7740 7667 1077  4528 3480 4759 1201  2196 2143 2636 599  1383 1039 1391 519  
27362 17052 29390 5618  662 7447 3704 553  28 1122 937 96  0 487 223 6  0 61 38 0  
2750 1929 2987 554  2442 1307 2505 530  1873 2071 2093 341  1359 2066 2105 163  1905 1455 1990 416  
3366 5168 5074 349  4626 3307 5390 926  3773 3060 4043 805  2570 2860 3335 456  2635 1941 2910 621  
8628 9708 12509 1219  7659 4615 6906 1887  3997 3497 5518 820  3032 2623 3163 827  1845 1749 1995 547  
18311 16013 21753 3356  5938 6118 6298 1524  2629 1985 3385 912  721 1103 1151 277  294 307 827 137  
8296 5750 8462 1720  5169 5440 7226 891  3098 4241 4950 438  3219 2526 3038 829  2321 2015 2446 604  
11165 9541 15759 1763  5881 8227 7683 904  4928 3275 5033 1294  2978 1785 2258 1084  1023 1453 1589 215  
12955 11327 13926 2490  4052 7286 7259 353  5369 3015 5735 1469  2761 1382 2545 949  1272 968 1205 445  
11912 15509 16178 1627  8826 5758 9039 2109  2394 2918 3875 309  2919 834 2484 1252  1003 477 771 476  
21519 22156 25348 3727  5699 2445 7021 2010  733 1111 1472 424  83 392 351 83  8 82 90 22  
3730 5167 5176 473  3338 4119 4894 436  3898 2997 4264 825  2185 2653 3393 275  2287 2176 2925 422  
3547 5182 5299 396  3722 4104 5007 569  2773 2999 4272 362  3284 2123 2754 835  2776 1822 3108 656  
8183 5075 7464 1790  4589 6049 6038 744  3718 4147 5774 619  2910 3093 3605 605  2208 1795 3216 486  
9530 9554 12707 1538  6021 5112 8010 1100  3564 4411 4769 597  2305 2127 3076 416  2535 1211 1576 1000  
24457 12696 24636 5256  3100 5348 5365 913  366 6534 3608 53  105 1268 521 37  14 249 140 10  
24004 14644 17504 5477  3987 7013 13721 733  60 2475 1834 63  0 1923 998 0  0 171 182 0  
4610 2678 3080 1072  4466 3458 4579 934  3532 2201 3164 815  2885 3074 3831 556  2361 1682 2392 554  
22709 20322 28807 3954  4544 4363 4466 1668  649 1259 796 439  125 177 171 179  7 96 50 18  
21823 12571 19382 4855  4646 8353 8278 981  1020 4065 4721 188  436 732 1131 181  87 271 572 44  
19326 11084 17875 4254  5896 5232 7467 1402  1932 5415 5383 373  596 2494 2243 139  201 813 685 71  
24077 10284 22595 5390  3201 12529 9711 552  620 1578 908 276  117 1276 620 42  18 336 385 9  
15076 17582 21391 2141  7398 4526 8376 1711  2995 2806 2566 909  1068 911 1007 301  726 210 625 359  
5218 2784 4118 1203  4431 2413 4645 964  3584 2222 3555 809  2497 3588 3785 411  2402 1998 3093 518  
11865 15230 17760 1492  8421 6152 8247 1958  3509 2224 4639 837  2123 1365 2051 718  1223 607 790 658  
16288 12060 18461 3178  6420 5894 6095 1623  2635 2624 2364 751  1395 2201 2147 366  662 1931 2371 141  
19740 19261 25075 3345  6102 4052 6770 1794  1734 1729 1580 827  363 454 511 236  78 498 251 47  
21055 17811 25111 3882  5003 5168 4869 1569  1456 2225 3210 478  402 322 486 276  91 451 474 41  
