# NumberOfHospitals NumberOfScenarios TimeHorizon
4 50 5
# DemandeScenario_0_Hospital_0_Period_0 DemandeScenario_0_Hospital_1_Period_0 ... DemandeScenario_0_Hospital_0_Period_1 DemandeScenario_0_Hospital_1_Period_1 ...
# DemandeScenario_1_Hospital_0_Period_0 DemandeScenario_1_Hospital_1_Period_0 ... DemandeScenario_1_Hospital_0_Period_1 DemandeScenario_1_Hospital_1_Period_1 ...
# ...
# ...
# ...
16599 9114 15910 3627  5704 9313 8099 1055  3079 3536 3888 791  1541 2049 3036 417  616 1170 1592 179  
15458 15420 24563 1991  8742 6941 7102 2289  2656 2903 1930 1050  821 728 514 505  258 171 150 245  
1798 2524 2876 191  2321 1887 2938 419  1967 1629 2633 341  1497 1631 2319 200  1463 1805 1775 238  
15946 10594 14243 3464  6961 7805 10654 1379  3046 2970 4539 803  1020 2814 2507 215  611 921 1267 205  
5440 3491 5965 1102  3874 3364 3506 821  3608 2399 4235 769  2979 1993 3213 685  2362 1930 2953 519  
14834 13093 14815 2904  7260 5920 7811 1725  3276 3904 6028 734  1579 1334 2826 496  638 783 1436 221  
16211 12976 18185 3134  4054 7816 7137 437  3940 2970 4016 1100  1735 1167 2826 467  872 773 1016 279  
21400 16968 22050 4295  4402 6470 6494 1085  1680 1586 2860 639  420 759 1550 174  88 341 987 35  
14285 13834 15056 2655  6966 6092 10955 1331  3815 3266 4488 1061  1676 790 1273 729  604 1176 1430 151  
19673 18479 20983 3690  6089 5173 10026 1481  1735 1756 2190 722  402 369 431 283  102 219 261 71  
18105 19154 30197 2092  9335 5494 3664 3332  537 1173 360 633  67 332 93 184  1 59 6 23  
9843 8634 9703 1939  7007 4083 6537 1678  4160 4601 6642 801  2667 2926 4149 590  1530 2024 2736 336  
2692 1326 2249 619  2326 2165 2591 443  2027 1646 2719 365  1940 1878 2355 368  1620 1575 1640 334  
5043 4767 5773 919  4223 3822 5161 790  2790 3304 4205 409  2901 1347 2054 795  2245 2448 3033 430  
9516 8783 9450 1834  7295 5122 8019 1623  4355 3919 5952 951  2330 3152 3451 490  1002 2059 2085 118  
2729 2048 3029 538  2505 1642 2580 532  1787 1837 2663 273  1409 2032 1937 194  1596 1474 2243 273  
26624 18363 24367 5708  1110 7699 8290 278  258 131 787 223  52 33 774 52  0 5 94 8  
10839 7041 9940 2350  5780 7291 8676 949  3467 4667 5107 596  2974 1791 2620 886  1780 1958 2520 441  
6655 7660 8778 1016  4333 4679 6886 562  2943 4098 4139 340  3371 2691 3138 807  2074 2105 2596 364  
24814 13200 17892 5800  3106 5730 10805 466  130 4292 4464 7  0 2761 917 0  0 233 183 0  
8240 5283 8845 1688  5554 4494 5312 1224  3447 4542 5566 549  3193 2558 3706 762  1949 2204 3052 395  
17065 17247 20656 2941  7623 4133 7598 2201  1357 3316 3288 181  1364 742 1674 586  365 462 461 181  
4178 5058 5182 641  4365 3707 5366 819  3119 2783 4432 532  3195 2289 3227 756  1573 2439 2334 198  
21832 21596 24552 3930  3813 3505 8247 766  2067 455 842 1412  250 565 440 97  50 99 172 23  
19075 18606 25628 3085  5915 5440 6423 1485  1695 1721 1520 551  1008 306 544 713  268 61 107 346  
23308 23038 24434 4296  4588 1769 6092 1938  135 1331 3535 22  17 79 230 13  0 17 21 1  
8157 6293 9115 1593  4052 5884 6224 519  3053 4044 4800 385  3314 2815 3791 737  2485 1754 2137 708  
4790 4810 6326 780  3418 4214 4661 501  3717 2169 4092 827  2810 2250 2459 672  2504 2214 2897 557  
18307 11520 15469 4063  6413 8227 9774 1319  2098 4130 5145 457  807 1396 2135 250  266 373 620 122  
14467 20547 22431 1589  9977 3951 8753 2768  1482 1356 1772 255  1395 271 1017 784  333 84 201 189  
13258 5085 11877 3033  7329 7155 9024 1517  3655 3867 4730 844  1881 3471 3410 410  947 2313 2102 216  
2529 1647 2067 561  2304 2141 2537 440  2049 1692 1938 431  1765 1976 2294 302  1834 1603 2266 361  
5395 4097 6196 1041  4281 2677 4836 893  3061 2460 2442 709  2872 1483 2442 720  2393 2078 3211 503  
15405 15406 24540 1974  10000 5942 6624 3163  1781 3463 2305 560  481 810 557 208  190 479 194 102  
13780 9989 14593 2792  6952 5854 8653 1516  3290 4398 4115 770  1505 2901 2600 307  886 1233 2032 183  
21071 19780 20867 4034  6115 4431 9258 1806  676 1243 1796 329  162 544 1919 78  17 167 269 20  
2510 1788 3116 462  2416 2076 2806 462  2283 1601 2377 488  1941 1537 1847 425  1776 862 1448 439  
12157 12350 15009 2066  7704 5614 8346 1794  3178 3462 5118 614  2472 1562 2377 839  908 1483 1560 202  
9398 9933 12340 1505  7216 4994 7867 1612  4480 2653 4543 1182  2712 2660 3330 684  1401 1996 2330 306  
11657 12443 13952 1968  7725 4673 6851 1967  3460 4191 4745 722  2423 1799 2884 712  1246 1242 1905 368  
23491 24944 30618 3772  4367 670 2967 2280  149 590 649 119  22 26 77 34  10 3 5 42  
24230 20668 22739 4872  3615 2903 6476 1373  192 1614 2781 27  12 943 2028 1  0 87 201 0  
18952 14260 19132 3880  6095 6042 7554 1521  1914 3759 4670 444  738 1142 1806 257  226 344 438 118  
20088 18974 22600 3687  5981 2419 5220 2060  1285 2107 1829 352  457 2105 3087 81  159 449 882 53  
12894 8586 15347 2466  6423 7263 8835 1187  3517 5017 4229 760  2089 2585 2402 541  1527 907 1465 601  
19314 11653 18038 4213  5037 9237 8125 950  2263 3304 4102 569  965 820 1728 368  270 765 1080 83  
13568 8814 9405 3073  8335 4528 9977 1896  2953 7312 6630 468  1588 3208 4072 306  936 765 1742 311  
2154 2390 3142 305  1971 1808 2857 300  1804 1817 2603 271  1777 1942 2081 316  1786 1634 1861 370  
13679 9343 13193 2897  7083 5111 7843 1632  3461 2363 4490 848  1649 3379 4073 299  997 2006 2093 234  
15614 7385 11883 3674  7279 5890 9358 1536  2615 7264 6084 420  1486 2073 3409 354  531 1668 1185 134  
