# NumberOfHospitals NumberOfScenarios TimeHorizon
1 300 5
# DemandeScenario_0_Hospital_0_Period_0 DemandeScenario_0_Hospital_1_Period_0 ... DemandeScenario_0_Hospital_0_Period_1 DemandeScenario_0_Hospital_1_Period_1 ...
# DemandeScenario_1_Hospital_0_Period_0 DemandeScenario_1_Hospital_1_Period_0 ... DemandeScenario_1_Hospital_0_Period_1 DemandeScenario_1_Hospital_1_Period_1 ...
# ...
# ...
# ...
48012  28616  14927  7648  3011  
17466  15736  10501  10865  9220  
33311  21780  17252  11847  7336  
35681  24478  15915  10107  6103  
91572  13102  816  432  122  
82887  16077  4268  744  1535  
27641  20407  14641  11081  7839  
94636  9602  1438  337  23  
49373  30098  12094  7732  3310  
85872  14650  3540  1593  199  
17660  14155  13210  10372  9068  
51040  29511  10894  8644  2275  
31202  26168  14582  11111  7294  
87910  11404  5663  946  61  
41415  23204  15103  10455  6701  
76967  20792  4722  2736  593  
17395  14149  13204  10148  8338  
59218  25389  10778  5101  2820  
31491  24007  15389  12003  8132  
80998  19635  4313  702  288  
69831  22534  6377  4963  1013  
18157  15229  12210  10090  8591  
51801  29316  14890  5194  2642  
52145  28189  11474  5589  4406  
58700  27355  12282  4323  1881  
75327  22273  5177  2929  293  
8927  8095  7819  7262  6649  
85222  15946  3847  817  147  
37788  20327  16878  10526  6434  
61708  27652  9274  3339  2495  
89438  13436  2781  307  65  
34444  22268  12873  12837  8131  
16157  14898  11751  10292  9164  
57838  28832  11665  4445  1800  
83486  18017  3233  903  277  
61790  26460  9734  3751  3170  
9544  7550  6628  6850  6500  
9104  8594  7422  6050  6703  
8578  8597  7293  7121  4835  
17412  14540  12561  10817  8753  
61846  24986  12054  4263  1730  
81896  17045  4742  1302  672  
24693  21729  14689  9313  7798  
26333  19109  12517  12399  8075  
69116  22881  7585  3326  2305  
14883  13510  13029  11164  8776  
41827  27206  13499  7888  6815  
52346  31237  13261  4356  2712  
41254  28468  15563  8842  4447  
68640  21219  7969  4707  2473  
52540  28260  13259  6208  2599  
18193  13627  12051  10507  9172  
67189  25067  9371  3065  724  
9522  7535  7781  7157  5604  
27345  18753  15267  10806  8698  
33749  23362  14135  12155  6688  
8211  7146  7403  7230  6740  
77638  22303  4144  1665  118  
80067  15775  7175  1940  500  
61307  30496  7477  3303  2372  
80890  17270  4115  3223  381  
16123  15953  12991  10634  8657  
57300  25874  9746  6045  3468  
18139  14665  12482  9563  7457  
24811  21957  15740  11726  8073  
36600  23886  12909  10964  5538  
75222  26559  2885  830  278  
52008  26282  13002  7746  3013  
17709  14154  12983  8993  9028  
8354  8510  6630  7063  6359  
67830  17919  13478  4001  1344  
50569  29089  11530  6385  3168  
93434  11113  1098  267  112  
34408  21056  18024  10999  5894  
73107  25294  5896  1225  394  
76351  20884  5733  1637  1023  
27922  18442  13518  11233  7528  
54214  27007  10127  6830  3831  
42454  26913  15418  8796  4671  
16215  15670  11467  11020  9228  
53767  30675  10190  7184  2631  
32589  24410  16490  11215  5820  
42437  25285  14438  10197  4734  
28113  18219  14978  10767  8544  
43329  24275  16335  9733  4526  
24888  20342  16345  10863  8527  
52213  28355  12112  6410  3150  
31900  26651  13124  10871  6413  
51436  30634  14304  4461  2248  
58006  27470  10901  5583  1699  
57932  24614  11118  6527  2674  
40011  26839  15978  8852  5365  
9332  7118  7693  7199  6486  
66620  20857  10609  4751  1623  
45608  25229  15313  8796  4729  
47285  27037  15156  6064  5680  
73530  20060  6049  4993  1020  
90411  12424  2769  311  59  
26430  19829  14090  10691  8880  
86542  15744  3057  391  144  
27070  17168  12899  13147  8657  
50278  26165  15845  6688  3232  
24147  15881  15649  12348  9784  
17558  15904  12596  9894  8973  
18444  14169  11518  9555  7408  
73361  15775  8729  4279  2824  
95381  7886  2019  591  108  
51102  29170  11743  6669  3782  
65264  33293  5055  1845  272  
8440  8105  7519  7019  5973  
38534  24727  14530  12102  6411  
63270  25313  10426  4191  1721  
85157  18705  1821  259  63  
45141  25653  15423  6445  5479  
41761  28576  13186  8571  5413  
60061  28618  9410  4811  1813  
26465  20314  14465  10265  9006  
63447  27789  8829  3248  1746  
70366  22547  9249  2537  930  
76364  16636  8355  3117  1090  
14564  15986  11894  11036  7139  
53124  30652  11268  6902  2419  
42371  27470  14077  9134  4468  
95012  8664  1937  371  48  
75163  18959  8445  2432  729  
37998  28837  11606  11248  6465  
54781  26296  14897  4706  2474  
36805  24201  15048  10587  6250  
92249  10742  2248  661  99  
81868  18579  4195  699  556  
50707  27728  17430  6307  2309  
80914  20619  3151  936  371  
49245  29557  13450  6187  3724  
8600  7988  6631  7189  6198  
17057  13298  12888  10308  8697  
91347  12450  1971  259  15  
85296  19567  1045  104  15  
15429  16140  12144  10099  8465  
59242  27955  11756  4088  1623  
44325  27654  14900  7447  4642  
72287  21362  7088  3700  712  
61346  26727  9094  4725  2385  
78270  19603  6681  969  413  
78944  20530  3857  2057  324  
53733  24326  12440  5976  4505  
44334  25950  14513  8673  5143  
42353  27233  14867  9354  5378  
59558  24706  11873  3726  3438  
67033  27814  6879  2469  1306  
51291  31369  13278  5985  2081  
23431  18113  15769  11752  9661  
42598  27682  15195  8713  4700  
36015  19856  17545  8139  7036  
37494  27668  17849  9477  5686  
53060  25035  14282  7261  3126  
17093  14762  9756  10294  9375  
93957  7574  3020  1308  172  
26495  18675  13689  10729  9563  
6992  8426  7504  6390  5502  
29316  23724  14455  13291  8791  
61475  24735  10570  5665  2148  
59066  20980  15686  6152  1919  
18923  14318  12674  9640  8021  
83394  19220  2666  400  277  
70014  24456  8353  2592  436  
58884  26044  11093  4842  2706  
47805  25689  13907  7285  4823  
85008  17616  2396  660  228  
80598  17243  6290  1208  407  
34992  22070  16161  11491  7607  
43740  27468  14577  8418  4404  
51551  32821  11873  5664  1702  
78796  20920  3319  2742  223  
73454  21188  8702  1700  708  
22324  22641  13129  9100  10418  
37200  25316  16031  7112  7608  
52385  26813  12221  7390  3866  
51969  33180  9685  4141  4397  
26697  20254  15846  10028  8691  
27623  19112  14258  11358  8302  
47754  23158  14726  9019  4713  
24905  18115  15029  11635  6804  
42911  24969  13728  8989  6047  
18739  14868  10919  10582  9097  
45987  30967  15094  5122  2860  
24980  20439  16056  11461  6946  
9145  6828  7755  5950  6527  
42144  25511  17343  9432  5166  
85315  16053  3368  1048  179  
44788  29532  13649  6758  5339  
61262  28057  8424  5205  1838  
50119  28388  14588  6647  2273  
16713  14335  12097  9406  9307  
66291  23431  10138  3365  1627  
94856  9621  1118  357  60  
45912  23543  16323  8871  4887  
60114  25947  11322  4593  2287  
43127  24805  17072  6909  6336  
76983  22314  4913  1228  466  
52731  33170  10897  3990  3018  
27522  19531  14471  11697  8403  
18358  15809  11946  9921  8703  
57275  25466  11781  4739  3452  
92729  8885  4175  199  48  
73524  20492  6882  2794  874  
41110  25100  13209  11754  6292  
76264  21324  6496  1369  423  
36404  22992  15415  11078  6917  
27307  20094  15194  10489  8559  
74938  17017  10031  1960  1431  
7944  8526  7390  7364  5567  
93787  9478  2611  135  25  
55781  29412  11645  4354  2269  
35446  24891  13029  10439  7215  
58473  30105  10329  3440  1912  
63255  25409  10338  4060  1427  
81285  17703  5342  1344  170  
33725  22607  15300  9719  7715  
15214  16281  11242  9220  8238  
66393  23138  10287  3446  1598  
80189  19509  4879  1171  166  
44761  27534  17572  8167  3756  
81844  15693  6578  1188  426  
49136  26750  13609  8361  3408  
85845  18227  1197  374  304  
8220  8119  7427  7185  5767  
93130  9450  2746  660  53  
55314  25185  13142  7328  2428  
37520  23904  15339  10383  6085  
85053  17200  2670  912  163  
74267  18766  7843  3673  969  
78605  20989  5129  1025  167  
25984  20246  15307  10683  7540  
88572  14079  2688  505  153  
65084  23467  11873  3029  877  
68687  25988  7879  2484  672  
28709  26339  15036  10617  6328  
17325  14586  11665  10327  9213  
43835  25186  16544  8899  4889  
51148  28000  11436  7924  4076  
68503  26073  8032  2414  609  
59814  28797  10251  4198  1803  
34757  25263  15772  10167  6923  
16801  14395  11875  10598  8049  
32491  26506  16931  8642  6157  
18401  13436  12260  8630  8791  
8390  7724  7306  6939  6586  
73034  23502  6215  1870  889  
32185  24732  15413  10089  7289  
44975  24935  15427  7759  5474  
62441  25964  8503  5054  1744  
66668  23471  8676  3835  2070  
52844  28276  13270  5912  2764  
54350  25547  13763  6292  3263  
85789  15196  3808  729  222  
15922  15210  12895  10858  7661  
28425  17297  13589  12489  8609  
85479  14206  4046  1355  532  
83233  14478  6767  1092  346  
46469  25490  14913  7681  4517  
83659  15564  5228  1144  356  
80814  15372  6186  2613  431  
17198  14613  13298  10825  8785  
30283  26589  16076  10677  7581  
48159  30270  11292  7552  4383  
16864  15322  12469  10588  8899  
27341  19812  14764  11329  8105  
90614  11422  3664  276  55  
92397  11980  901  494  219  
94749  8246  2066  713  171  
58474  28130  10952  5491  1963  
17479  14334  11759  9713  8263  
36482  20605  16529  10353  7463  
9473  8589  6349  7085  6554  
18815  12369  12792  9730  8984  
9372  8571  6518  6670  6592  
17723  14271  11155  8808  8195  
37022  22828  12188  9279  7835  
27504  19991  15728  10269  7930  
8119  8716  7793  7087  6219  
88866  12395  3656  780  312  
73699  23666  6372  1848  337  
65465  27348  7406  2966  1589  
64664  21760  11135  4886  1870  
9428  8303  7919  6314  5783  
78949  22365  3102  1451  70  
25262  21489  15301  10676  7957  
39350  29925  12597  9322  5940  
44649  27497  11624  9865  5132  
17972  15299  12873  10421  8651  
57217  24626  12389  6254  2782  
42258  28258  14381  7386  6020  
69193  22940  9908  2389  1042  
73893  22393  6270  2478  686  
82825  14210  7081  1407  359  
53975  26742  12051  6913  3246  
73864  26326  4247  1067  405  
63428  25734  11976  3247  1088  
36427  23857  16027  9368  6434  
27400  17283  15481  11518  8904  
