# NumberOfHospitals NumberOfScenarios TimeHorizon
1 100 5
# DemandeScenario_0_Hospital_0_Period_0 DemandeScenario_0_Hospital_1_Period_0 ... DemandeScenario_0_Hospital_0_Period_1 DemandeScenario_0_Hospital_1_Period_1 ...
# DemandeScenario_1_Hospital_0_Period_0 DemandeScenario_1_Hospital_1_Period_0 ... DemandeScenario_1_Hospital_0_Period_1 DemandeScenario_1_Hospital_1_Period_1 ...
# ...
# ...
# ...
48012  28616  14927  7648  3011  
17466  15736  10501  10865  9220  
33311  21780  17252  11847  7336  
35681  24478  15915  10107  6103  
91572  13102  816  432  122  
82887  16077  4268  744  1535  
27641  20407  14641  11081  7839  
94636  9602  1438  337  23  
49373  30098  12094  7732  3310  
85872  14650  3540  1593  199  
17660  14155  13210  10372  9068  
51040  29511  10894  8644  2275  
31202  26168  14582  11111  7294  
87910  11404  5663  946  61  
41415  23204  15103  10455  6701  
76967  20792  4722  2736  593  
17395  14149  13204  10148  8338  
59218  25389  10778  5101  2820  
31491  24007  15389  12003  8132  
80998  19635  4313  702  288  
69831  22534  6377  4963  1013  
18157  15229  12210  10090  8591  
51801  29316  14890  5194  2642  
52145  28189  11474  5589  4406  
58700  27355  12282  4323  1881  
75327  22273  5177  2929  293  
8927  8095  7819  7262  6649  
85222  15946  3847  817  147  
37788  20327  16878  10526  6434  
61708  27652  9274  3339  2495  
89438  13436  2781  307  65  
34444  22268  12873  12837  8131  
16157  14898  11751  10292  9164  
57838  28832  11665  4445  1800  
83486  18017  3233  903  277  
61790  26460  9734  3751  3170  
9544  7550  6628  6850  6500  
9104  8594  7422  6050  6703  
8578  8597  7293  7121  4835  
17412  14540  12561  10817  8753  
61846  24986  12054  4263  1730  
81896  17045  4742  1302  672  
24693  21729  14689  9313  7798  
26333  19109  12517  12399  8075  
69116  22881  7585  3326  2305  
14883  13510  13029  11164  8776  
41827  27206  13499  7888  6815  
52346  31237  13261  4356  2712  
41254  28468  15563  8842  4447  
68640  21219  7969  4707  2473  
52540  28260  13259  6208  2599  
18193  13627  12051  10507  9172  
67189  25067  9371  3065  724  
9522  7535  7781  7157  5604  
27345  18753  15267  10806  8698  
33749  23362  14135  12155  6688  
8211  7146  7403  7230  6740  
77638  22303  4144  1665  118  
80067  15775  7175  1940  500  
61307  30496  7477  3303  2372  
80890  17270  4115  3223  381  
16123  15953  12991  10634  8657  
57300  25874  9746  6045  3468  
18139  14665  12482  9563  7457  
24811  21957  15740  11726  8073  
36600  23886  12909  10964  5538  
75222  26559  2885  830  278  
52008  26282  13002  7746  3013  
17709  14154  12983  8993  9028  
8354  8510  6630  7063  6359  
67830  17919  13478  4001  1344  
50569  29089  11530  6385  3168  
93434  11113  1098  267  112  
34408  21056  18024  10999  5894  
73107  25294  5896  1225  394  
76351  20884  5733  1637  1023  
27922  18442  13518  11233  7528  
54214  27007  10127  6830  3831  
42454  26913  15418  8796  4671  
16215  15670  11467  11020  9228  
53767  30675  10190  7184  2631  
32589  24410  16490  11215  5820  
42437  25285  14438  10197  4734  
28113  18219  14978  10767  8544  
43329  24275  16335  9733  4526  
24888  20342  16345  10863  8527  
52213  28355  12112  6410  3150  
31900  26651  13124  10871  6413  
51436  30634  14304  4461  2248  
58006  27470  10901  5583  1699  
57932  24614  11118  6527  2674  
40011  26839  15978  8852  5365  
9332  7118  7693  7199  6486  
66620  20857  10609  4751  1623  
45608  25229  15313  8796  4729  
47285  27037  15156  6064  5680  
73530  20060  6049  4993  1020  
90411  12424  2769  311  59  
26430  19829  14090  10691  8880  
86542  15744  3057  391  144  
