# NumberOfHospitals NumberOfScenarios TimeHorizon
1 50 5
# DemandeScenario_0_Hospital_0_Period_0 DemandeScenario_0_Hospital_1_Period_0 ... DemandeScenario_0_Hospital_0_Period_1 DemandeScenario_0_Hospital_1_Period_1 ...
# DemandeScenario_1_Hospital_0_Period_0 DemandeScenario_1_Hospital_1_Period_0 ... DemandeScenario_1_Hospital_0_Period_1 DemandeScenario_1_Hospital_1_Period_1 ...
# ...
# ...
# ...
48012  28616  14927  7648  3011  
17466  15736  10501  10865  9220  
33311  21780  17252  11847  7336  
35681  24478  15915  10107  6103  
91572  13102  816  432  122  
82887  16077  4268  744  1535  
27641  20407  14641  11081  7839  
94636  9602  1438  337  23  
49373  30098  12094  7732  3310  
85872  14650  3540  1593  199  
17660  14155  13210  10372  9068  
51040  29511  10894  8644  2275  
31202  26168  14582  11111  7294  
87910  11404  5663  946  61  
41415  23204  15103  10455  6701  
76967  20792  4722  2736  593  
17395  14149  13204  10148  8338  
59218  25389  10778  5101  2820  
31491  24007  15389  12003  8132  
80998  19635  4313  702  288  
69831  22534  6377  4963  1013  
18157  15229  12210  10090  8591  
51801  29316  14890  5194  2642  
52145  28189  11474  5589  4406  
58700  27355  12282  4323  1881  
75327  22273  5177  2929  293  
8927  8095  7819  7262  6649  
85222  15946  3847  817  147  
37788  20327  16878  10526  6434  
61708  27652  9274  3339  2495  
89438  13436  2781  307  65  
34444  22268  12873  12837  8131  
16157  14898  11751  10292  9164  
57838  28832  11665  4445  1800  
83486  18017  3233  903  277  
61790  26460  9734  3751  3170  
9544  7550  6628  6850  6500  
9104  8594  7422  6050  6703  
8578  8597  7293  7121  4835  
17412  14540  12561  10817  8753  
61846  24986  12054  4263  1730  
81896  17045  4742  1302  672  
24693  21729  14689  9313  7798  
26333  19109  12517  12399  8075  
69116  22881  7585  3326  2305  
14883  13510  13029  11164  8776  
41827  27206  13499  7888  6815  
52346  31237  13261  4356  2712  
41254  28468  15563  8842  4447  
68640  21219  7969  4707  2473  
