# NumberOfHospitals NumberOfScenarios TimeHorizon
4 300 4
# DemandeScenario_0_Hospital_0_Period_0 DemandeScenario_0_Hospital_1_Period_0 ... DemandeScenario_0_Hospital_0_Period_1 DemandeScenario_0_Hospital_1_Period_1 ...
# DemandeScenario_1_Hospital_0_Period_0 DemandeScenario_1_Hospital_1_Period_0 ... DemandeScenario_1_Hospital_0_Period_1 DemandeScenario_1_Hospital_1_Period_1 ...
# ...
# ...
# ...
47959 62735 89362 45674  20036 31745 39177 18916  9709 14966 17874 9798  5573 6868 8888 6218  
25265 33606 46293 24320  14853 25836 31110 12832  11957 19015 23429 10998  9928 13502 17882 9872  
50240 57773 86155 50694  20805 26780 37410 20464  9686 17203 20339 8585  4442 14002 12328 3263  
67628 88217 122867 65516  13856 26385 29785 12634  4817 8759 9014 4943  1815 2217 2744 2143  
7115 11768 14220 6335  6257 9129 11379 6009  6020 9584 12312 5307  5429 7725 9774 5283  
74981 103707 134557 72700  10617 13504 20356 11437  2861 7970 9268 1579  197 689 763 102  
16943 21233 30247 16638  12500 18504 23319 11848  11214 13421 19574 11279  8229 13636 16876 7344  
80854 117638 152983 75693  6548 8593 10939 8134  1235 801 1590 1879  93 104 188 104  
54686 82045 101030 51658  19697 23780 33630 20978  9803 13672 20129 9265  3276 5272 7655 2842  
58503 80101 108184 55870  19487 28577 35926 19341  6846 11840 14098 6531  2376 3257 4388 2556  
65622 67021 103193 69444  13160 32983 32545 10018  7454 16511 20058 5138  2018 7453 7473 1031  
70067 84369 116237 71504  12140 20768 26489 11002  4566 9303 12708 2717  1430 10174 7514 436  
50050 82458 99830 44593  23667 24581 37489 25968  9203 13202 18332 8779  3271 4487 6125 3376  
43298 51374 71780 44278  26006 36645 50523 24388  7862 17093 17226 6862  5967 7728 11404 5845  
7559 11345 14966 6843  6406 10801 13141 5596  7118 8987 12621 7058  6007 7471 10920 5881  
78835 83782 128291 82009  9383 32339 32405 3774  521 9254 4582 69  21 1495 402 4  
24472 26031 41039 25087  18016 21961 31677 17924  13017 21464 26092 11852  9256 15784 18657 8451  
15939 23351 30820 14702  12169 18945 23344 11264  9906 15925 19713 8957  9421 11958 16493 9500  
43572 46832 69624 45636  23756 32017 44202 22745  9971 19153 21527 8672  5757 10876 13157 4833  
40896 60982 73281 39216  25728 35427 47466 25480  10986 12380 18949 11666  4393 7112 9044 4168  
6479 8545 11069 6473  6242 8189 10731 6236  7067 9089 12618 6961  5856 9122 11349 5415  
47059 52152 77443 48572  20000 26685 35930 19540  11850 23767 27075 9897  5660 12432 14026 4528  
33346 42287 58868 32912  20221 22889 34404 20661  10428 18216 20467 9600  9246 13445 17850 8826  
56697 77992 107172 53329  21260 28395 36605 22056  7086 11766 13810 6993  2270 4298 4631 2238  
7249 8996 13509 6916  7092 8039 12479 7079  6776 10138 13030 6306  5515 7101 10308 5297  
38324 59916 75557 34651  24027 28369 41283 24686  10929 16255 21284 10414  7234 9767 12671 7538  
31546 47527 60677 29122  20605 27760 38549 19793  12638 19421 24088 12028  7628 11619 14091 7463  
56497 77058 106609 53228  19125 32454 37177 18153  8403 10797 13976 9194  2927 4371 5007 3170  
15210 18402 25689 15409  13022 17853 23573 12652  9887 13320 17506 9772  7668 13311 15523 6880  
37527 42263 66741 37045  22443 30835 41549 21870  12735 24090 26096 11560  6276 10119 11988 6180  
22989 29648 40006 22818  18140 21721 31414 18274  12640 19831 24597 11765  8523 13526 16430 8046  
21304 34221 41501 19351  19289 23875 34236 19182  12703 19151 24306 11980  9345 13743 17633 8988  
7348 10876 14586 6642  7538 10222 14028 7202  6311 7886 11591 6122  5177 8773 10743 4511  
67075 90988 123760 64184  13978 26737 28854 12954  5412 6917 9483 5907  1568 1540 2490 1925  
78733 115850 148322 73815  6468 6945 9860 8417  3001 3651 6214 3097  459 532 1023 452  
66811 78571 114724 67279  15547 26180 33721 13572  4794 13161 11747 3925  1195 6666 4135 791  
42118 53172 74617 41508  20617 34654 42111 18515  11126 11926 17826 12017  6659 10584 13686 6155  
32875 27877 47698 36278  24856 36991 47793 23099  12918 17388 24352 12220  6491 11346 13418 5759  
73914 90913 128084 73832  10674 28326 27609 8380  3574 5708 8099 3186  498 1517 1520 396  
7075 11873 14555 6157  7112 10610 13878 6525  6334 8970 12219 5891  6009 8907 11525 5609  
8215 11192 14967 7929  7538 10506 14076 7172  6836 9531 12757 6523  6086 8681 11576 5742  
81434 87095 137451 83135  6821 28004 23526 2686  444 6875 3443 33  42 2604 873 0  
75088 103354 139401 71494  11505 18841 21657 12086  1741 3065 3323 1935  331 1091 931 290  
42462 41636 65449 45422  25325 37252 49393 23363  10805 18552 22738 9523  5307 14545 14052 4002  
24491 35237 46488 22912  14838 23265 28020 13893  13710 14273 22765 14394  9647 12793 18139 9351  
22951 33876 42961 21594  16221 21430 28384 16167  11831 17333 21907 11423  8963 15301 18761 7905  
42969 41575 66171 46021  25144 43548 52476 22077  10511 14796 20244 9938  4354 8652 9565 3755  
45705 68112 85990 42813  23577 27558 40237 24480  9566 12387 16979 9791  4594 6934 8952 4457  
22166 29835 39113 21747  15805 25970 31295 14328  14543 17848 26072 14477  8904 10320 14795 9330  
23773 24060 38388 24897  18493 24506 34148 17800  12799 16202 22788 12663  8100 11126 14407 7957  
8326 10003 14388 8354  6223 6463 9734 6605  6760 8058 12138 6650  5435 5557 8602 5748  
16491 22745 30971 15587  13739 17242 24523 13566  11104 14394 20061 10914  7510 13592 15695 6545  
58027 76742 107325 55518  20241 28978 36188 20430  6069 13947 13616 5352  2234 4517 4932 2062  
28115 44680 57605 24626  22914 29236 40043 23056  12646 19224 24339 11961  8145 9087 13776 8672  
43178 66324 81762 40126  25079 31588 44732 25254  9611 15961 19566 8927  5582 5423 8872 6349  
37329 56066 70243 34929  22129 32291 41825 21109  12543 13804 20587 13492  6526 10651 13049 6172  
27812 44086 53393 25526  20606 27474 36708 20415  11330 15421 19858 11465  10279 14244 19590 9956  
81526 97005 139117 82272  6859 23199 23349 3491  244 4510 2037 58  132 2103 1176 30  
67047 84490 118320 66216  15617 25520 32994 14202  4498 12281 10679 3959  1120 3404 2669 1033  
13052 22150 27699 11037  12322 18402 24232 11242  10290 16184 20028 9435  9228 13140 17103 8887  
26610 43858 55789 22783  18443 28642 36542 16716  14956 17864 25528 15526  9590 12885 16757 9806  
24789 35270 43696 24130  22901 29560 40991 22664  12284 18841 23266 11768  9215 13121 17308 9014  
14115 14005 21825 15079  10757 15259 19069 10501  9261 13773 16950 8912  9158 11110 15836 9245  
36934 49995 65350 36152  24171 35086 46733 22731  11528 12902 19080 12236  6070 11793 12958 5445  
19438 25174 32891 19508  16302 16910 25901 17251  14426 20013 26957 13834  9432 16673 19541 8424  
57274 95185 115519 50577  22956 23194 37141 25002  5815 6210 8902 6857  1844 1751 2954 2232  
63329 82637 111595 62386  15755 26325 31427 15000  4810 9577 10646 4426  2641 3219 5215 2563  
43456 65390 79093 41323  24904 30040 43032 25841  11262 19857 25093 9813  4392 3893 6991 4955  
61301 83697 117237 57169  20633 27114 34034 22370  4628 11999 10300 4084  1626 2559 2821 1744  
7365 9132 12496 7431  7445 10275 13626 7173  6668 7825 11327 6785  5335 8144 10006 5037  
6487 11221 13844 5452  7261 10762 14027 6713  5974 9689 12103 5299  5714 8334 11115 5286  
41806 45176 66345 43883  23652 40058 48173 21309  12652 21457 26851 11299  5606 9031 11653 5197  
7675 11118 14211 7290  7551 10577 14179 7147  6655 9805 12706 6228  5680 8644 10805 5321  
57630 92385 112536 52266  23241 22569 37200 25790  4658 7181 8905 4722  1537 2582 3146 1553  
23176 34385 45462 21126  14974 24484 30660 13195  13409 14603 22520 14036  8684 14836 17264 7906  
7769 8492 12696 8055  7626 10639 14296 7236  5819 5704 9006 6236  6413 8111 11535 6299  
14616 21826 29130 13153  11622 19441 23749 10203  10169 16073 19866 9309  9250 12967 16878 9014  
58444 83045 103761 56721  20101 25361 36337 20978  7116 11770 16362 6075  2092 3839 5493 1543  
62278 87334 109005 60927  22188 26809 42140 22626  2919 6013 8085 1793  1054 4193 4369 415  
25587 34393 44002 25381  18303 28969 34999 17132  14916 21416 28244 14332  10286 15317 20376 9657  
29846 45843 59667 26739  19958 30040 38322 18648  14279 18540 24681 14594  9050 11273 15755 9388  
73130 105367 139574 68125  13260 15185 20656 15613  1828 4600 4174 1674  447 1580 1092 349  
31681 47673 61371 29114  21369 25904 37766 21442  11511 17924 22885 10674  9093 11451 15322 9542  
40343 57168 77040 37611  21906 29456 38414 22000  12237 18539 23350 11830  6669 8265 11486 7052  
50690 60781 88584 50500  21386 29103 39350 20871  9040 14289 17853 8449  3819 9338 8880 3175  
41250 53780 76039 39583  18131 32343 38109 15852  13661 14711 21684 14942  7459 10859 13507 7509  
78706 104733 139845 77049  9565 20605 24863 8003  427 1352 809 738  39 255 100 41  
29907 47791 59953 26658  20279 25910 37207 19782  12413 19091 22899 11962  8515 12451 15495 8442  
13053 22025 27664 11055  13874 18046 25321 13484  9495 15462 19266 8445  7535 12311 15298 6708  
45538 47199 72707 47849  19834 28887 36707 18900  11876 17093 23908 10756  5543 10932 12911 4506  
28950 45905 56130 26414  20751 26825 36416 20790  11361 15668 20079 11427  10221 12763 18509 10286  
23014 26638 41191 22609  18014 24688 33584 17290  13144 15767 22684 13373  9017 12761 16971 8728  
32298 39446 55535 32413  20319 23388 34756 20644  13070 20247 25346 12247  8278 16156 18185 7154  
28073 44059 53639 25881  18946 27827 35135 18161  15443 17903 26655 15914  9967 12675 18271 9943  
65435 107156 130879 58241  18906 15587 28663 21813  3394 3336 4781 4420  823 844 1120 1116  
67609 77977 109411 69988  15739 31866 37727 12965  4739 13274 15239 2624  435 1924 1790 200  
81196 104555 149724 77926  6476 20736 14228 6619  714 1217 1101 946  363 543 621 357  
7195 11470 13986 6558  7186 10546 13983 6613  5623 7992 10031 5486  6083 7329 10335 6201  
54488 83708 106207 49746  21247 28264 38054 21428  7261 8927 11883 8011  3536 3759 6093 3928  
28933 47087 57315 25948  21002 26500 36368 21235  11736 18174 22350 11148  8832 13273 17447 8266  
7529 11218 14125 7072  6624 10225 12623 6151  6647 9877 12880 6152  6151 7261 10427 6291  
79804 109710 151498 74827  5571 12936 9022 7125  2505 2608 3396 3287  739 1269 1390 571  
7118 8920 12061 7177  6461 7909 10839 6573  5886 9730 11640 5322  6434 9131 12139 6100  
39820 45903 66714 40647  22484 36148 44770 20570  10925 15495 19982 10775  7024 13594 15675 6092  
73969 119682 147705 66011  10464 5956 12615 13629  3983 1338 4901 5702  211 138 295 329  
68232 108622 140826 59350  17161 13419 19382 22899  2104 2701 3080 2607  823 1144 1390 772  
78639 117105 149403 73249  7742 7075 11264 10171  2107 2916 4829 1969  211 62 184 385  
32881 28220 47864 36221  21045 28877 37803 20368  12953 15622 23273 12525  9916 18058 22701 8134  
31773 35928 55781 31639  21750 30233 39879 21104  13300 20893 25843 12523  7148 10019 13589 6966  
19943 17314 29208 21909  18168 21686 31412 18167  13305 18565 24614 12758  10170 13817 19286 9650  
50340 67697 92051 48473  20162 33463 40361 18556  9084 12512 17197 9000  4269 7385 8185 4195  
74271 99112 138056 70793  12173 21166 22473 12889  1827 5590 4192 1690  352 718 666 392  
49210 69414 93141 46184  20949 26195 37445 21186  9968 17125 18909 9628  3982 7889 8267 3725  
14667 23613 29728 12958  12325 15966 23083 11762  10300 14573 19675 9708  9780 12312 17048 9899  
31798 33579 51831 33071  21186 26666 38139 20745  13421 19684 26085 12551  7583 14464 15727 6767  
50364 77437 91203 47805  27980 29282 47598 30051  6837 12230 16083 5668  2004 3381 4916 1528  
59550 93100 115175 54521  21827 22545 35689 23934  4196 6801 8080 4265  1998 3595 4790 1741  
7803 7794 12478 8222  6716 7209 10815 7016  6873 8178 11901 6900  5870 7859 10454 5768  
66052 93149 123942 62345  14915 23689 27674 14931  5916 6706 10113 6672  1358 2436 2936 1360  
61555 72315 102976 62764  20803 34715 45026 18080  4045 8025 9062 3564  1720 6331 5634 1129  
23249 23704 37201 24435  18573 24508 34481 17818  12505 19462 23845 11767  9685 13615 18120 9346  
57054 62847 95016 58586  16898 23759 30956 16134  9535 25101 25183 7107  3434 8848 8996 2683  
13167 18528 23308 12821  12558 18954 23789 11773  8068 12532 14857 7704  8579 11905 15492 8435  
7265 11485 14072 6644  6346 10042 12187 5846  5341 7676 9527 5202  4684 6571 8182 4635  
75591 119735 150514 67756  9398 4824 11112 12398  3348 2253 3635 4996  296 233 332 502  
76137 99043 137591 74005  10383 23090 23290 9528  1818 3284 3745 1936  304 1369 839 275  
30605 46058 58040 28508  17645 27267 33334 16625  15277 18692 27691 15216  9383 11675 16433 9683  
7493 8255 12168 7786  7526 10721 14087 7131  5884 7388 9989 5949  5888 8658 11017 5593  
71201 72767 114992 74496  14656 33637 38072 10003  2383 12731 9242 1186  439 5707 2761 147  
32998 36112 55832 33620  21193 29066 39364 20375  12891 18875 24729 12245  7516 10329 13522 7412  
49714 55277 84769 50398  22261 34587 43157 20820  9520 17382 20077 8568  4061 8748 9002 3567  
40873 54216 73229 39861  21605 33775 43158 19789  9918 16148 18807 9521  5853 8333 10374 6041  
24985 30831 43590 24875  15240 20718 26798 15065  12462 17022 22506 12246  9113 10072 15422 9381  
15388 15167 24369 16280  13689 16292 23863 13679  9673 12938 16966 9564  8412 10423 14576 8435  
24013 35059 45286 22523  18085 24918 33821 17292  12364 18763 23630 11667  9208 13483 17486 8832  
44635 71561 88366 40125  22104 30689 40375 21656  11834 13727 20174 12563  5600 5705 9246 6249  
69375 116118 144201 59775  16479 7993 17548 22294  2267 2215 2989 3025  491 494 686 652  
41824 51049 72794 41719  19291 29583 36149 18386  11019 13721 19154 11239  5940 6730 10257 6034  
7130 11873 14625 6227  7040 10598 13812 6431  6362 9513 11977 5985  6000 8347 10879 5829  
59226 75160 106590 57804  18303 33891 38168 16528  6775 10709 12964 6780  2850 3507 4562 3242  
29940 37155 55448 28675  20141 23706 35292 20354  11560 22287 24723 10063  9801 15664 18387 9484  
8099 10054 14033 8090  6745 10511 12969 6226  6327 6262 10025 6719  6243 7623 10865 6265  
80355 108694 151389 75817  5988 10861 8930 8295  1701 4465 3378 1432  594 2061 1518 285  
32937 37460 55587 33535  19744 32241 39005 18047  13596 20266 26185 12887  7687 12418 14903 7314  
44087 71324 87490 39516  25440 28912 43032 26575  9619 14169 17707 9604  5140 7077 9604 5238  
47229 66567 86567 45207  21818 34190 43596 20114  11221 12627 18932 12052  4805 7032 9201 4808  
74797 86460 123571 76782  11552 31408 33199 7821  2279 7252 7903 1203  109 1560 827 35  
31161 39842 54196 30966  21925 30440 41448 20868  11741 14462 19987 12055  9109 13645 17937 8583  
24969 34023 45770 23987  17373 23384 32660 16575  13156 16971 23178 13203  8886 14250 17138 8383  
60624 68364 97146 63142  20731 27731 41589 18849  5466 22841 19482 2865  1579 5402 5606 851  
63771 105714 131355 55420  18293 16747 26424 21084  5280 3778 6320 7206  934 667 1127 1359  
23929 35426 45583 22271  15014 24679 31062 13120  12725 15553 21229 13203  10410 13671 18640 10437  
46732 67232 90651 43031  21411 31798 40186 20715  9865 15356 18033 9786  6000 5958 8847 7131  
12946 22034 27545 10910  11616 18038 23418 10356  10733 14129 19827 10389  9896 12352 17317 10015  
47478 44424 71382 51416  25955 41636 53300 22936  8673 17135 19807 7165  4091 10171 11272 2905  
70502 101369 136509 65001  11832 19976 20851 12415  4501 3438 5511 6184  1271 1376 1767 1591  
16294 17707 27757 16549  13105 15952 23588 12866  10697 12917 18242 10837  8756 12219 16689 8312  
36630 59238 72543 32880  20380 30052 37964 19495  14016 17266 25471 14013  7157 9525 13008 7235  
81681 103175 149203 78967  6887 18570 14820 6795  185 3675 1424 92  4 1613 248 1  
41970 49531 73440 41816  22055 31578 40782 21309  11182 21413 23834 9884  6417 10670 12713 6115  
24767 29374 43852 24498  17537 27063 34144 16209  12664 14935 22127 12842  9286 11305 16048 9475  
21372 35409 43909 18625  17016 25708 32417 15889  13498 17776 24701 13218  10078 13267 18009 10109  
49508 57633 86916 49251  22187 37145 44075 20500  8491 16159 18034 7710  4484 7741 8625 4443  
67175 90562 123265 64527  15876 21719 28294 16444  4098 10065 9814 3530  1026 3599 3005 804  
65324 79015 120490 62760  18591 29945 32757 19605  3559 10787 8403 2813  990 5706 3157 535  
15475 23246 29417 14403  12169 17763 22477 11615  9902 15809 20210 8789  8299 10156 13886 8585  
73521 85241 129353 73048  12719 29403 28669 11098  2130 9793 6378 1458  294 2236 1072 189  
80646 92838 135534 82196  6100 25472 22047 2796  1923 6708 7199 844  63 1496 649 13  
47249 54933 76698 48818  23740 31869 44011 23049  7647 17907 18102 6331  4388 9377 10486 3624  
47660 59924 87560 45898  23253 35045 43337 22610  10151 15254 18428 10214  4122 7048 8136 4020  
16723 20419 29834 16448  13381 16405 23141 13439  11050 15798 20628 10573  8851 13041 17104 8314  
15744 16131 25390 16491  11616 13021 18880 12031  11127 15126 20258 10797  7584 8167 12259 7897  
41386 70528 86244 35531  26845 29807 44127 28473  11462 13522 19307 12255  4506 7353 8405 4492  
43690 66312 79995 41368  27093 29514 45731 28543  10303 14648 20243 9848  3098 6860 7243 2666  
20610 23130 33096 21469  18716 27224 35453 17659  12714 16462 22479 12666  9752 13246 17937 9526  
62689 98192 128176 55031  17698 21905 27182 19640  5338 4559 6670 6951  2009 1070 2054 3189  
52357 45849 76523 57517  21105 34933 43071 18411  10697 27924 29795 7274  3266 9261 10147 2037  
49682 82116 102254 43220  21287 26915 37508 21451  11264 11537 16519 13130  4061 4084 5929 4936  
71252 103490 133282 67182  14407 17798 25433 15639  2024 2948 3815 2213  819 1983 2267 653  
76369 108692 148337 70266  9421 10684 11169 13372  2067 6027 4454 1570  655 945 1140 545  
53431 80295 101154 49815  19031 22381 31326 20384  10362 16038 21839 9474  3722 5495 7449 3693  
6843 7324 10785 7218  7496 9810 13361 7358  6681 7689 11290 6813  5907 7063 10070 5988  
41999 53407 76069 40828  21846 27005 37948 22133  10028 19401 22184 8634  6901 12249 13520 6542  
25065 29288 42989 25274  17526 22396 32271 16958  12531 20507 24544 11580  9158 14017 18026 8570  
74592 90432 128943 74691  11290 28537 28714 8870  2414 5916 6364 1973  321 1822 1246 214  
44945 57590 84284 42613  24590 31354 42262 25310  10017 21189 21384 8882  5158 8051 9411 5243  
16697 19099 28780 16813  13610 17804 24925 13179  10715 12571 18746 10764  9017 11949 16354 8848  
83815 105218 147669 82869  4477 19617 16381 2649  453 1557 1444 332  19 449 181 3  
24149 34079 46105 22534  15421 26030 31386 13634  13848 15016 22661 14665  8618 14431 16990 7937  
40612 42524 67168 41952  22146 36253 43671 20292  11549 17733 23508 10600  6188 9854 11684 5969  
57176 93605 117276 49919  19777 24493 32829 20650  8788 6016 11247 11527  1922 2153 2926 2280  
25612 36782 45628 24782  22632 29347 40554 22380  10987 17977 21193 10353  8700 11214 15314 8896  
42386 53416 75562 41623  21056 31895 41381 19592  10474 18940 20900 9649  6051 9250 11012 6088  
55137 99318 120516 45069  26248 21461 35768 31017  4839 4389 6384 6155  1715 1017 1857 2619  
59223 80537 113905 54992  20861 30121 35910 22066  5969 10995 10875 6122  1641 2715 2781 1798  
64898 89659 122780 60988  15178 23992 28440 15342  5150 5976 7735 6219  2472 4458 4418 2464  
51866 60211 85667 53230  22055 29524 41230 21219  8129 18714 19622 6553  3458 9469 9350 2601  
61561 68198 108050 61314  16975 28939 33923 16223  7075 18160 15708 6055  1738 6453 4420 1356  
54760 64221 91898 55764  18498 35401 39450 16237  8962 15074 18786 8234  3199 3241 5674 3265  
60004 58975 94056 63739  21333 37420 47869 17278  5574 19134 16530 3759  1350 6725 4812 826  
35148 35976 54828 37305  24844 33322 46419 23706  11866 18541 23134 11051  7773 16474 18171 6436  
67247 107873 134354 60048  14931 14357 21585 17499  5298 4020 8198 6367  801 667 1097 1132  
49991 82527 102594 43594  23498 27357 39621 24592  9653 10881 14982 10947  3073 4005 4983 3433  
13188 17915 22923 13009  12422 17817 22764 11936  11137 12197 18525 11541  7627 11435 14060 7345  
32557 34274 54208 33509  19661 27468 35506 19095  13116 19734 24935 12454  8925 15772 18943 7934  
74292 95413 131422 73157  12361 25183 29012 10679  1508 4836 3740 1424  439 1431 1199 422  
32428 46745 60961 30510  18936 28480 37530 17335  13943 17795 24724 14110  8109 12396 14958 7968  
62537 95190 122478 56948  18973 23230 31803 20341  5069 5089 7661 6172  1414 2573 2548 1456  
70147 106267 134631 64802  14928 16173 25564 16331  2701 3456 4008 3368  789 1030 1248 1087  
16388 17741 27321 16840  12818 14077 21236 13203  10756 12445 18499 10847  8757 11724 15798 8557  
23859 32257 42843 23196  15854 25844 31320 14407  13280 14236 21908 13954  9183 11586 16001 9316  
14919 21809 27600 14148  11964 13189 19311 12529  11275 13925 19745 11284  8980 12206 16316 8786  
13623 21848 28187 11822  12153 18320 24023 11049  11346 13746 20012 11387  9223 13569 17264 8820  
67588 85985 121943 65857  15587 29907 32572 14388  4218 6939 7851 4405  961 2738 2240 855  
41906 55910 76150 40534  21592 30288 41096 20607  11383 18622 21930 10866  6018 10396 12098 5687  
55702 62326 97261 55657  22041 36842 43054 20661  6488 15349 15075 5597  2503 5406 5275 2353  
8105 10956 15225 7674  7009 10226 13650 6458  6857 8944 12146 6776  6085 7324 10844 6041  
22293 35168 44862 19834  18301 25064 33174 17833  12597 18598 23608 12042  9631 13166 17818 9427  
70466 96432 126880 68305  15517 24951 33184 14420  2278 3578 4122 2721  404 1761 1250 327  
16420 23172 30601 15571  12914 14116 21218 13423  9411 12545 16380 9378  9097 14286 17987 8369  
7145 7772 11431 7480  7755 9726 13785 7644  6608 7670 11170 6735  5407 7307 9521 5340  
41307 57883 76907 39210  21807 28476 40184 21351  11841 17992 21969 11627  6448 8804 11763 6574  
66814 93279 129685 61544  18573 26219 29547 20825  2384 4191 4139 2717  654 2033 1462 573  
30145 47288 58754 27464  21990 28139 39879 21621  10952 18548 22670 9709  9690 11149 15947 10410  
49152 70347 92969 46097  22058 26698 38759 22542  9734 12576 16898 10136  4373 8488 9197 4041  
70873 71564 113948 74352  15008 37627 41064 9801  2443 12078 8348 1505  360 3993 1862 168  
62332 98610 127986 54490  17989 22065 27607 19840  6899 4556 7809 9732  1219 1387 1775 1462  
36917 35838 57405 39381  24744 37491 48914 22647  12592 21605 25791 11395  6793 13585 15051 5901  
64521 88368 121950 60702  17727 26940 31859 18296  4954 7741 8529 5340  1155 2545 2366 1174  
6828 8836 11653 6834  5475 8071 9791 5292  5851 7335 9898 5937  6480 8029 11384 6465  
13386 18065 23248 13224  12771 14537 21175 13165  11015 12358 18563 11282  8618 12376 15906 8316  
7676 11566 14589 7148  7166 10279 13280 6827  5495 6944 9232 5588  5788 9026 11667 5194  
16466 19685 29293 16235  12653 16056 23327 12229  10741 16103 20780 10022  8719 13860 17068 8077  
33910 39652 55228 34972  19164 28241 34958 18615  14196 22599 28367 13170  7641 14519 16841 6681  
30862 39894 53839 30582  20687 23969 35294 21089  14208 21502 28293 13121  8270 14771 17139 7494  
53687 74615 103312 49797  22559 31238 39585 23200  6946 12671 13396 6844  3212 3814 4953 3756  
50281 61240 89511 49512  21043 36483 42601 19188  9842 13296 17453 10121  4292 7606 8490 4126  
59304 95815 118475 52921  18875 23052 32731 19424  6574 5767 9219 8066  2891 1795 3840 3872  
58507 74502 103594 57626  19671 32378 39403 18317  5367 9947 10745 5154  3377 6566 7965 2947  
22073 25278 39707 21611  16999 25983 33466 15621  12802 18341 24130 12293  9181 11093 15978 9432  
23952 24456 38911 24999  17688 21823 30881 17621  13463 19920 26165 12559  9297 15405 18420 8578  
66866 90665 122531 64258  15743 23572 29190 15878  4223 9494 9897 3773  1364 2483 3064 1308  
75139 89248 129386 75498  9589 22708 22893 7720  3446 9820 10502 2333  501 4223 2522 254  
70225 79749 113759 72790  11649 28388 29834 9148  5001 11052 14023 3150  1139 1956 3434 562  
50213 77997 95728 46408  24290 30919 43892 24451  7691 8902 12753 8510  3690 5616 7534 3601  
24134 28289 42894 23820  18416 25903 34180 17676  10958 13361 20083 10774  10042 14712 18621 9766  
79325 118819 152341 73342  7483 6126 9650 10291  1634 2184 3465 1663  235 38 190 455  
29647 46499 57406 27115  19736 29789 39042 18026  12436 18906 23977 11652  9440 11627 16062 9890  
18887 32749 40654 15726  18229 26288 34341 17223  13323 18740 24705 12851  9423 13597 17503 9111  
34891 56478 71956 30352  22635 32670 42059 21713  13566 17486 23424 13976  6962 7976 11592 7558  
7105 11740 14180 6336  6818 10847 13498 6150  5935 9530 11620 5398  5724 8873 11134 5263  
59715 59763 93929 63277  22208 44061 51886 17606  4972 14157 13307 3773  1257 4261 3796 892  
6512 5503 9415 7202  7469 8196 12510 7654  5928 6270 9458 6216  5280 6492 8874 5356  
45922 60679 78632 45736  24197 24702 40281 25405  7774 18642 18506 6362  5656 10002 12875 4774  
41944 55788 76121 40607  20423 21743 33352 21496  12113 18482 23451 11435  6784 12325 14707 5995  
22323 32498 41175 21211  17680 23512 31614 17412  13319 17472 23941 13193  10122 12999 18567 9976  
83845 111128 151765 81304  4508 13821 12508 4210  317 1881 1141 261  87 287 292 72  
7631 11747 14710 7022  7595 9537 13346 7552  5542 8731 10506 5163  6375 8202 11685 6195  
62084 70571 100264 64421  20765 36097 45897 17813  3889 13668 12416 2459  1428 4648 4822 848  
64150 65716 100424 67992  16322 34271 38206 12958  6500 15194 18488 4180  1054 5179 4227 487  
15231 23350 29241 14054  11608 17292 21500 11028  9723 15631 20052 8539  9879 12367 17450 9922  
21988 24290 39004 21752  19091 26216 34915 18510  12574 16696 23224 12258  9610 13925 18003 9315  
8048 11794 15293 7520  7442 10343 14033 7034  6108 9767 12276 5465  5930 8314 10780 5752  
77816 95528 132878 78292  8478 23969 24526 6140  1656 3405 4505 1107  752 3160 3311 302  
58403 67977 99942 58958  20161 34314 42130 18017  5859 11952 12218 5317  2737 6586 6541 2368  
22497 35843 44466 20268  16070 25518 31552 14634  10680 15211 18967 10539  9012 13956 18150 8146  
31533 41542 59115 29892  21413 29091 39126 20931  13608 18307 24245 13660  7083 9562 13151 7039  
34546 40685 56627 35514  18157 29623 34659 17062  12435 20280 24520 11677  7773 12637 15609 7319  
57972 82893 114050 52780  23069 29021 36991 25360  4527 9324 8969 4482  2219 4009 3948 2271  
66875 83600 117466 66255  15304 32822 35457 12883  4284 4484 6801 4858  1650 4561 4507 1264  
16568 23125 30847 15739  11429 19319 23623 9956  10523 13140 19243 10282  9116 11236 16230 9129  
76162 97268 136184 74591  10305 24425 24232 9019  1839 4422 4265 1771  294 828 721 298  
30578 30810 48549 32266  20683 23885 35868 20676  13990 21193 28056 12752  8481 14692 17243 7681  
14181 16097 25617 13852  13798 19567 25996 13075  10545 14263 19733 10128  9496 12830 17178 9353  
21933 33175 43889 19653  18202 21362 31760 18369  13501 19533 25136 13024  9459 13027 17342 9340  
22834 25845 40558 22561  18643 23004 32510 18684  13124 16480 23057 13136  9692 15368 19015 9048  
33964 48401 60856 32818  24012 27377 40757 24757  11100 11951 18224 11640  7800 16294 17995 6532  
17572 27912 32719 16375  19339 24533 34210 19232  12874 18934 24194 12317  8931 11904 15764 9006  
58284 78498 108208 55571  18656 31810 36601 17614  5855 9832 11690 5648  3947 4004 5734 4790  
43068 68385 87745 37902  21816 32245 40628 20911  12077 12533 19022 13528  5537 5721 8399 6503  
39518 45719 70185 39026  22550 35088 43739 21155  12582 20488 23870 12077  5353 7482 10044 5386  
24594 34699 45774 23338  17743 23707 31869 17428  12303 17594 23929 11520  9603 12830 17594 9490  
12179 22049 26692 9936  11471 18597 23473 10046  11153 16218 20856 10590  9406 11647 16793 9394  
29626 47123 59745 26291  18526 27074 36098 17145  14849 19442 25794 15119  9536 12053 16147 9998  
24948 28368 42382 25321  16208 23747 29832 15525  11566 12612 18899 12072  10142 16335 20891 9128  
15510 18346 27943 15168  13607 18650 25367 13010  11241 13732 19452 11343  8410 13678 16909 7640  
65015 85352 120754 62045  15735 23572 28824 16246  4812 9447 9226 4888  1780 5796 4182 1426  
62357 68079 101930 64617  16219 21954 31054 14911  7758 24344 23623 4901  1743 6320 5725 1103  
15683 23643 30668 14320  12564 18959 24624 11506  10598 14613 18963 10415  6873 12055 14706 5829  
66189 76410 115566 66082  16580 33427 34878 14674  4146 12638 11218 3322  1278 3044 2837 1244  
76253 93702 134644 75408  10001 27500 25186 8077  2017 4256 4429 1955  381 1304 1230 304  
13221 17545 22724 13151  10686 15307 19049 10415  11628 13218 19755 11888  8073 9530 13449 8327  
46473 57850 79753 46589  19864 27174 35659 19673  9919 12983 18112 9790  7169 13734 17321 5756  
43961 71667 87954 39143  24792 30370 43450 25197  10431 13059 18515 10793  4897 6051 8279 5367  
65437 105190 125255 59993  18482 16595 30147 21186  2184 2652 4143 2470  1553 1183 2865 1531  
25192 30829 43989 25084  18173 24743 33496 17535  12890 16648 23203 12744  8401 15516 17774 7374  
32758 36539 56465 32999  21134 32082 40313 19883  12868 21093 25725 11860  7745 13224 15725 7151  
79210 118096 151193 73555  7190 6625 10062 9583  2241 1988 4028 2616  89 426 372 70  
7173 11133 14530 6363  7090 8927 13053 6846  7055 9440 12813 6863  5321 8495 10823 4740  
21988 35135 44550 19432  17072 24744 32800 15932  11947 18126 23150 11103  10419 12472 17790 10835  
