# NumberOfHospitals NumberOfScenarios TimeHorizon
4 100 4
# DemandeScenario_0_Hospital_0_Period_0 DemandeScenario_0_Hospital_1_Period_0 ... DemandeScenario_0_Hospital_0_Period_1 DemandeScenario_0_Hospital_1_Period_1 ...
# DemandeScenario_1_Hospital_0_Period_0 DemandeScenario_1_Hospital_1_Period_0 ... DemandeScenario_1_Hospital_0_Period_1 DemandeScenario_1_Hospital_1_Period_1 ...
# ...
# ...
# ...
47959 62735 89362 45674  20036 31745 39177 18916  9709 14966 17874 9798  5573 6868 8888 6218  
25265 33606 46293 24320  14853 25836 31110 12832  11957 19015 23429 10998  9928 13502 17882 9872  
50240 57773 86155 50694  20805 26780 37410 20464  9686 17203 20339 8585  4442 14002 12328 3263  
67628 88217 122867 65516  13856 26385 29785 12634  4817 8759 9014 4943  1815 2217 2744 2143  
7115 11768 14220 6335  6257 9129 11379 6009  6020 9584 12312 5307  5429 7725 9774 5283  
74981 103707 134557 72700  10617 13504 20356 11437  2861 7970 9268 1579  197 689 763 102  
16943 21233 30247 16638  12500 18504 23319 11848  11214 13421 19574 11279  8229 13636 16876 7344  
80854 117638 152983 75693  6548 8593 10939 8134  1235 801 1590 1879  93 104 188 104  
54686 82045 101030 51658  19697 23780 33630 20978  9803 13672 20129 9265  3276 5272 7655 2842  
58503 80101 108184 55870  19487 28577 35926 19341  6846 11840 14098 6531  2376 3257 4388 2556  
65622 67021 103193 69444  13160 32983 32545 10018  7454 16511 20058 5138  2018 7453 7473 1031  
70067 84369 116237 71504  12140 20768 26489 11002  4566 9303 12708 2717  1430 10174 7514 436  
50050 82458 99830 44593  23667 24581 37489 25968  9203 13202 18332 8779  3271 4487 6125 3376  
43298 51374 71780 44278  26006 36645 50523 24388  7862 17093 17226 6862  5967 7728 11404 5845  
7559 11345 14966 6843  6406 10801 13141 5596  7118 8987 12621 7058  6007 7471 10920 5881  
78835 83782 128291 82009  9383 32339 32405 3774  521 9254 4582 69  21 1495 402 4  
24472 26031 41039 25087  18016 21961 31677 17924  13017 21464 26092 11852  9256 15784 18657 8451  
15939 23351 30820 14702  12169 18945 23344 11264  9906 15925 19713 8957  9421 11958 16493 9500  
43572 46832 69624 45636  23756 32017 44202 22745  9971 19153 21527 8672  5757 10876 13157 4833  
40896 60982 73281 39216  25728 35427 47466 25480  10986 12380 18949 11666  4393 7112 9044 4168  
6479 8545 11069 6473  6242 8189 10731 6236  7067 9089 12618 6961  5856 9122 11349 5415  
47059 52152 77443 48572  20000 26685 35930 19540  11850 23767 27075 9897  5660 12432 14026 4528  
33346 42287 58868 32912  20221 22889 34404 20661  10428 18216 20467 9600  9246 13445 17850 8826  
56697 77992 107172 53329  21260 28395 36605 22056  7086 11766 13810 6993  2270 4298 4631 2238  
7249 8996 13509 6916  7092 8039 12479 7079  6776 10138 13030 6306  5515 7101 10308 5297  
38324 59916 75557 34651  24027 28369 41283 24686  10929 16255 21284 10414  7234 9767 12671 7538  
31546 47527 60677 29122  20605 27760 38549 19793  12638 19421 24088 12028  7628 11619 14091 7463  
56497 77058 106609 53228  19125 32454 37177 18153  8403 10797 13976 9194  2927 4371 5007 3170  
15210 18402 25689 15409  13022 17853 23573 12652  9887 13320 17506 9772  7668 13311 15523 6880  
37527 42263 66741 37045  22443 30835 41549 21870  12735 24090 26096 11560  6276 10119 11988 6180  
22989 29648 40006 22818  18140 21721 31414 18274  12640 19831 24597 11765  8523 13526 16430 8046  
21304 34221 41501 19351  19289 23875 34236 19182  12703 19151 24306 11980  9345 13743 17633 8988  
7348 10876 14586 6642  7538 10222 14028 7202  6311 7886 11591 6122  5177 8773 10743 4511  
67075 90988 123760 64184  13978 26737 28854 12954  5412 6917 9483 5907  1568 1540 2490 1925  
78733 115850 148322 73815  6468 6945 9860 8417  3001 3651 6214 3097  459 532 1023 452  
66811 78571 114724 67279  15547 26180 33721 13572  4794 13161 11747 3925  1195 6666 4135 791  
42118 53172 74617 41508  20617 34654 42111 18515  11126 11926 17826 12017  6659 10584 13686 6155  
32875 27877 47698 36278  24856 36991 47793 23099  12918 17388 24352 12220  6491 11346 13418 5759  
73914 90913 128084 73832  10674 28326 27609 8380  3574 5708 8099 3186  498 1517 1520 396  
7075 11873 14555 6157  7112 10610 13878 6525  6334 8970 12219 5891  6009 8907 11525 5609  
8215 11192 14967 7929  7538 10506 14076 7172  6836 9531 12757 6523  6086 8681 11576 5742  
81434 87095 137451 83135  6821 28004 23526 2686  444 6875 3443 33  42 2604 873 0  
75088 103354 139401 71494  11505 18841 21657 12086  1741 3065 3323 1935  331 1091 931 290  
42462 41636 65449 45422  25325 37252 49393 23363  10805 18552 22738 9523  5307 14545 14052 4002  
24491 35237 46488 22912  14838 23265 28020 13893  13710 14273 22765 14394  9647 12793 18139 9351  
22951 33876 42961 21594  16221 21430 28384 16167  11831 17333 21907 11423  8963 15301 18761 7905  
42969 41575 66171 46021  25144 43548 52476 22077  10511 14796 20244 9938  4354 8652 9565 3755  
45705 68112 85990 42813  23577 27558 40237 24480  9566 12387 16979 9791  4594 6934 8952 4457  
22166 29835 39113 21747  15805 25970 31295 14328  14543 17848 26072 14477  8904 10320 14795 9330  
23773 24060 38388 24897  18493 24506 34148 17800  12799 16202 22788 12663  8100 11126 14407 7957  
8326 10003 14388 8354  6223 6463 9734 6605  6760 8058 12138 6650  5435 5557 8602 5748  
16491 22745 30971 15587  13739 17242 24523 13566  11104 14394 20061 10914  7510 13592 15695 6545  
58027 76742 107325 55518  20241 28978 36188 20430  6069 13947 13616 5352  2234 4517 4932 2062  
28115 44680 57605 24626  22914 29236 40043 23056  12646 19224 24339 11961  8145 9087 13776 8672  
43178 66324 81762 40126  25079 31588 44732 25254  9611 15961 19566 8927  5582 5423 8872 6349  
37329 56066 70243 34929  22129 32291 41825 21109  12543 13804 20587 13492  6526 10651 13049 6172  
27812 44086 53393 25526  20606 27474 36708 20415  11330 15421 19858 11465  10279 14244 19590 9956  
81526 97005 139117 82272  6859 23199 23349 3491  244 4510 2037 58  132 2103 1176 30  
67047 84490 118320 66216  15617 25520 32994 14202  4498 12281 10679 3959  1120 3404 2669 1033  
13052 22150 27699 11037  12322 18402 24232 11242  10290 16184 20028 9435  9228 13140 17103 8887  
26610 43858 55789 22783  18443 28642 36542 16716  14956 17864 25528 15526  9590 12885 16757 9806  
24789 35270 43696 24130  22901 29560 40991 22664  12284 18841 23266 11768  9215 13121 17308 9014  
14115 14005 21825 15079  10757 15259 19069 10501  9261 13773 16950 8912  9158 11110 15836 9245  
36934 49995 65350 36152  24171 35086 46733 22731  11528 12902 19080 12236  6070 11793 12958 5445  
19438 25174 32891 19508  16302 16910 25901 17251  14426 20013 26957 13834  9432 16673 19541 8424  
57274 95185 115519 50577  22956 23194 37141 25002  5815 6210 8902 6857  1844 1751 2954 2232  
63329 82637 111595 62386  15755 26325 31427 15000  4810 9577 10646 4426  2641 3219 5215 2563  
43456 65390 79093 41323  24904 30040 43032 25841  11262 19857 25093 9813  4392 3893 6991 4955  
61301 83697 117237 57169  20633 27114 34034 22370  4628 11999 10300 4084  1626 2559 2821 1744  
7365 9132 12496 7431  7445 10275 13626 7173  6668 7825 11327 6785  5335 8144 10006 5037  
6487 11221 13844 5452  7261 10762 14027 6713  5974 9689 12103 5299  5714 8334 11115 5286  
41806 45176 66345 43883  23652 40058 48173 21309  12652 21457 26851 11299  5606 9031 11653 5197  
7675 11118 14211 7290  7551 10577 14179 7147  6655 9805 12706 6228  5680 8644 10805 5321  
57630 92385 112536 52266  23241 22569 37200 25790  4658 7181 8905 4722  1537 2582 3146 1553  
23176 34385 45462 21126  14974 24484 30660 13195  13409 14603 22520 14036  8684 14836 17264 7906  
7769 8492 12696 8055  7626 10639 14296 7236  5819 5704 9006 6236  6413 8111 11535 6299  
14616 21826 29130 13153  11622 19441 23749 10203  10169 16073 19866 9309  9250 12967 16878 9014  
58444 83045 103761 56721  20101 25361 36337 20978  7116 11770 16362 6075  2092 3839 5493 1543  
62278 87334 109005 60927  22188 26809 42140 22626  2919 6013 8085 1793  1054 4193 4369 415  
25587 34393 44002 25381  18303 28969 34999 17132  14916 21416 28244 14332  10286 15317 20376 9657  
29846 45843 59667 26739  19958 30040 38322 18648  14279 18540 24681 14594  9050 11273 15755 9388  
73130 105367 139574 68125  13260 15185 20656 15613  1828 4600 4174 1674  447 1580 1092 349  
31681 47673 61371 29114  21369 25904 37766 21442  11511 17924 22885 10674  9093 11451 15322 9542  
40343 57168 77040 37611  21906 29456 38414 22000  12237 18539 23350 11830  6669 8265 11486 7052  
50690 60781 88584 50500  21386 29103 39350 20871  9040 14289 17853 8449  3819 9338 8880 3175  
41250 53780 76039 39583  18131 32343 38109 15852  13661 14711 21684 14942  7459 10859 13507 7509  
78706 104733 139845 77049  9565 20605 24863 8003  427 1352 809 738  39 255 100 41  
29907 47791 59953 26658  20279 25910 37207 19782  12413 19091 22899 11962  8515 12451 15495 8442  
13053 22025 27664 11055  13874 18046 25321 13484  9495 15462 19266 8445  7535 12311 15298 6708  
45538 47199 72707 47849  19834 28887 36707 18900  11876 17093 23908 10756  5543 10932 12911 4506  
28950 45905 56130 26414  20751 26825 36416 20790  11361 15668 20079 11427  10221 12763 18509 10286  
23014 26638 41191 22609  18014 24688 33584 17290  13144 15767 22684 13373  9017 12761 16971 8728  
32298 39446 55535 32413  20319 23388 34756 20644  13070 20247 25346 12247  8278 16156 18185 7154  
28073 44059 53639 25881  18946 27827 35135 18161  15443 17903 26655 15914  9967 12675 18271 9943  
65435 107156 130879 58241  18906 15587 28663 21813  3394 3336 4781 4420  823 844 1120 1116  
67609 77977 109411 69988  15739 31866 37727 12965  4739 13274 15239 2624  435 1924 1790 200  
81196 104555 149724 77926  6476 20736 14228 6619  714 1217 1101 946  363 543 621 357  
7195 11470 13986 6558  7186 10546 13983 6613  5623 7992 10031 5486  6083 7329 10335 6201  
54488 83708 106207 49746  21247 28264 38054 21428  7261 8927 11883 8011  3536 3759 6093 3928  
28933 47087 57315 25948  21002 26500 36368 21235  11736 18174 22350 11148  8832 13273 17447 8266  
