# NumberOfHospitals NumberOfScenarios TimeHorizon
4 20 4
# DemandeScenario_0_Hospital_0_Period_0 DemandeScenario_0_Hospital_1_Period_0 ... DemandeScenario_0_Hospital_0_Period_1 DemandeScenario_0_Hospital_1_Period_1 ...
# DemandeScenario_1_Hospital_0_Period_0 DemandeScenario_1_Hospital_1_Period_0 ... DemandeScenario_1_Hospital_0_Period_1 DemandeScenario_1_Hospital_1_Period_1 ...
# ...
# ...
# ...
47959 62735 89362 45674  20036 31745 39177 18916  9709 14966 17874 9798  5573 6868 8888 6218  
25265 33606 46293 24320  14853 25836 31110 12832  11957 19015 23429 10998  9928 13502 17882 9872  
50240 57773 86155 50694  20805 26780 37410 20464  9686 17203 20339 8585  4442 14002 12328 3263  
67628 88217 122867 65516  13856 26385 29785 12634  4817 8759 9014 4943  1815 2217 2744 2143  
7115 11768 14220 6335  6257 9129 11379 6009  6020 9584 12312 5307  5429 7725 9774 5283  
74981 103707 134557 72700  10617 13504 20356 11437  2861 7970 9268 1579  197 689 763 102  
16943 21233 30247 16638  12500 18504 23319 11848  11214 13421 19574 11279  8229 13636 16876 7344  
80854 117638 152983 75693  6548 8593 10939 8134  1235 801 1590 1879  93 104 188 104  
54686 82045 101030 51658  19697 23780 33630 20978  9803 13672 20129 9265  3276 5272 7655 2842  
58503 80101 108184 55870  19487 28577 35926 19341  6846 11840 14098 6531  2376 3257 4388 2556  
65622 67021 103193 69444  13160 32983 32545 10018  7454 16511 20058 5138  2018 7453 7473 1031  
70067 84369 116237 71504  12140 20768 26489 11002  4566 9303 12708 2717  1430 10174 7514 436  
50050 82458 99830 44593  23667 24581 37489 25968  9203 13202 18332 8779  3271 4487 6125 3376  
43298 51374 71780 44278  26006 36645 50523 24388  7862 17093 17226 6862  5967 7728 11404 5845  
7559 11345 14966 6843  6406 10801 13141 5596  7118 8987 12621 7058  6007 7471 10920 5881  
78835 83782 128291 82009  9383 32339 32405 3774  521 9254 4582 69  21 1495 402 4  
24472 26031 41039 25087  18016 21961 31677 17924  13017 21464 26092 11852  9256 15784 18657 8451  
15939 23351 30820 14702  12169 18945 23344 11264  9906 15925 19713 8957  9421 11958 16493 9500  
43572 46832 69624 45636  23756 32017 44202 22745  9971 19153 21527 8672  5757 10876 13157 4833  
40896 60982 73281 39216  25728 35427 47466 25480  10986 12380 18949 11666  4393 7112 9044 4168  
