# NumberOfHospitals NumberOfScenarios TimeHorizon
1 50 2
# DemandeScenario_0_Hospital_0_Period_0 DemandeScenario_0_Hospital_1_Period_0 ... DemandeScenario_0_Hospital_0_Period_1 DemandeScenario_0_Hospital_1_Period_1 ...
# DemandeScenario_1_Hospital_0_Period_0 DemandeScenario_1_Hospital_1_Period_0 ... DemandeScenario_1_Hospital_0_Period_1 DemandeScenario_1_Hospital_1_Period_1 ...
# ...
# ...
# ...
110153  69306  
40085  36969  
80093  58226  
85236  54907  
217087  20164  
196975  36453  
65825  47802  
222691  16631  
117846  69430  
200949  31348  
42140  34077  
125314  67438  
70870  54181  
200596  28787  
99651  64881  
184331  50112  
41224  32584  
140891  66923  
76900  51403  
187116  43415  
163693  45339  
41307  36269  
118823  76541  
123245  59798  
136356  64772  
183542  38899  
21251  19893  
198088  39248  
87888  53609  
139126  53011  
201511  34098  
82845  52918  
39356  37812  
138726  62397  
192786  43888  
141494  61116  
22429  17306  
20808  18538  
20438  20145  
41446  37133  
145552  61919  
187133  39247  
59517  51072  
58897  47581  
164520  54892  
36721  38142  
100154  57347  
127445  64194  
92683  61093  
162493  53551  
