# NumberOfHospitals NumberOfScenarios TimeHorizon
1 200 2
# DemandeScenario_0_Hospital_0_Period_0 DemandeScenario_0_Hospital_1_Period_0 ... DemandeScenario_0_Hospital_0_Period_1 DemandeScenario_0_Hospital_1_Period_1 ...
# DemandeScenario_1_Hospital_0_Period_0 DemandeScenario_1_Hospital_1_Period_0 ... DemandeScenario_1_Hospital_0_Period_1 DemandeScenario_1_Hospital_1_Period_1 ...
# ...
# ...
# ...
110153  69306  
40085  36969  
80093  58226  
85236  54907  
217087  20164  
196975  36453  
65825  47802  
222691  16631  
117846  69430  
200949  31348  
42140  34077  
125314  67438  
70870  54181  
200596  28787  
99651  64881  
184331  50112  
41224  32584  
140891  66923  
76900  51403  
187116  43415  
163693  45339  
41307  36269  
118823  76541  
123245  59798  
136356  64772  
183542  38899  
21251  19893  
198088  39248  
87888  53609  
139126  53011  
201511  34098  
82845  52918  
39356  37812  
138726  62397  
192786  43888  
141494  61116  
22429  17306  
20808  18538  
20438  20145  
41446  37133  
145552  61919  
187133  39247  
59517  51072  
58897  47581  
164520  54892  
36721  38142  
100154  57347  
127445  64194  
92683  61093  
162493  53551  
116865  60138  
41436  37095  
162241  58572  
22257  16907  
65252  46470  
80568  54294  
19243  17202  
188124  43911  
190879  40638  
140086  74613  
184703  47517  
37310  31765  
134944  60371  
43150  29965  
59371  37328  
86095  50795  
185285  50502  
124986  65092  
40655  37513  
19561  20147  
163442  56149  
120159  63850  
216561  26342  
81982  55796  
165560  46253  
179326  43740  
65819  47842  
129578  56981  
101343  61687  
39073  37008  
130952  67267  
73501  59978  
100980  65863  
66287  47678  
102054  61677  
60231  47105  
116283  68641  
74509  58783  
127268  64406  
138237  65065  
140340  59063  
96738  67250  
21999  19076  
155113  49552  
103590  56696  
115114  64519  
176168  49332  
215740  23908  
63448  48866  
200521  39892  
61192  40845  
120116  69419  
56561  50320  
41894  36346  
43859  30438  
174449  49737  
225083  17695  
119295  62357  
150543  71979  
20275  18198  
94434  68451  
142954  57488  
192535  47770  
107585  57537  
94624  66579  
144815  61423  
63505  39297  
153115  67265  
158165  49580  
178774  43482  
33172  32393  
129858  67280  
101451  59854  
221013  23491  
174420  36011  
92312  67930  
127226  67110  
87698  52816  
219252  22666  
195396  42328  
125675  72949  
196657  44704  
116046  57100  
19169  14906  
38371  32343  
217348  22084  
197654  44981  
37748  38131  
133415  65069  
105775  63223  
174762  51391  
139818  54489  
178926  44460  
188624  38457  
127900  54237  
106262  55123  
95446  60896  
141941  57114  
160297  60224  
126939  63194  
53800  45142  
102179  64297  
85226  52455  
91418  66918  
126718  54226  
39014  27985  
218852  22256  
63270  43576  
16125  18760  
72096  52224  
137280  60784  
138462  61116  
44825  33755  
200784  39615  
169832  60151  
141436  59466  
111998  55211  
202791  34325  
194508  47016  
83319  57216  
104517  60069  
118615  68870  
190563  37336  
175264  53706  
55105  45709  
90072  64635  
116729  59073  
128205  55643  
63586  44884  
65629  42995  
112067  58960  
60323  47530  
102151  60818  
44494  34353  
111641  60420  
60197  43565  
21232  18186  
99473  58629  
199237  34489  
105727  60480  
137913  69158  
114590  65070  
40476  37493  
154680  51468  
220070  18243  
109194  51850  
143162  65231  
103555  64791  
184133  45194  
128005  58762  
