# NumberOfHospitals NumberOfScenarios TimeHorizon
4 100 2
# DemandeScenario_0_Hospital_0_Period_0 DemandeScenario_0_Hospital_1_Period_0 ... DemandeScenario_0_Hospital_0_Period_1 DemandeScenario_0_Hospital_1_Period_1 ...
# DemandeScenario_1_Hospital_0_Period_0 DemandeScenario_1_Hospital_1_Period_0 ... DemandeScenario_1_Hospital_0_Period_1 DemandeScenario_1_Hospital_1_Period_1 ...
# ...
# ...
# ...
18585 53957 28289 13911  11467 25529 10407 9709  
9775 24688 10924 8046  8074 19124 7938 6655  
2789 7140 3150 2336  2394 6817 3449 1903  
20814 50040 21437 16426  8487 25860 15572 6237  
32701 90447 45900 24109  5058 6647 2458 5941  
6608 14955 5582 5690  4992 9964 2685 4467  
28845 79631 40400 21134  7469 14035 6174 7385  
17684 40115 15264 14982  9644 26904 13943 7078  
16349 33980 10706 14425  10378 28202 13546 7935  
14002 43474 24415 9701  11310 26474 11390 9349  
27812 74927 35870 22227  7713 21376 12366 5512  
18304 44662 19199 14925  8784 19986 7395 7481  
24317 65934 32451 18690  8669 21336 10400 6851  
19514 51723 24410 15621  10684 25545 11289 8752  
3650 9143 4116 2884  3188 8289 3868 2546  
7333 16971 6774 6053  5501 12360 4522 4709  
9747 21240 7367 8515  8277 21168 9742 6432  
31630 70669 26794 26022  5826 22823 15335 4007  
21678 55287 25496 16925  8268 24863 14266 6186  
27062 77094 39349 20838  8706 17823 7595 7748  
7039 15471 5571 6013  5835 14246 6196 4606  
35824 90362 41177 27959  2637 9853 7490 2506  
13286 34653 16532 10019  9548 21770 8727 8130  
26546 79467 42855 19481  9558 17731 5728 8260  
3323 7174 2457 2897  3304 8140 3535 2690  
12640 30290 12340 10722  9528 25401 12478 7415  
3666 8747 3640 3014  2643 7441 3740 2078  
10356 23707 9108 8804  6485 18675 9773 5033  
18673 44665 18099 15892  9770 21847 7822 8173  
15879 32310 9607 14165  10145 26877 12272 7893  
28435 63658 23731 24121  6862 26393 18207 4371  
22073 52416 21039 18804  10895 30409 15956 7999  
19953 50888 23638 15185  8218 25692 15386 5981  
7049 18360 8575 5601  5881 13757 5677 4756  
25858 74076 38689 19064  7704 18802 8739 6409  
15604 36200 13957 13440  9043 21567 8730 7562  
16804 51670 28877 11569  9342 25091 12358 7128  
5704 16142 8124 4466  5481 13639 6032 4547  
36285 82303 31829 30059  2237 16326 12895 568  
24306 52643 18371 20920  7778 21755 9506 5940  
3535 9031 4111 2845  3232 8175 3754 2514  
13256 37208 19085 9842  9005 22197 10227 7126  
18579 54379 28804 13746  10057 25439 12045 8091  
3436 8785 4082 2637  3101 7203 2953 2492  
25055 56073 20944 21188  9019 27424 14902 6509  
36383 89109 38990 28901  2108 10568 8814 1676  
3299 9301 4761 2486  3121 8381 4076 2443  
33938 93827 47334 25518  3583 6231 2031 4008  
18227 42027 16732 14966  8902 21590 8562 7457  
3319 8169 3631 2564  3374 8191 3531 2739  
27498 70705 31348 23001  6041 16312 11363 5120  
27907 87048 48952 19456  7725 11556 956 7405  
10417 25469 11176 8158  8023 20203 9110 6542  
17628 39376 14913 14523  9294 28353 16329 6793  
9319 26366 13707 6723  7841 19699 9203 6178  
21340 49957 20501 17182  8814 27970 16936 6415  
34830 90604 42949 26639  2607 7724 6641 2509  
11088 26654 11266 9031  7027 15025 4917 6131  
3677 9152 4075 2930  3247 7253 2717 2730  
23502 58388 26224 18131  9436 27704 15604 7480  
16427 44695 21339 13308  11115 25736 11059 9399  
6987 18879 9270 5357  5377 14096 6625 4344  
24700 54823 20090 21048  9221 29773 17624 6380  
36552 93286 42863 28853  1429 6708 6591 1148  
24318 66032 32646 18534  9447 20235 8001 8308  
25305 65793 30921 19802  8628 19197 7687 7423  
32672 83863 38915 25555  5082 13153 7113 4503  
35753 79089 29263 29871  2498 18944 17584 693  
15112 32276 10558 13448  9545 26678 13584 7396  
14790 36309 15836 11904  8297 23807 12848 6147  
25878 57907 21085 22444  8660 29549 18886 5746  
18301 48336 22521 14846  8638 21749 10449 7300  
7825 22702 11626 6109  7375 21153 11189 5429  
22016 52114 21641 17865  9340 23712 10700 7557  
5342 16801 9564 3603  5580 15316 7631 4320  
22005 64188 34051 16112  10803 22233 8172 9837  
35722 91155 41517 28655  2633 8947 6861 1864  
3268 9196 4685 2485  3189 7504 3045 2684  
3081 9075 4841 2262  3225 8424 3971 2559  
17957 41300 16140 15079  9756 27649 14580 7290  
21678 63811 34132 15779  9755 21548 8536 8811  
34522 89386 41272 27698  3086 7283 3913 2666  
14198 32015 12323 11665  8794 25690 14008 6564  
24695 65589 31727 18912  9195 22331 10559 7731  
3035 6495 2138 2697  3092 6712 2309 2671  
26907 74913 37185 21133  7654 20226 11181 5722  
25737 62929 27177 20913  6699 21475 12888 5042  
6238 18229 9712 4519  5455 15107 7626 4190  
24113 71834 38696 17601  8096 17806 7149 7382  
10311 25281 11141 8048  7646 18403 8063 6160  
28636 69543 28957 24125  6275 20838 14397 4451  
10714 27911 13209 8280  7377 20328 10307 5699  
30174 84252 42780 22789  6876 12688 4492 6762  
8880 24047 11523 7128  8032 20072 9079 6530  
27528 65204 27338 21834  8085 23493 13423 6606  
30409 90139 48343 22265  6972 9818 1523 6650  
14645 36697 16520 11579  8877 23963 12045 6900  
10819 24254 9188 9007  7924 19876 8941 6303  
3146 8200 3772 2560  2368 6754 3424 1877  
14501 35858 15905 11457  8995 22017 9841 7262  
