# NumberOfHospitals NumberOfScenarios TimeHorizon
4 20 2
# DemandeScenario_0_Hospital_0_Period_0 DemandeScenario_0_Hospital_1_Period_0 ... DemandeScenario_0_Hospital_0_Period_1 DemandeScenario_0_Hospital_1_Period_1 ...
# DemandeScenario_1_Hospital_0_Period_0 DemandeScenario_1_Hospital_1_Period_0 ... DemandeScenario_1_Hospital_0_Period_1 DemandeScenario_1_Hospital_1_Period_1 ...
# ...
# ...
# ...
18585 53957 28289 13911  11467 25529 10407 9709  
9775 24688 10924 8046  8074 19124 7938 6655  
2789 7140 3150 2336  2394 6817 3449 1903  
20814 50040 21437 16426  8487 25860 15572 6237  
32701 90447 45900 24109  5058 6647 2458 5941  
6608 14955 5582 5690  4992 9964 2685 4467  
28845 79631 40400 21134  7469 14035 6174 7385  
17684 40115 15264 14982  9644 26904 13943 7078  
16349 33980 10706 14425  10378 28202 13546 7935  
14002 43474 24415 9701  11310 26474 11390 9349  
27812 74927 35870 22227  7713 21376 12366 5512  
18304 44662 19199 14925  8784 19986 7395 7481  
24317 65934 32451 18690  8669 21336 10400 6851  
19514 51723 24410 15621  10684 25545 11289 8752  
3650 9143 4116 2884  3188 8289 3868 2546  
7333 16971 6774 6053  5501 12360 4522 4709  
9747 21240 7367 8515  8277 21168 9742 6432  
31630 70669 26794 26022  5826 22823 15335 4007  
21678 55287 25496 16925  8268 24863 14266 6186  
27062 77094 39349 20838  8706 17823 7595 7748  
