# NumberOfHospitals NumberOfScenarios TimeHorizon
4 300 2
# DemandeScenario_0_Hospital_0_Period_0 DemandeScenario_0_Hospital_1_Period_0 ... DemandeScenario_0_Hospital_0_Period_1 DemandeScenario_0_Hospital_1_Period_1 ...
# DemandeScenario_1_Hospital_0_Period_0 DemandeScenario_1_Hospital_1_Period_0 ... DemandeScenario_1_Hospital_0_Period_1 DemandeScenario_1_Hospital_1_Period_1 ...
# ...
# ...
# ...
18585 53957 28289 13911  11467 25529 10407 9709  
9775 24688 10924 8046  8074 19124 7938 6655  
2789 7140 3150 2336  2394 6817 3449 1903  
20814 50040 21437 16426  8487 25860 15572 6237  
32701 90447 45900 24109  5058 6647 2458 5941  
6608 14955 5582 5690  4992 9964 2685 4467  
28845 79631 40400 21134  7469 14035 6174 7385  
17684 40115 15264 14982  9644 26904 13943 7078  
16349 33980 10706 14425  10378 28202 13546 7935  
14002 43474 24415 9701  11310 26474 11390 9349  
27812 74927 35870 22227  7713 21376 12366 5512  
18304 44662 19199 14925  8784 19986 7395 7481  
24317 65934 32451 18690  8669 21336 10400 6851  
19514 51723 24410 15621  10684 25545 11289 8752  
3650 9143 4116 2884  3188 8289 3868 2546  
7333 16971 6774 6053  5501 12360 4522 4709  
9747 21240 7367 8515  8277 21168 9742 6432  
31630 70669 26794 26022  5826 22823 15335 4007  
21678 55287 25496 16925  8268 24863 14266 6186  
27062 77094 39349 20838  8706 17823 7595 7748  
7039 15471 5571 6013  5835 14246 6196 4606  
35824 90362 41177 27959  2637 9853 7490 2506  
13286 34653 16532 10019  9548 21770 8727 8130  
26546 79467 42855 19481  9558 17731 5728 8260  
3323 7174 2457 2897  3304 8140 3535 2690  
12640 30290 12340 10722  9528 25401 12478 7415  
3666 8747 3640 3014  2643 7441 3740 2078  
10356 23707 9108 8804  6485 18675 9773 5033  
18673 44665 18099 15892  9770 21847 7822 8173  
15879 32310 9607 14165  10145 26877 12272 7893  
28435 63658 23731 24121  6862 26393 18207 4371  
22073 52416 21039 18804  10895 30409 15956 7999  
19953 50888 23638 15185  8218 25692 15386 5981  
7049 18360 8575 5601  5881 13757 5677 4756  
25858 74076 38689 19064  7704 18802 8739 6409  
15604 36200 13957 13440  9043 21567 8730 7562  
16804 51670 28877 11569  9342 25091 12358 7128  
5704 16142 8124 4466  5481 13639 6032 4547  
36285 82303 31829 30059  2237 16326 12895 568  
24306 52643 18371 20920  7778 21755 9506 5940  
3535 9031 4111 2845  3232 8175 3754 2514  
13256 37208 19085 9842  9005 22197 10227 7126  
18579 54379 28804 13746  10057 25439 12045 8091  
3436 8785 4082 2637  3101 7203 2953 2492  
25055 56073 20944 21188  9019 27424 14902 6509  
36383 89109 38990 28901  2108 10568 8814 1676  
3299 9301 4761 2486  3121 8381 4076 2443  
33938 93827 47334 25518  3583 6231 2031 4008  
18227 42027 16732 14966  8902 21590 8562 7457  
3319 8169 3631 2564  3374 8191 3531 2739  
27498 70705 31348 23001  6041 16312 11363 5120  
27907 87048 48952 19456  7725 11556 956 7405  
10417 25469 11176 8158  8023 20203 9110 6542  
17628 39376 14913 14523  9294 28353 16329 6793  
9319 26366 13707 6723  7841 19699 9203 6178  
21340 49957 20501 17182  8814 27970 16936 6415  
34830 90604 42949 26639  2607 7724 6641 2509  
11088 26654 11266 9031  7027 15025 4917 6131  
3677 9152 4075 2930  3247 7253 2717 2730  
23502 58388 26224 18131  9436 27704 15604 7480  
16427 44695 21339 13308  11115 25736 11059 9399  
6987 18879 9270 5357  5377 14096 6625 4344  
24700 54823 20090 21048  9221 29773 17624 6380  
36552 93286 42863 28853  1429 6708 6591 1148  
24318 66032 32646 18534  9447 20235 8001 8308  
25305 65793 30921 19802  8628 19197 7687 7423  
32672 83863 38915 25555  5082 13153 7113 4503  
35753 79089 29263 29871  2498 18944 17584 693  
15112 32276 10558 13448  9545 26678 13584 7396  
14790 36309 15836 11904  8297 23807 12848 6147  
25878 57907 21085 22444  8660 29549 18886 5746  
18301 48336 22521 14846  8638 21749 10449 7300  
7825 22702 11626 6109  7375 21153 11189 5429  
22016 52114 21641 17865  9340 23712 10700 7557  
5342 16801 9564 3603  5580 15316 7631 4320  
22005 64188 34051 16112  10803 22233 8172 9837  
35722 91155 41517 28655  2633 8947 6861 1864  
3268 9196 4685 2485  3189 7504 3045 2684  
3081 9075 4841 2262  3225 8424 3971 2559  
17957 41300 16140 15079  9756 27649 14580 7290  
21678 63811 34132 15779  9755 21548 8536 8811  
34522 89386 41272 27698  3086 7283 3913 2666  
14198 32015 12323 11665  8794 25690 14008 6564  
24695 65589 31727 18912  9195 22331 10559 7731  
3035 6495 2138 2697  3092 6712 2309 2671  
26907 74913 37185 21133  7654 20226 11181 5722  
25737 62929 27177 20913  6699 21475 12888 5042  
6238 18229 9712 4519  5455 15107 7626 4190  
24113 71834 38696 17601  8096 17806 7149 7382  
10311 25281 11141 8048  7646 18403 8063 6160  
28636 69543 28957 24125  6275 20838 14397 4451  
10714 27911 13209 8280  7377 20328 10307 5699  
30174 84252 42780 22789  6876 12688 4492 6762  
8880 24047 11523 7128  8032 20072 9079 6530  
27528 65204 27338 21834  8085 23493 13423 6606  
30409 90139 48343 22265  6972 9818 1523 6650  
14645 36697 16520 11579  8877 23963 12045 6900  
10819 24254 9188 9007  7924 19876 8941 6303  
3146 8200 3772 2560  2368 6754 3424 1877  
14501 35858 15905 11457  8995 22017 9841 7262  
13042 35292 17535 9662  8716 22732 11275 6758  
29931 82864 40856 23606  5993 14685 8551 4718  
24428 52134 17769 20977  9126 26164 12474 6617  
6213 17841 9236 4707  5186 14755 7743 3755  
29646 78493 38092 22179  7077 15930 8338 6779  
10209 22341 7898 8821  7479 21373 11211 5673  
22182 53533 22752 18041  8209 23562 12309 6463  
12472 36176 18969 9321  9336 22181 9459 7874  
32463 75373 29938 27142  4325 19053 14451 2526  
28366 66707 26920 23736  7669 24767 14918 5274  
27138 65148 26922 22733  7722 21751 11407 5817  
36543 84108 33148 30380  1957 15597 14072 252  
17106 47003 23464 13050  9343 22122 9354 8019  
14242 35239 15357 11642  8662 24187 12554 6626  
28258 61692 21992 24113  7768 25349 13813 5142  
15566 45610 24250 11429  8467 22375 10749 6940  
9492 27569 14583 6944  7852 20376 9658 6256  
31968 84967 40982 24716  5681 12757 6077 5217  
27560 79205 40400 21451  7979 18621 9266 6170  
36499 89337 38547 29753  2026 9286 6636 849  
2859 8093 4077 2236  3054 8407 4205 2356  
20688 45152 15939 17824  9691 26243 12510 7061  
10589 23209 8324 9038  7766 19213 8257 6327  
29041 68508 27938 24097  6732 23764 16052 4330  
32874 90615 45820 24295  4695 9764 3907 4830  
6910 18794 9321 5240  5431 14443 6916 4342  
35950 92865 43088 28507  2168 7453 6576 1640  
17491 41838 17773 13870  10005 27095 13651 7927  
2699 8545 4870 1845  3233 8400 3995 2487  
22170 53301 22605 17948  8237 25772 15556 5883  
27704 81816 43942 20045  8737 15774 5001 8156  
14396 32820 12852 11820  8768 23711 11461 6989  
16171 37292 14319 13882  9311 27069 14704 7046  
26052 71162 34904 20395  8058 16109 5891 7421  
3064 8984 4760 2275  2726 7851 4076 2078  
17964 52682 27797 13458  8708 20785 9188 7643  
17841 46627 22146 13768  8005 24079 13508 5934  
10080 27492 13734 7527  7749 20532 9980 6114  
23467 59583 27517 17927  9487 26451 14494 7661  
35819 86302 36223 29601  2593 12109 8639 1032  
24267 76495 43568 16472  9986 19151 5602 8994  
14519 37482 17484 11372  9026 20411 7993 7595  
30166 67709 24976 25970  5701 20360 12440 3583  
33809 93810 47485 25395  3673 6302 2291 3858  
36142 81377 31071 30021  2208 15627 12652 601  
18355 39731 13405 16236  9772 26119 12304 7647  
22860 70373 39185 16049  9515 21172 8396 7887  
10324 21837 7272 8935  6537 13699 3904 5761  
32180 76975 32637 25677  5002 19597 14785 3657  
27205 67843 29670 22376  8496 24451 13840 6189  
7132 18732 8943 5504  5473 14224 6610 4436  
25006 68893 33958 19625  8420 21000 10770 6967  
23377 60678 27470 19287  10060 21367 7928 8496  
12845 36484 18203 10215  11773 29932 14235 9215  
33233 89976 43777 26065  4219 7371 3241 4165  
31278 83951 40713 24353  5082 11636 5676 4717  
29976 80691 38982 23606  5057 13365 8039 4284  
15699 45536 23918 11685  10269 23883 10033 8776  
13663 36590 17925 10300  9039 20186 8049 7583  
35331 76733 27125 30132  2878 18372 13864 466  
35832 89060 39117 29166  2202 10985 10531 1047  
17632 43703 19060 14436  9128 26534 14615 6629  
10899 27511 12519 8558  7909 20170 9383 6313  
8218 24372 12863 6237  7762 21212 10702 5855  
17294 47157 23397 13185  10033 24853 11481 8127  
26357 65683 29652 20216  8725 22449 12002 7608  
18981 59550 33808 12904  12437 26475 10226 10849  
29407 83688 43401 21822  7187 13101 4277 7221  
16994 46411 23181 12749  8316 23593 12757 6149  
27107 74700 37328 20748  7650 18136 8504 6653  
28683 78833 38845 22454  8534 17965 7615 7189  
9765 28492 14570 7683  9578 26110 13264 7334  
34457 72948 24337 29807  3593 19709 11778 795  
3509 7581 2649 3005  2700 6498 2621 2307  
25083 64252 28837 20624  8301 19661 9044 6977  
6997 17903 8151 5638  5254 14831 7642 4023  
27663 81776 43950 20018  7313 14853 5231 6522  
26184 73003 36762 20095  6419 18222 10195 4512  
9122 27072 14543 6664  7728 20459 9922 6067  
21099 55518 25705 17187  9636 24949 12782 7808  
30974 79383 35603 25505  5240 15816 11470 3894  
34783 91409 43106 27564  3681 9148 5597 2835  
14425 41766 21134 11443  12133 31638 15792 9463  
31456 70133 26513 25859  5971 21934 12298 4235  
21176 47411 18035 17427  8832 25154 13844 6613  
20257 51598 23915 15479  8356 25106 14805 6171  
29038 74968 34978 22737  6935 19400 10965 5577  
10308 22803 8242 8862  7958 21655 10788 6115  
3337 7992 3413 2615  3161 7740 3420 2490  
22032 62180 32237 15968  10976 24395 10261 9735  
3295 7532 2993 2634  2987 7351 3290 2314  
2377 6657 3233 1933  2826 8232 4350 2121  
28312 71016 30964 23524  6843 23073 16148 4560  
32242 72728 27961 26584  5207 19444 11800 3552  
3621 8678 3623 2988  2776 7877 4026 2147  
13208 35678 17291 10395  7741 23079 12790 5573  
27159 72833 35123 21343  8670 20905 10053 6989  
30331 82878 40288 24086  6034 13436 7646 5209  
20420 44511 15619 17661  10318 27966 13246 7700  
6932 15640 5867 5915  5876 15902 7871 4520  
32954 89290 43427 25888  3591 8545 5680 3148  
16880 41088 17946 13160  10254 25378 11529 8471  
14603 37147 16950 11612  9190 22627 10118 7408  
10104 20981 6670 8836  8100 20302 9008 6373  
36125 83573 33551 29445  2223 16078 15410 1022  
28510 69365 30156 22543  7045 23429 15088 5335  
18175 43593 17664 15511  10842 27356 12559 8610  
3044 8551 4300 2367  2840 8194 4287 2138  
6799 16496 6928 5670  5011 10014 2772 4497  
24100 54285 20955 19608  9531 26642 12894 7652  
27615 75096 37027 21255  7152 18747 10033 5642  
24337 72217 38795 17771  10123 20227 7474 8685  
29476 69269 28347 24144  6412 21019 11958 4746  
7384 18267 8055 5918  5328 15036 7741 4077  
10387 25474 11220 8122  7752 21066 10603 5996  
28797 64125 23865 24229  7135 27617 19172 4534  
10479 23565 9047 8576  7888 21056 10376 6105  
18512 41569 15091 16162  10644 26205 10879 8388  
25102 65841 31211 19631  7468 20656 10878 6081  
31775 75190 30048 27076  6535 23276 15131 3487  
11345 34530 19142 7851  9561 23104 10411 7654  
29241 70609 29885 23971  6635 21891 14123 4467  
16318 42317 19415 13234  9824 27069 14090 7476  
25363 66539 30416 20910  11211 27972 13956 8433  
14323 34042 14289 11473  8227 24404 13620 6046  
20309 52848 25116 15400  8686 25777 14565 6567  
3120 8974 4655 2358  3320 8351 3805 2609  
12816 35889 18107 9860  7299 22017 12285 5047  
11003 27101 11929 8759  7530 19787 9663 5801  
16989 44486 20799 13582  9328 26134 13863 6896  
23530 67393 34517 18123  8314 20955 10727 6854  
22935 64744 33140 17334  10449 23055 9576 8875  
15968 46051 24120 11848  8894 24030 12226 6622  
13512 37549 18993 10205  8486 20279 8523 7268  
36300 87719 37674 28983  1780 8996 8210 1466  
25717 71107 35338 19994  7910 18768 9070 6839  
13195 36634 17845 10614  9903 23138 9885 8498  
34548 82243 33655 28943  3512 14150 9183 1640  
34081 76399 28220 29247  3286 18973 16282 1116  
6758 16687 7186 5596  5717 14893 7003 4566  
35649 93599 44672 27488  2782 6794 4282 2995  
14104 35902 16576 10911  8062 18516 7819 6534  
10703 30089 14908 8514  8946 23827 11810 7116  
5933 14028 5538 5109  5959 14837 6564 4844  
3236 9211 4757 2432  3082 8471 4268 2316  
14808 40311 19445 11839  9226 26316 14187 6967  
16789 40532 17504 13122  10310 27752 13727 8294  
7247 17754 7659 5922  5087 10409 3085 4532  
18233 44338 18945 14916  8797 25655 14230 6351  
20964 47226 18197 17134  9645 24504 10360 7953  
34154 92191 44886 26636  4130 7846 3862 3852  
10564 23508 8834 8723  7991 20972 10051 6259  
17285 45878 21895 13620  9863 22704 9248 8331  
30095 89714 48704 21446  7506 9742 1099 7804  
3675 9200 4130 2920  2988 6430 2182 2613  
19989 53573 26315 14945  10573 26008 11860 8963  
9032 26850 14552 6427  6975 19715 10133 5323  
27295 67638 29326 22506  8646 22935 11240 6296  
24312 65298 31693 18920  7308 18596 8954 6288  
17021 37028 12946 14727  9026 20758 7181 7460  
13945 32182 12934 11243  9026 25643 13569 6883  
21661 63787 34153 15729  10128 23328 9859 8787  
11693 22584 5670 10720  9747 23704 9568 7799  
28535 62667 22838 23961  7448 26051 15213 5128  
24893 59046 24162 20747  7706 21636 10952 6032  
14560 37086 17047 11422  9190 23010 10484 7462  
2932 5605 1366 2691  3018 7443 3169 2512  
20655 66204 38250 13719  12218 25102 8915 10817  
10606 23875 9171 8708  7768 21002 10528 5950  
27316 67716 28875 22952  9121 25257 13980 6585  
21269 48175 18296 18013  9594 24650 10778 7476  
6870 18263 8724 5419  5496 15314 7832 4165  
7320 16876 6700 6042  5402 13381 6027 4182  
14271 32874 12853 12006  8710 25466 13894 6409  
12558 32336 14624 10291  9713 22272 8850 8048  
20009 59988 32240 14837  11411 24203 9462 10113  
12790 36045 18321 9788  7858 22927 12391 5729  
26276 53647 16273 23216  8737 28075 14162 5735  
3590 8000 2974 3028  2766 6342 2364 2400  
13893 35450 16060 11233  8857 22718 10621 7153  
6928 15784 6017 5895  4984 11759 4615 4268  
3009 8931 4836 2138  3292 8384 3831 2651  
28165 61696 21426 24733  6354 23032 15245 4112  
28071 82044 43732 20322  8410 13945 4318 8064  
29003 74082 34202 22678  6625 18887 10106 5512  
13995 37498 18179 10874  8970 23051 10866 7228  
28329 82412 43503 20922  7753 14593 5014 7375  
15550 45454 24068 11494  8583 23937 12310 6596  
26124 70503 33119 21423  9744 23873 13419 7733  
9296 22345 9121 7898  7104 16152 6078 6107  
25509 53079 16631 22634  9595 34689 22396 5952  
2978 8962 4880 2143  2928 8218 4171 2247  
24604 52781 18252 20999  9095 29598 17625 6226  
17985 52441 28041 12745  10987 23868 9853 9443  
7024 17818 8192 5435  5872 15485 7474 4591  
8501 21184 9015 7197  7066 17888 8116 5850  
33048 75757 30244 26376  4622 20854 17549 3564  
29422 76309 35032 23847  6934 18272 10353 5452  
3393 9231 4597 2545  3335 7847 3250 2720  
16294 45647 23439 11980  9713 23472 10816 7822  
