# NumberOfHospitals NumberOfScenarios TimeHorizon
4 50 2
# DemandeScenario_0_Hospital_0_Period_0 DemandeScenario_0_Hospital_1_Period_0 ... DemandeScenario_0_Hospital_0_Period_1 DemandeScenario_0_Hospital_1_Period_1 ...
# DemandeScenario_1_Hospital_0_Period_0 DemandeScenario_1_Hospital_1_Period_0 ... DemandeScenario_1_Hospital_0_Period_1 DemandeScenario_1_Hospital_1_Period_1 ...
# ...
# ...
# ...
18585 53957 28289 13911  11467 25529 10407 9709  
9775 24688 10924 8046  8074 19124 7938 6655  
2789 7140 3150 2336  2394 6817 3449 1903  
20814 50040 21437 16426  8487 25860 15572 6237  
32701 90447 45900 24109  5058 6647 2458 5941  
6608 14955 5582 5690  4992 9964 2685 4467  
28845 79631 40400 21134  7469 14035 6174 7385  
17684 40115 15264 14982  9644 26904 13943 7078  
16349 33980 10706 14425  10378 28202 13546 7935  
14002 43474 24415 9701  11310 26474 11390 9349  
27812 74927 35870 22227  7713 21376 12366 5512  
18304 44662 19199 14925  8784 19986 7395 7481  
24317 65934 32451 18690  8669 21336 10400 6851  
19514 51723 24410 15621  10684 25545 11289 8752  
3650 9143 4116 2884  3188 8289 3868 2546  
7333 16971 6774 6053  5501 12360 4522 4709  
9747 21240 7367 8515  8277 21168 9742 6432  
31630 70669 26794 26022  5826 22823 15335 4007  
21678 55287 25496 16925  8268 24863 14266 6186  
27062 77094 39349 20838  8706 17823 7595 7748  
7039 15471 5571 6013  5835 14246 6196 4606  
35824 90362 41177 27959  2637 9853 7490 2506  
13286 34653 16532 10019  9548 21770 8727 8130  
26546 79467 42855 19481  9558 17731 5728 8260  
3323 7174 2457 2897  3304 8140 3535 2690  
12640 30290 12340 10722  9528 25401 12478 7415  
3666 8747 3640 3014  2643 7441 3740 2078  
10356 23707 9108 8804  6485 18675 9773 5033  
18673 44665 18099 15892  9770 21847 7822 8173  
15879 32310 9607 14165  10145 26877 12272 7893  
28435 63658 23731 24121  6862 26393 18207 4371  
22073 52416 21039 18804  10895 30409 15956 7999  
19953 50888 23638 15185  8218 25692 15386 5981  
7049 18360 8575 5601  5881 13757 5677 4756  
25858 74076 38689 19064  7704 18802 8739 6409  
15604 36200 13957 13440  9043 21567 8730 7562  
16804 51670 28877 11569  9342 25091 12358 7128  
5704 16142 8124 4466  5481 13639 6032 4547  
36285 82303 31829 30059  2237 16326 12895 568  
24306 52643 18371 20920  7778 21755 9506 5940  
3535 9031 4111 2845  3232 8175 3754 2514  
13256 37208 19085 9842  9005 22197 10227 7126  
18579 54379 28804 13746  10057 25439 12045 8091  
3436 8785 4082 2637  3101 7203 2953 2492  
25055 56073 20944 21188  9019 27424 14902 6509  
36383 89109 38990 28901  2108 10568 8814 1676  
3299 9301 4761 2486  3121 8381 4076 2443  
33938 93827 47334 25518  3583 6231 2031 4008  
18227 42027 16732 14966  8902 21590 8562 7457  
3319 8169 3631 2564  3374 8191 3531 2739  
