# NumberOfHospitals NumberOfScenarios TimeHorizon
5 20 2
# DemandeScenario_0_Hospital_0_Period_0 DemandeScenario_0_Hospital_1_Period_0 ... DemandeScenario_0_Hospital_0_Period_1 DemandeScenario_0_Hospital_1_Period_1 ...
# DemandeScenario_1_Hospital_0_Period_0 DemandeScenario_1_Hospital_1_Period_0 ... DemandeScenario_1_Hospital_0_Period_1 DemandeScenario_1_Hospital_1_Period_1 ...
# ...
# ...
# ...
8181 16384 9235 10139 7590  4370 10990 3850 8836 3195  
1476 3240 1301 2522 723  1314 2622 1396 1913 746  
13311 27172 14281 18311 10422  2096 7803 1598 7145 2646  
7562 17256 6454 13141 4592  3494 8165 3797 5421 4344  
1447 2813 1586 1967 907  1353 3103 1147 2425 745  
2761 6615 2303 4685 2400  2304 5220 2234 3595 2118  
6085 15061 4826 10236 6127  4671 10256 4696 8184 2880  
2461 5195 2666 3057 2697  2016 5092 1571 3575 1959  
12271 22504 14592 14500 8745  2945 10954 1477 9127 4078  
8143 14834 9696 9631 5589  4014 10374 3625 7250 4616  
6029 13849 5085 10556 3689  3700 8665 3404 6638 2678  
3276 8653 2152 6008 3339  3415 7940 2842 6307 2022  
7522 16852 7035 11929 5964  3907 8143 4540 6024 2869  
10755 25005 7848 20612 3731  3502 8519 3934 5745 3792  
5784 11216 6416 7701 3840  3358 6510 3852 4576 2291  
5664 13814 4173 10675 3559  3403 8410 2645 6444 2641  
11747 28007 10094 19003 11389  2566 5917 2619 5926 1596  
13319 25929 15541 15624 12413  2431 9990 742 11145 889  
7931 16972 8512 9536 9471  4950 12057 4461 10089 2721  
1449 3121 1477 2087 1271  1141 2851 899 2002 1089  
