# NumberOfHospitals NumberOfScenarios TimeHorizon
5 50 2
# DemandeScenario_0_Hospital_0_Period_0 DemandeScenario_0_Hospital_1_Period_0 ... DemandeScenario_0_Hospital_0_Period_1 DemandeScenario_0_Hospital_1_Period_1 ...
# DemandeScenario_1_Hospital_0_Period_0 DemandeScenario_1_Hospital_1_Period_0 ... DemandeScenario_1_Hospital_0_Period_1 DemandeScenario_1_Hospital_1_Period_1 ...
# ...
# ...
# ...
8181 16384 9235 10139 7590  4370 10990 3850 8836 3195  
1476 3240 1301 2522 723  1314 2622 1396 1913 746  
13311 27172 14281 18311 10422  2096 7803 1598 7145 2646  
7562 17256 6454 13141 4592  3494 8165 3797 5421 4344  
1447 2813 1586 1967 907  1353 3103 1147 2425 745  
2761 6615 2303 4685 2400  2304 5220 2234 3595 2118  
6085 15061 4826 10236 6127  4671 10256 4696 8184 2880  
2461 5195 2666 3057 2697  2016 5092 1571 3575 1959  
12271 22504 14592 14500 8745  2945 10954 1477 9127 4078  
8143 14834 9696 9631 5589  4014 10374 3625 7250 4616  
6029 13849 5085 10556 3689  3700 8665 3404 6638 2678  
3276 8653 2152 6008 3339  3415 7940 2842 6307 2022  
7522 16852 7035 11929 5964  3907 8143 4540 6024 2869  
10755 25005 7848 20612 3731  3502 8519 3934 5745 3792  
5784 11216 6416 7701 3840  3358 6510 3852 4576 2291  
5664 13814 4173 10675 3559  3403 8410 2645 6444 2641  
11747 28007 10094 19003 11389  2566 5917 2619 5926 1596  
13319 25929 15541 15624 12413  2431 9990 742 11145 889  
7931 16972 8512 9536 9471  4950 12057 4461 10089 2721  
1449 3121 1477 2087 1271  1141 2851 899 2002 1089  
6308 15377 5169 10485 6199  4367 9133 5017 6592 3458  
6240 12642 7087 7319 6629  3505 8256 3415 5366 3476  
10074 26806 6299 19159 9529  4901 8103 7910 6681 3204  
2522 5799 2363 3720 2650  2408 5544 2225 3971 2007  
10543 25455 8740 17630 9845  3366 7740 3363 6987 2332  
4435 9254 4267 7019 2249  2968 7386 2165 6002 1529  
15138 32516 15125 22612 11840  608 4061 783 5291 1120  
5929 12625 5515 9682 2964  3847 8807 3839 6498 3127  
5838 11699 6409 7789 4565  3531 7158 3912 5151 2431  
9776 19006 11633 10585 10363  4123 12379 2656 11019 2375  
9934 21613 10013 14283 9094  2578 5424 3358 2845 3062  
6027 13435 5687 9490 4775  3722 7954 3874 6164 2210  
9124 20805 8062 15323 6452  3587 8783 3609 6583 3721  
4336 10289 3609 7485 3406  2535 6641 1713 4940 2311  
9752 23807 7566 17513 7640  3681 8066 4316 6143 3656  
2763 5223 3243 3320 2175  2480 5883 2171 4354 1944  
9349 20559 9392 13142 9339  3547 8581 3574 6484 2946  
14463 30931 14857 20544 12746  1296 5116 1365 6436 514  
8519 18833 8364 12581 7778  4141 8888 4627 7115 2485  
5881 12076 6301 8070 4765  3372 8185 3147 5690 3429  
8603 17623 9346 11465 7427  4029 10387 3546 8212 3374  
7132 13639 7933 9475 4389  3676 7579 3967 5683 2397  
6905 16958 4811 13445 3764  4035 9356 3867 6907 3472  
7243 14821 7084 11269 3427  4002 10465 3394 7880 3826  
2890 6442 2429 5105 1293  2470 5744 2206 4275 1820  
8037 19704 6315 14089 6972  4032 8122 5238 5560 3867  
1447 2846 1614 1901 1082  1299 2554 1409 1830 770  
3891 7872 4399 4693 3931  3483 7902 3202 6163 2142  
2126 4241 2512 2129 2663  2464 5745 2233 4120 2037  
9945 22619 9263 15459 8922  3617 8651 3825 6953 3045  
