# NumberOfHospitals NumberOfScenarios TimeHorizon
5 100 2
# DemandeScenario_0_Hospital_0_Period_0 DemandeScenario_0_Hospital_1_Period_0 ... DemandeScenario_0_Hospital_0_Period_1 DemandeScenario_0_Hospital_1_Period_1 ...
# DemandeScenario_1_Hospital_0_Period_0 DemandeScenario_1_Hospital_1_Period_0 ... DemandeScenario_1_Hospital_0_Period_1 DemandeScenario_1_Hospital_1_Period_1 ...
# ...
# ...
# ...
8181 16384 9235 10139 7590  4370 10990 3850 8836 3195  
1476 3240 1301 2522 723  1314 2622 1396 1913 746  
13311 27172 14281 18311 10422  2096 7803 1598 7145 2646  
7562 17256 6454 13141 4592  3494 8165 3797 5421 4344  
1447 2813 1586 1967 907  1353 3103 1147 2425 745  
2761 6615 2303 4685 2400  2304 5220 2234 3595 2118  
6085 15061 4826 10236 6127  4671 10256 4696 8184 2880  
2461 5195 2666 3057 2697  2016 5092 1571 3575 1959  
12271 22504 14592 14500 8745  2945 10954 1477 9127 4078  
8143 14834 9696 9631 5589  4014 10374 3625 7250 4616  
6029 13849 5085 10556 3689  3700 8665 3404 6638 2678  
3276 8653 2152 6008 3339  3415 7940 2842 6307 2022  
7522 16852 7035 11929 5964  3907 8143 4540 6024 2869  
10755 25005 7848 20612 3731  3502 8519 3934 5745 3792  
5784 11216 6416 7701 3840  3358 6510 3852 4576 2291  
5664 13814 4173 10675 3559  3403 8410 2645 6444 2641  
11747 28007 10094 19003 11389  2566 5917 2619 5926 1596  
13319 25929 15541 15624 12413  2431 9990 742 11145 889  
7931 16972 8512 9536 9471  4950 12057 4461 10089 2721  
1449 3121 1477 2087 1271  1141 2851 899 2002 1089  
6308 15377 5169 10485 6199  4367 9133 5017 6592 3458  
6240 12642 7087 7319 6629  3505 8256 3415 5366 3476  
10074 26806 6299 19159 9529  4901 8103 7910 6681 3204  
2522 5799 2363 3720 2650  2408 5544 2225 3971 2007  
10543 25455 8740 17630 9845  3366 7740 3363 6987 2332  
4435 9254 4267 7019 2249  2968 7386 2165 6002 1529  
15138 32516 15125 22612 11840  608 4061 783 5291 1120  
5929 12625 5515 9682 2964  3847 8807 3839 6498 3127  
5838 11699 6409 7789 4565  3531 7158 3912 5151 2431  
9776 19006 11633 10585 10363  4123 12379 2656 11019 2375  
9934 21613 10013 14283 9094  2578 5424 3358 2845 3062  
6027 13435 5687 9490 4775  3722 7954 3874 6164 2210  
9124 20805 8062 15323 6452  3587 8783 3609 6583 3721  
4336 10289 3609 7485 3406  2535 6641 1713 4940 2311  
9752 23807 7566 17513 7640  3681 8066 4316 6143 3656  
2763 5223 3243 3320 2175  2480 5883 2171 4354 1944  
9349 20559 9392 13142 9339  3547 8581 3574 6484 2946  
14463 30931 14857 20544 12746  1296 5116 1365 6436 514  
8519 18833 8364 12581 7778  4141 8888 4627 7115 2485  
5881 12076 6301 8070 4765  3372 8185 3147 5690 3429  
8603 17623 9346 11465 7427  4029 10387 3546 8212 3374  
7132 13639 7933 9475 4389  3676 7579 3967 5683 2397  
6905 16958 4811 13445 3764  4035 9356 3867 6907 3472  
7243 14821 7084 11269 3427  4002 10465 3394 7880 3826  
2890 6442 2429 5105 1293  2470 5744 2206 4275 1820  
8037 19704 6315 14089 6972  4032 8122 5238 5560 3867  
1447 2846 1614 1901 1082  1299 2554 1409 1830 770  
3891 7872 4399 4693 3931  3483 7902 3202 6163 2142  
2126 4241 2512 2129 2663  2464 5745 2233 4120 2037  
9945 22619 9263 15459 8922  3617 8651 3825 6953 3045  
9324 18273 11092 9807 10525  3664 8583 3519 5563 2385  
6028 13098 5941 9102 4818  3059 7447 2864 5027 3397  
5891 12426 6123 8346 4934  3569 7282 4060 5073 2761  
2943 5832 3164 4101 1880  2372 5258 2128 4166 1157  
12500 24536 14289 15432 10825  2811 9151 1826 8613 2016  
12057 26677 11983 17165 11983  2938 8363 2426 9076 1035  
1256 2834 1226 1783 1340  1364 3216 1142 2434 943  
3991 9954 2961 7279 3277  2996 6963 2793 4891 2829  
4424 9484 4051 7327 2147  3287 7568 3203 5410 2907  
15385 33976 14111 25279 9830  406 2562 1880 2626 2579  
7580 16244 7135 12233 4275  3628 7469 4556 4844 3881  
14091 33634 11712 24090 11765  1636 3134 3546 3955 970  
3058 6888 2773 5042 2170  2262 5525 1681 4422 1259  
9594 21709 9117 14425 9158  3318 8331 3077 6641 2864  
13756 30659 12805 22085 10190  1716 5257 2329 5085 2298  
8686 20479 7362 14777 6965  3991 9257 4019 7402 3049  
5934 13175 5690 9136 4944  3845 8756 3734 6725 2727  
14566 33813 11545 26628 7495  1184 2843 3874 1448 4768  
10971 22501 12328 12891 12049  3980 9971 3608 9133 1131  
1412 2733 1618 1774 1105  1355 2860 1413 1969 1076  
8750 17528 9614 11657 6858  3967 10381 3502 8033 3694  
14498 32729 13603 22554 12591  1275 3907 2247 5258 643  
12300 29895 8504 24128 5776  2903 5139 5672 3072 3261  
13413 27622 14204 18773 10415  1906 7644 1297 7265 2427  
1109 2156 1346 1101 1313  1193 2372 1382 1414 1155  
13638 28156 14894 17597 13015  2021 6929 1464 7411 485  
4778 9620 5502 5362 5323  4162 10004 3616 7786 2905  
2676 4802 3160 3227 1586  2465 5354 2336 4112 1388  
9837 23510 8164 16829 8242  2965 7189 2803 5558 3179  
1267 3014 1107 2004 1285  1316 3174 1006 2486 796  
10658 22237 10892 15713 7484  3307 8224 3292 7091 2167  
9858 22451 7785 18094 4052  4036 9312 5203 6215 5422  
5892 13724 5105 9915 4626  3789 7929 4087 6070 2287  
3062 6688 2838 5007 1855  2228 4834 2380 3118 2270  
2982 6831 2681 4896 2345  2297 5482 1764 4431 1160  
15177 31968 14777 23710 8889  560 4144 1086 4081 2271  
3041 6870 2766 4983 2248  2186 4504 2494 2822 2162  
4064 9090 3958 5940 3965  3428 7446 3434 5614 2250  
11173 26289 9705 18366 9874  3501 7864 4250 6993 2435  
13651 31056 12217 22614 10054  1732 3701 3723 3058 2274  
1527 3401 1372 2563 933  1369 3135 1238 2297 1027  
13366 27307 14284 18506 10312  1972 6348 1869 5647 2336  
1377 2548 1605 1703 893  1318 2741 1282 2102 641  
1337 2642 1541 1604 1258  1105 2499 1096 1540 1223  
1111 2905 757 2011 1133  1407 3074 1387 2189 1081  
12851 26693 13761 17350 11381  2445 7214 2149 7504 1100  
9125 18980 9198 13728 5821  3676 8312 4236 5893 3820  
13840 32042 10459 26047 5482  1766 4212 3942 1945 4191  
1478 3040 1471 2269 790  1283 2489 1409 1781 743  
2607 5279 2942 3162 2617  2199 4389 2535 2712 2016  
