# NumberOfHospitals NumberOfScenarios TimeHorizon
5 300 2
# DemandeScenario_0_Hospital_0_Period_0 DemandeScenario_0_Hospital_1_Period_0 ... DemandeScenario_0_Hospital_0_Period_1 DemandeScenario_0_Hospital_1_Period_1 ...
# DemandeScenario_1_Hospital_0_Period_0 DemandeScenario_1_Hospital_1_Period_0 ... DemandeScenario_1_Hospital_0_Period_1 DemandeScenario_1_Hospital_1_Period_1 ...
# ...
# ...
# ...
8181 16384 9235 10139 7590  4370 10990 3850 8836 3195  
1476 3240 1301 2522 723  1314 2622 1396 1913 746  
13311 27172 14281 18311 10422  2096 7803 1598 7145 2646  
7562 17256 6454 13141 4592  3494 8165 3797 5421 4344  
1447 2813 1586 1967 907  1353 3103 1147 2425 745  
2761 6615 2303 4685 2400  2304 5220 2234 3595 2118  
6085 15061 4826 10236 6127  4671 10256 4696 8184 2880  
2461 5195 2666 3057 2697  2016 5092 1571 3575 1959  
12271 22504 14592 14500 8745  2945 10954 1477 9127 4078  
8143 14834 9696 9631 5589  4014 10374 3625 7250 4616  
6029 13849 5085 10556 3689  3700 8665 3404 6638 2678  
3276 8653 2152 6008 3339  3415 7940 2842 6307 2022  
7522 16852 7035 11929 5964  3907 8143 4540 6024 2869  
10755 25005 7848 20612 3731  3502 8519 3934 5745 3792  
5784 11216 6416 7701 3840  3358 6510 3852 4576 2291  
5664 13814 4173 10675 3559  3403 8410 2645 6444 2641  
11747 28007 10094 19003 11389  2566 5917 2619 5926 1596  
13319 25929 15541 15624 12413  2431 9990 742 11145 889  
7931 16972 8512 9536 9471  4950 12057 4461 10089 2721  
1449 3121 1477 2087 1271  1141 2851 899 2002 1089  
6308 15377 5169 10485 6199  4367 9133 5017 6592 3458  
6240 12642 7087 7319 6629  3505 8256 3415 5366 3476  
10074 26806 6299 19159 9529  4901 8103 7910 6681 3204  
2522 5799 2363 3720 2650  2408 5544 2225 3971 2007  
10543 25455 8740 17630 9845  3366 7740 3363 6987 2332  
4435 9254 4267 7019 2249  2968 7386 2165 6002 1529  
15138 32516 15125 22612 11840  608 4061 783 5291 1120  
5929 12625 5515 9682 2964  3847 8807 3839 6498 3127  
5838 11699 6409 7789 4565  3531 7158 3912 5151 2431  
9776 19006 11633 10585 10363  4123 12379 2656 11019 2375  
9934 21613 10013 14283 9094  2578 5424 3358 2845 3062  
6027 13435 5687 9490 4775  3722 7954 3874 6164 2210  
9124 20805 8062 15323 6452  3587 8783 3609 6583 3721  
4336 10289 3609 7485 3406  2535 6641 1713 4940 2311  
9752 23807 7566 17513 7640  3681 8066 4316 6143 3656  
2763 5223 3243 3320 2175  2480 5883 2171 4354 1944  
9349 20559 9392 13142 9339  3547 8581 3574 6484 2946  
14463 30931 14857 20544 12746  1296 5116 1365 6436 514  
8519 18833 8364 12581 7778  4141 8888 4627 7115 2485  
5881 12076 6301 8070 4765  3372 8185 3147 5690 3429  
8603 17623 9346 11465 7427  4029 10387 3546 8212 3374  
7132 13639 7933 9475 4389  3676 7579 3967 5683 2397  
6905 16958 4811 13445 3764  4035 9356 3867 6907 3472  
7243 14821 7084 11269 3427  4002 10465 3394 7880 3826  
2890 6442 2429 5105 1293  2470 5744 2206 4275 1820  
8037 19704 6315 14089 6972  4032 8122 5238 5560 3867  
1447 2846 1614 1901 1082  1299 2554 1409 1830 770  
3891 7872 4399 4693 3931  3483 7902 3202 6163 2142  
2126 4241 2512 2129 2663  2464 5745 2233 4120 2037  
9945 22619 9263 15459 8922  3617 8651 3825 6953 3045  
9324 18273 11092 9807 10525  3664 8583 3519 5563 2385  
6028 13098 5941 9102 4818  3059 7447 2864 5027 3397  
5891 12426 6123 8346 4934  3569 7282 4060 5073 2761  
2943 5832 3164 4101 1880  2372 5258 2128 4166 1157  
12500 24536 14289 15432 10825  2811 9151 1826 8613 2016  
12057 26677 11983 17165 11983  2938 8363 2426 9076 1035  
1256 2834 1226 1783 1340  1364 3216 1142 2434 943  
3991 9954 2961 7279 3277  2996 6963 2793 4891 2829  
4424 9484 4051 7327 2147  3287 7568 3203 5410 2907  
15385 33976 14111 25279 9830  406 2562 1880 2626 2579  
7580 16244 7135 12233 4275  3628 7469 4556 4844 3881  
14091 33634 11712 24090 11765  1636 3134 3546 3955 970  
3058 6888 2773 5042 2170  2262 5525 1681 4422 1259  
9594 21709 9117 14425 9158  3318 8331 3077 6641 2864  
13756 30659 12805 22085 10190  1716 5257 2329 5085 2298  
8686 20479 7362 14777 6965  3991 9257 4019 7402 3049  
5934 13175 5690 9136 4944  3845 8756 3734 6725 2727  
14566 33813 11545 26628 7495  1184 2843 3874 1448 4768  
10971 22501 12328 12891 12049  3980 9971 3608 9133 1131  
1412 2733 1618 1774 1105  1355 2860 1413 1969 1076  
8750 17528 9614 11657 6858  3967 10381 3502 8033 3694  
14498 32729 13603 22554 12591  1275 3907 2247 5258 643  
12300 29895 8504 24128 5776  2903 5139 5672 3072 3261  
13413 27622 14204 18773 10415  1906 7644 1297 7265 2427  
1109 2156 1346 1101 1313  1193 2372 1382 1414 1155  
13638 28156 14894 17597 13015  2021 6929 1464 7411 485  
4778 9620 5502 5362 5323  4162 10004 3616 7786 2905  
2676 4802 3160 3227 1586  2465 5354 2336 4112 1388  
9837 23510 8164 16829 8242  2965 7189 2803 5558 3179  
1267 3014 1107 2004 1285  1316 3174 1006 2486 796  
10658 22237 10892 15713 7484  3307 8224 3292 7091 2167  
9858 22451 7785 18094 4052  4036 9312 5203 6215 5422  
5892 13724 5105 9915 4626  3789 7929 4087 6070 2287  
3062 6688 2838 5007 1855  2228 4834 2380 3118 2270  
2982 6831 2681 4896 2345  2297 5482 1764 4431 1160  
15177 31968 14777 23710 8889  560 4144 1086 4081 2271  
3041 6870 2766 4983 2248  2186 4504 2494 2822 2162  
4064 9090 3958 5940 3965  3428 7446 3434 5614 2250  
11173 26289 9705 18366 9874  3501 7864 4250 6993 2435  
13651 31056 12217 22614 10054  1732 3701 3723 3058 2274  
1527 3401 1372 2563 933  1369 3135 1238 2297 1027  
13366 27307 14284 18506 10312  1972 6348 1869 5647 2336  
1377 2548 1605 1703 893  1318 2741 1282 2102 641  
1337 2642 1541 1604 1258  1105 2499 1096 1540 1223  
1111 2905 757 2011 1133  1407 3074 1387 2189 1081  
12851 26693 13761 17350 11381  2445 7214 2149 7504 1100  
9125 18980 9198 13728 5821  3676 8312 4236 5893 3820  
13840 32042 10459 26047 5482  1766 4212 3942 1945 4191  
1478 3040 1471 2269 790  1283 2489 1409 1781 743  
2607 5279 2942 3162 2617  2199 4389 2535 2712 2016  
2871 6140 2957 4055 2564  2118 5472 1496 4145 1707  
11427 27556 9062 20390 8619  3267 6260 5448 4588 3619  
7084 15766 6883 10569 6476  4255 9695 4178 7784 2685  
2804 6861 2148 5114 2093  2402 4867 2736 3245 2030  
4600 9965 4485 7100 3372  3228 6883 3394 5015 2336  
2921 6270 2648 4880 1353  2198 5410 1549 4397 1031  
11968 30165 8435 22587 9094  3249 5232 6414 3919 3654  
13369 27760 13035 20877 7028  1943 6089 2926 4197 5192  
2969 6003 3194 4104 2187  2279 5564 1933 4006 2036  
11447 22306 12941 14642 8810  3348 10771 2200 10045 2537  
2937 6594 2477 5175 1436  2497 5579 2368 4150 1727  
7175 15457 7572 9064 8124  3733 7979 4211 4991 3252  
2650 4712 3157 3145 1568  2406 5454 2060 4378 1133  
11331 26577 8579 21281 5276  3117 7657 3926 5011 5193  
7697 16670 7447 11999 5432  3431 8451 3365 5877 3923  
7558 17387 6424 13133 4852  3113 7920 2778 5466 3881  
10594 24297 9284 17872 7601  3433 8166 3695 6811 2562  
1468 3016 1458 2262 761  1341 2734 1456 1879 1012  
12320 26945 11733 19481 8711  2712 6985 3433 5819 2987  
12918 29901 11540 20938 11100  2545 5625 4052 5437 1759  
2804 5283 3145 3682 1639  2201 4478 2514 2762 2182  
9015 18691 8943 13830 5143  3831 9702 3501 7827 2857  
12222 27514 11117 20036 8844  2520 6280 3454 4741 3667  
2339 4661 2735 2537 2653  2453 5552 2348 3898 2065  
12404 30581 8599 24168 6947  2698 5198 4311 3451 3512  
2626 6305 2217 4328 2494  2279 5630 1717 4336 1626  
12911 27606 13300 18216 11557  2095 7262 1456 7592 1395  
4233 10275 3079 8074 2398  3348 7464 3250 5559 2388  
12768 24912 15017 14443 12784  2934 10967 1190 11762 723  
11754 20651 14006 13929 6478  3016 9424 2106 6934 5083  
4018 9365 3615 6305 3864  3276 7749 2823 5968 2316  
6708 12767 7952 7756 5913  4407 10629 3846 8659 2748  
10721 23841 9641 17924 6609  3119 8152 2842 6802 2259  
5876 12947 6013 7649 6761  4481 9215 5050 6660 2984  
4146 10120 2904 8071 2147  3202 7507 2915 5437 2772  
4387 10174 3503 7988 2302  3178 6279 3789 4256 2559  
1442 3266 1181 2595 660  1292 2495 1430 1782 746  
1231 2815 1180 1771 1334  1414 3109 1358 2270 1003  
5161 11012 5462 6740 5373  3926 8681 4015 6271 3050  
10196 23917 8726 17242 8145  2959 7464 2700 5928 3092  
9825 18592 11366 12168 7175  3649 10467 2979 7731 4389  
3665 7252 4288 4074 3937  3138 6875 3233 4597 2804  
11592 23621 11425 17894 5548  3114 8338 3870 5801 5341  
11382 23996 11981 15632 10268  3335 8444 3281 7883 1679  
14376 33750 11050 26742 7254  1353 2837 4088 1344 4249  
10194 24383 8076 18380 7033  3297 7573 3185 6443 1645  
2995 6185 3153 4238 2279  2297 4526 2492 3313 1298  
11986 27210 10927 19413 9454  2893 7123 3583 6085 2834  
7042 14884 7412 9633 6474  3985 9134 4060 6648 3360  
15421 33453 14699 24466 10252  340 2432 1660 2334 2805  
6412 15456 5389 10505 6271  4275 8505 5261 5958 3302  
14331 34695 10845 26587 9307  1397 1850 5092 1224 3823  
5386 10723 6140 6556 5068  3750 8813 3556 6321 3259  
11396 27320 9271 19906 9030  3068 6892 3675 5827 2862  
2691 6430 2282 4458 2475  2054 4685 2010 3029 2174  
8524 16216 9581 11138 5398  3941 10232 3680 7246 4673  
12573 26661 13199 17173 11737  2792 7928 2713 7725 1437  
10979 27277 7588 21335 6627  3389 7024 4591 4914 4305  
7892 19793 5766 14477 6517  3577 7856 3944 5433 3985  
10753 23122 10553 16511 7710  3197 7310 4006 5313 3487  
1312 2314 1587 1519 805  1372 3042 1235 2354 745  
11088 27332 8279 20446 8235  3486 7092 4786 5612 3347  
3007 6638 2670 5100 1621  2411 5081 2614 3448 2086  
4889 11363 4515 7226 5288  3282 6241 4192 3579 3147  
14775 30404 15749 20429 11840  952 5561 537 5802 1689  
5810 11328 6416 7784 3891  3871 9418 3346 7413 2704  
3968 7602 4703 4547 3651  3383 7411 3368 5430 2440  
3070 6838 2779 5101 1971  2465 5427 2361 4088 1578  
9039 19719 8855 13725 7238  3944 9443 3867 7803 2675  
7611 16438 7096 12377 4375  3791 8012 4560 5491 3696  
14055 34442 10192 26688 8767  1557 2145 4116 1454 1791  
13392 30161 12476 21204 10937  1777 4188 3151 3339 2326  
1495 3037 1569 2158 972  1267 2441 1468 1605 967  
13633 31631 12332 21431 12834  1854 4256 3015 5118 721  
14972 34693 12376 26543 9130  772 1482 3769 1115 2460  
11778 24754 11130 18947 5755  3091 8896 3629 6328 5459  
6954 15863 6488 10713 6452  3204 6872 3735 4189 3565  
9771 19402 11042 12264 8543  4095 11282 3138 10148 2465  
10264 20281 10980 14405 6260  3703 9869 3600 7511 4269  
11911 26472 10324 20556 6114  2895 6999 4484 4547 5476  
11981 26290 11666 18244 9772  2900 7710 2941 7373 1778  
4138 9444 3202 7691 1550  2958 6997 2288 5652 1250  
11537 26267 9324 20882 5309  2847 7841 2961 5424 4460  
11887 24085 12764 16424 8860  2879 9468 2177 8103 3315  
2077 5619 1257 3913 2147  2213 5340 1817 3826 1981  
12336 26859 11673 19709 8144  2368 5179 3606 4047 2428  
7402 17571 6511 11482 7773  4209 9788 4036 7673 3187  
6301 13181 6873 7835 6710  3853 9397 3482 6813 3354  
13125 31343 10261 23961 8450  2281 4629 4360 3433 3684  
9561 17762 11366 11230 7362  3803 9586 3438 7053 3736  
4148 8301 4670 5202 3742  3123 6246 3359 4634 1777  
8927 17962 9358 12850 5522  3919 10542 3227 8619 3125  
12579 24797 14294 15697 10821  2768 9995 1578 9580 2207  
13211 28354 11993 22007 6234  2219 6362 3765 4282 5440  
4604 9958 4351 7391 2849  2948 7345 2471 5332 2758  
8744 18204 9271 12063 7417  3977 9572 3956 7329 3359  
9413 23718 6350 18392 6074  3820 8161 3969 6508 2174  
12994 29539 10537 23467 5987  2366 5114 4879 3197 4289  
9066 19041 9320 13177 6916  3551 9087 3418 6661 3852  
10931 25114 8272 20553 3967  3557 6925 6120 4268 4621  
10201 20949 9967 15893 4943  3753 10556 3538 7918 4721  
7422 14844 7919 10429 4864  3801 10053 3207 7482 3897  
2263 4801 2458 2675 2704  2415 5511 2285 3862 2069  
10460 26415 7447 19476 8455  3645 7486 4013 6676 1711  
6111 13373 5606 10071 3611  3635 8281 3825 5741 3650  
3038 6791 2677 5169 1776  2461 5396 2494 3811 2017  
15423 33456 14729 24413 10349  366 2960 1397 3345 2141  
10416 21465 10332 15986 5661  3308 9000 2833 7637 2157  
1019 2810 569 1991 1023  1031 2734 638 1988 948  
9125 17330 10931 10197 8521  4003 10285 3477 7647 3413  
10027 22965 7973 18329 4538  3833 8036 5681 5166 5176  
7402 18186 5967 12353 7407  4569 10188 4645 8141 3190  
4087 9788 2878 7969 1730  3299 6698 3651 4876 2091  
10362 21951 10683 14829 8606  3555 9855 2924 8610 2689  
4216 8058 4867 5216 3238  2858 6274 3038 3937 3027  
7972 17146 8297 10757 8016  3920 8167 4596 5588 3061  
14155 26943 16213 17850 10103  1585 8601 164 8370 2898  
2678 4809 3182 3196 1650  2328 4602 2614 3095 1777  
8489 17406 9250 11186 7555  3820 9542 3594 7065 3533  
5482 13548 3763 10738 3024  3730 8626 3291 6663 2383  
2982 6302 3076 4292 2411  2272 4877 2420 3204 2129  
10535 24252 8840 18503 6440  3306 7696 4284 5261 4722  
13191 29864 12250 20809 11147  2068 4451 3698 3814 1732  
4535 9433 4514 6930 2697  3034 6976 2583 5668 1387  
11510 22575 12922 14884 8867  2910 9243 2225 7150 3732  
1404 2658 1571 1858 822  1357 2881 1314 2179 755  
2895 5851 3174 3846 2379  2348 5388 2243 3746 2113  
1523 3396 1362 2569 915  1369 2853 1428 2027 966  
12926 28755 12509 19454 11542  2359 6162 3038 5813 1760  
9555 24973 6236 18167 8394  4596 8351 6707 6417 3778  
2946 6480 2581 5054 1427  2265 5608 1659 4416 1369  
7682 16597 7491 11871 5525  3742 7995 4049 6254 2268  
4053 8311 4473 5145 3902  2781 6797 2443 4658 2796  
7508 15138 8756 7731 9353  5262 13328 4343 11267 2778  
5554 13457 3941 10757 2792  3991 8469 4508 5934 3475  
4414 8939 4476 6615 2372  2932 6065 3399 3778 3073  
13150 26871 12999 20247 6551  2261 7691 2578 6189 3929  
12968 30151 10131 23924 6350  2219 4945 3651 3381 2389  
2767 5159 3247 3351 2002  2472 5341 2380 4067 1446  
9147 20819 8030 15491 6177  3724 8387 3956 6796 2286  
13454 30987 11854 22441 10305  2015 4648 3417 4563 1595  
10754 22871 10608 16504 7253  3250 9228 2889 7420 3558  
5363 11014 5918 6779 5229  3564 8241 3498 5698 3280  
3075 6786 2824 5051 1958  2087 4963 1921 3314 2220  
6100 13751 5549 9997 4452  3548 7382 4156 4981 3272  
6535 16061 5157 11320 5935  4126 9511 3886 7370 3161  
6909 14978 7051 9696 6591  3013 6180 3679 3358 3417  
11649 29856 7724 22616 8593  3007 5242 4497 4072 3552  
5890 11736 6207 8433 3496  3731 8510 3837 5945 3587  
13398 27019 13954 19442 8134  2039 8454 1606 7103 4105  
1309 3104 1140 2098 1273  1164 2836 962 1969 1114  
13101 29686 10765 23461 6232  2253 5141 4286 3439 3508  
1479 3485 1229 2595 1049  1393 3082 1320 2266 971  
15032 30726 15833 21366 10706  655 4270 546 4323 2163  
1171 2331 1374 1271 1325  1394 2925 1440 2063 1011  
6083 13188 5635 9955 3481  3608 8601 3137 6813 2217  
1520 3223 1474 2389 905  1265 2756 1308 1803 1220  
7487 17329 6200 13268 4539  3512 8430 3545 5789 4174  
7880 16545 8495 10147 7994  4450 10557 4283 8328 3087  
13340 27243 13405 20186 7278  2155 7860 2381 6158 4782  
2931 6783 2355 5317 1543  2339 5667 1874 4309 1668  
2592 6471 1950 4639 2278  2117 5079 1826 3526 2056  
4574 9795 4898 5544 5414  2928 5839 3520 3005 3183  
13424 27672 14195 18829 10412  2015 7849 1418 7848 2133  
7369 15902 6652 12335 3544  3722 9568 2947 7558 2608  
10769 23704 10165 17156 7670  3220 8672 3019 7106 3165  
12332 27047 11508 19950 8081  2513 5778 3670 4643 2557  
9205 20528 8289 15356 5844  3815 9086 3950 7086 3162  
1264 2428 1519 1391 1255  1243 2304 1468 1508 869  
8544 20029 7748 12838 9195  4782 10453 5287 8631 2795  
7499 14764 8980 7375 9278  5455 13515 4642 11364 2782  
1531 3267 1522 2333 1081  1271 3079 936 2466 665  
13554 29054 13630 20064 10789  1730 6353 1511 6268 2055  
9670 20803 9975 13399 9223  4144 10362 3878 8954 2584  
7088 13525 7832 9521 4109  4157 10397 3546 8352 2895  
11796 25733 10448 20038 5683  2854 8189 2892 6229 3473  
13155 30671 11424 22003 10591  2280 5232 3547 5110 2030  
12981 31190 10300 23255 9451  2004 3749 4121 2681 3693  
14517 31471 14605 21108 12748  1201 4363 1706 4918 770  
8397 16591 10041 8158 10616  4023 9094 3995 5745 2343  
4620 10204 4267 7540 3046  3016 7407 2557 5464 2628  
2767 6436 2081 5228 1115  2177 5538 1574 4134 1777  
7248 17105 5604 13422 3945  4105 8500 5114 5800 3989  
7109 13803 7564 10054 3693  3678 7846 4307 4963 4215  
4206 11329 2574 7907 4307  3249 8091 2294 6091 2829  
8533 16256 9673 10979 5750  3952 9237 3974 6825 3598  
6861 15002 6921 9720 6612  3740 9573 3002 7514 3012  
4398 11863 2599 8569 4080  3867 8506 3946 5978 3533  
13136 26450 14373 17574 10424  1906 6335 1606 4820 2769  
2994 6770 2758 4808 2381  2312 5049 2398 3396 2133  
12929 28995 12327 19737 11491  2534 6435 3315 6471 1522  
5960 13894 5076 10225 4379  3592 8237 3614 5873 3365  
2744 6630 1927 5354 1268  2364 5363 2011 4232 1162  
10380 21877 11159 13334 10705  3888 8826 4145 7466 1765  
6465 16336 4637 11932 5409  3900 8489 4274 5891 3890  
3025 6445 2880 4839 1708  2258 5556 1877 4008 2033  
6629 16814 4487 12832 4671  3529 7803 3884 5100 4252  
4237 10286 3316 7606 3231  2984 7349 2265 5734 2072  
13701 29948 12525 22661 7880  1739 5619 2391 4676 2833  
1328 2383 1550 1638 719  1371 2849 1408 2059 895  
