# NumberOfHospitals NumberOfScenarios TimeHorizon
5 200 2
# DemandeScenario_0_Hospital_0_Period_0 DemandeScenario_0_Hospital_1_Period_0 ... DemandeScenario_0_Hospital_0_Period_1 DemandeScenario_0_Hospital_1_Period_1 ...
# DemandeScenario_1_Hospital_0_Period_0 DemandeScenario_1_Hospital_1_Period_0 ... DemandeScenario_1_Hospital_0_Period_1 DemandeScenario_1_Hospital_1_Period_1 ...
# ...
# ...
# ...
31175 43507 40887 88765 34636  15022 17982 20931 38141 19169  
28925 35629 32044 68207 30091  18001 20613 25015 45795 22794  
21547 20028 29941 50458 28027  14629 18549 19415 39593 16806  
42338 60316 54395 120548 46001  12893 16377 17808 31544 16671  
23517 27832 29567 58459 26950  13922 21333 17463 40416 14567  
29233 32681 37645 71407 34605  15817 23438 20000 44887 16892  
17026 18012 21952 40320 20484  11636 15027 13610 28978 12417  
56102 56836 76698 135633 70804  6585 23444 4565 29433 768  
17294 20790 23058 45248 20489  12606 16279 15179 31941 13667  
5392 6509 7401 14460 6505  4494 6718 5793 13185 4822  
28849 30970 37569 69398 34786  15898 24409 19894 45965 16595  
45326 46244 60162 107491 56049  11382 17100 13264 31676 10866  
44125 42749 60509 104428 56391  13383 21323 15470 39522 11935  
22123 28814 29271 60543 25383  13334 15916 18542 35085 16524  
39881 48494 48367 98487 44231  14131 15502 20550 36178 18434  
5765 6174 7715 14129 7082  5375 6685 6957 14036 6184  
35215 56567 40582 102358 33526  16729 18126 22592 40354 20846  
43381 44189 55011 99372 52129  14145 24720 17925 44267 14189  
14998 24023 17699 44077 14549  11666 17190 14455 32878 12268  
4980 7097 6570 14437 5517  4451 5347 6322 12160 5527  
33826 41245 40716 83286 37297  16269 21515 21607 43880 18955  
34093 43033 37660 81571 35089  18850 24396 27037 52629 23483  
33998 47756 40428 91266 35264  14553 20420 19993 41508 16959  
46780 66151 60873 133675 51421  12915 13093 17270 26260 17355  
34360 46381 40977 89910 36291  15833 20568 20966 42050 18538  
56226 76559 66011 146627 58554  6206 6432 13774 19004 11774  
31393 36520 43927 83617 38742  17436 23298 21352 44887 19060  
38212 55605 47327 107803 40136  16296 16701 22538 37658 21275  
5128 7308 6683 14743 5634  4809 5773 6672 12888 5876  
4881 3756 6751 10395 6570  5253 5986 6626 12792 6103  
5517 7360 7233 15230 6243  5422 6621 6959 13893 6251  
26053 35919 34361 73861 29195  15971 17413 21910 39032 20239  
36963 32672 50920 83802 48320  14432 17494 17804 37783 15050  
24271 18701 33050 51044 32317  16341 21259 19745 42069 17494  
31711 46035 40223 90700 33886  14682 20807 19242 39937 16873  
42619 51883 60760 118422 52484  15873 22407 17066 36900 16366  
56669 71563 75060 152172 65760  4494 11762 4657 12571 4170  
21845 28014 25457 54480 23164  14780 15422 20312 35879 18747  
45708 71688 54931 133662 45381  10810 9039 18636 23587 18070  
27479 36183 36276 75622 31356  15140 18585 20522 39332 18407  
27516 38778 31792 72808 27949  16016 18789 20776 39714 19065  
30672 43027 40371 87858 34088  15378 21653 19958 41150 17739  
53331 62055 69538 134598 62893  8196 15965 9738 25763 7399  
41175 47378 54380 104195 49129  14088 18756 17922 37368 15537  
39120 53587 50122 108235 43107  12794 20101 16044 35673 13845  
27986 40289 34046 77489 29177  16166 18553 20723 39159 19146  
59236 76570 74075 155161 65649  3148 6517 5689 10389 4699  
45123 63788 55837 124680 47955  11799 14433 17504 30316 15838  
57127 60156 77257 139859 70914  5534 21606 3904 25851 629  
20181 16385 27879 44030 26863  15875 21650 20462 44014 17442  
29355 36819 36137 74642 32543  15810 19372 20929 40837 18710  
22498 31313 28367 62250 24378  14637 15480 20209 35761 18594  
39349 56490 47357 108020 40767  13891 18432 18407 36963 16221  
11671 15694 14306 30976 12581  8270 13021 10008 24194 8282  
43118 50438 59634 114154 52728  12866 22788 14676 36376 12659  
52769 70372 65664 140635 57622  8572 8525 13057 19809 12219  
35539 42260 45008 89047 40853  15136 18210 20560 39403 18199  
10199 15793 12435 29801 10302  8956 11577 12080 24451 10524  
57950 63325 77624 143810 70799  4542 12606 3528 18083 784  
22799 24390 29291 54203 27279  13665 16596 16631 33518 15259  
47320 56526 67827 130574 58823  13238 17703 12406 28059 12392  
23181 25326 31034 57495 28318  14627 17654 18374 36618 16595  
51553 56013 61734 117861 58693  9173 20130 13580 34341 10412  
16593 16105 22273 38639 20916  13014 16422 16932 34413 14892  
46797 52143 55737 108235 52711  10452 17534 13714 30739 12251  
11185 13230 15203 29404 13487  8262 12287 10648 24031 8918  
45478 55569 54988 112440 50258  12290 21659 16676 39711 13203  
57890 71472 70661 144936 64152  3956 6575 7398 13094 6258  
27547 28133 38304 67815 35075  15458 18227 20250 39793 17925  
16215 18917 22417 42845 19844  12949 17808 16140 34834 14101  
18224 31155 21165 55805 16845  13195 19578 16794 37737 14156  
17282 18802 23290 42976 21228  12349 18349 15221 34807 12923  
46217 38763 63743 102247 61081  13147 25416 14810 45672 9307  
5222 6222 7275 14055 6391  5181 5828 7028 13174 6344  
39363 46566 47810 95641 44096  13483 17998 17090 35001 15508  
45768 55098 52420 108430 49043  14438 20364 23647 45236 19459  
21881 27496 29487 59327 25728  14163 17797 18944 37445 16797  
5777 6515 7323 14025 6757  5295 5926 7023 13208 6392  
11855 14882 14794 30428 13260  9151 13242 11186 25339 9595  
33380 40506 39940 81625 36722  14550 18156 18234 36310 16827  
28672 36041 34587 72079 31333  14444 23026 17534 42202 14580  
41438 40431 52108 92126 50055  14433 25020 17770 43937 14523  
22211 26335 30268 58590 26800  15289 18860 18856 38135 17083  
16909 23187 21533 46625 18557  13050 15438 16833 32648 15294  
55835 80621 66242 152602 57137  5073 3013 11444 12381 10450  
11541 13700 15423 30020 13752  9018 12277 11759 24957 10134  
16387 24148 19076 44949 16406  12870 16597 16166 33475 14401  
29818 26576 38146 63987 37161  18536 29520 22842 54463 18854  
22069 30152 25568 57237 22751  15368 19532 20259 40704 17898  
59152 68152 76207 147143 69421  3648 14128 4919 19176 1981  
33113 36289 45875 84510 41303  16941 24501 20123 45350 17456  
34171 35568 46211 83124 42548  16293 23635 19775 44654 16863  
42717 49931 47819 97948 45541  14591 21509 20958 42504 18579  
54835 54666 76352 133407 70276  7369 20921 4902 28598 1300  
58804 75874 72202 152041 64422  3468 6930 6714 12431 5470  
5867 7136 7302 14731 6627  4682 5647 5441 11179 5075  
29177 22943 39260 61315 38435  16576 20303 21084 43189 18354  
34962 46599 42501 91772 37593  14254 21292 17637 39828 15110  
21336 21192 27104 48260 25834  15163 18167 20673 40213 18118  
31606 27898 43093 70996 41065  17889 29597 21255 53062 17225  
9734 11154 11120 22308 10588  8851 10371 10671 21157 9974  
5866 6588 7649 14491 7001  4624 4028 6180 10151 5948  
45907 54076 56582 112310 51991  10138 14367 12503 26363 11487  
17501 22508 22584 46674 19844  12090 16656 14160 31425 12581  
42309 55680 56720 117704 48772  15004 20644 17945 36549 16590  
10852 11247 15221 27119 13846  9306 11988 12261 25109 10713  
41712 51324 52855 106799 47435  13314 15018 18727 33902 16706  
24948 28907 28706 57839 27155  16676 21306 21318 43190 19210  
34162 45868 43815 93318 37966  13185 20220 17359 37934 14759  
35779 47571 48334 100770 41297  17010 19109 21907 39623 20690  
44316 58816 58072 121945 50171  13390 18935 16200 33466 14725  
4650 5541 6710 12877 5817  5028 5117 6983 12328 6410  
56990 79991 68462 153839 59536  5099 3297 10317 11424 9814  
17676 23148 22243 46883 19582  12000 11748 16411 28239 15325  
32158 47874 39431 91633 33204  15676 20838 19796 40769 17608  
50483 44805 65400 109154 63461  8498 16916 11080 31470 6919  
56485 68218 76018 149269 67208  4523 11787 4172 13183 3661  
34484 49298 45529 100281 38102  15275 20348 20314 38843 18710  
31637 28059 44164 72652 41671  15616 18913 18945 39460 16628  
16287 16528 22845 40243 20886  11666 13846 16011 30975 14101  
28959 34748 38513 75547 34270  15891 22474 19599 42775 17087  
47981 55178 54305 109610 51788  11026 14315 19141 32658 16959  
24582 20784 32041 52114 31326  17478 22503 23193 47729 19889  
31897 34571 44957 82048 40341  14400 25279 17195 43314 14175  
55180 53404 73763 127889 69409  7592 25270 7540 36483 2149  
17495 23391 21324 46096 18828  12042 14965 14555 29854 13306  
43966 55446 51630 108954 47141  13289 17239 18955 36061 16914  
10983 12958 13181 26437 12221  8303 8470 10307 18652 9891  
37562 34262 51260 85833 48496  15957 23487 19716 45963 15948  
34339 53013 43019 101815 35369  16913 20511 22259 41346 20535  
5453 5575 7630 13496 6975  5244 5767 7016 13052 6392  
33227 48556 39412 91573 33818  15723 19581 20126 39924 18180  
16355 17521 22843 41476 20636  13182 16863 16645 34305 14778  
33417 32834 44903 78387 42028  15405 19247 20484 41835 17437  
44097 34168 60527 93622 58942  12924 22738 14394 41123 10031  
5473 7850 6322 14656 5522  5385 6617 6783 13677 6123  
46501 51948 52392 104011 50495  14006 23102 22553 46681 18501  
5466 7859 6851 15403 5827  5432 6495 6996 13773 6317  
30934 47886 37353 89836 31021  16829 20407 22636 42755 20455  
16499 22072 19130 42203 17162  13170 16229 17211 34157 15371  
10918 13858 12761 27095 11650  8918 8936 11629 20538 11005  
28905 38455 36859 78166 32113  15594 21402 19449 41352 17130  
29882 46788 36581 88242 30082  18515 20116 24708 43833 23085  
32792 36360 45557 84449 40843  15393 25709 18309 44778 15308  
33181 39475 39830 80302 36820  16081 19570 21715 41715 19453  
38630 50428 51105 105871 44275  14356 16190 19528 34732 18139  
56446 57030 76019 134653 70614  6164 20494 5077 28123 962  
11054 14364 14647 30237 12707  8736 12891 10955 24827 9276  
46715 46548 58245 104433 55841  10527 19597 12955 32766 10736  
44867 50690 64170 119615 56614  13613 23741 13695 35793 12282  
32890 48561 38651 90824 33106  16054 20145 21249 41777 18946  
30932 43325 40610 88359 34338  16086 21977 20731 42208 18550  
5274 7868 6546 15159 5494  4979 6277 6730 13487 5885  
55461 73162 64757 141114 58260  5129 5214 8841 12344 9104  
32103 30175 42199 72319 40227  15987 20082 22004 44682 18442  
5781 7725 6971 15124 6181  5294 5912 6856 12938 6306  
59170 67979 77010 148010 69960  3297 13277 3111 15492 1237  
16163 14963 22383 37665 20998  12377 15156 16661 33073 14575  
30519 26063 40713 66248 39378  17246 22842 22925 48580 19094  
23956 31008 33373 67881 28483  15759 22829 19911 43026 17465  
16218 18991 19348 38712 18017  12883 14313 17495 32385 15842  
30482 35317 35375 71042 33363  18033 26729 23689 52305 19949  
28275 29192 38501 68846 35435  16352 24827 19544 45608 16602  
5944 7380 7603 15405 6789  4991 6624 5825 12717 5242  
34240 26486 46942 72568 45747  15289 18429 19117 40127 16203  
39920 57737 52089 116076 43550  14305 17787 19342 33957 18439  
53304 68576 67417 140243 59619  7665 12560 10122 21440 8714  
43021 48460 48978 97355 46913  12954 13861 20955 34062 19104  
9756 11828 13809 26881 11983  8167 10133 11392 22349 9949  
5425 5253 7576 13024 7023  4756 4259 6392 10667 6091  
11831 13655 15261 29486 13894  9308 10207 12075 22543 11133  
5854 7820 7257 15578 6382  4720 6179 6418 13169 5520  
5714 7632 7338 15562 6378  5353 6110 6925 13244 6333  
27144 37528 31072 70502 27614  16628 17696 23388 41114 21433  
37192 36505 47401 83773 45247  13884 17063 17944 35784 15906  
32909 31493 44089 75947 41565  14666 18054 17861 36839 15910  
48288 63704 55326 121522 50081  11341 16354 17483 34618 14803  
25882 40167 30978 74913 25764  17449 19181 23532 42383 21733  
17255 23672 20761 45897 18224  12548 17095 15838 33911 13806  
55382 77389 64257 146029 56607  7101 4991 15413 18282 14131  
54262 74953 70252 152065 60008  5970 7213 8903 10619 9597  
53165 47606 72976 120946 69154  8637 23057 8051 36977 2405  
53103 68775 67355 140592 59365  7786 9574 12003 20062 10692  
23477 31042 29503 62617 25892  12502 16405 17578 35134 15095  
5041 4419 6589 10907 6396  5228 5748 6717 12626 6209  
21299 27201 24513 52589 22434  14862 19021 18567 38190 16732  
28936 47877 33446 86164 27162  18679 19816 26105 45152 24162  
33285 39478 37102 76846 35220  17529 18734 26016 44666 23681  
53628 55414 75653 134466 68694  7692 18847 5098 25537 2706  
51096 62078 61841 125956 56609  9115 11425 15018 26356 12783  
34854 29547 45809 74485 44621  14927 17404 19650 39059 16925  
27954 28107 38273 67389 35381  15573 21175 20316 43256 17305  
11006 10712 15173 26223 14104  9525 12195 11511 24166 10366  
57785 66975 77497 148557 69476  4264 11552 3561 14844 1982  
35310 39821 45806 87152 41890  14197 21394 16238 38039 14190  
50907 65056 69930 141549 60242  9882 17190 9729 22038 9773  
19985 16002 27492 43160 26601  15825 20820 20630 43322 17702  
14570 22822 18108 43441 14824  13456 16039 17760 34214 16044  
48851 70962 60893 138219 51571  9687 9316 15738 21046 15402  
5477 7104 6384 13762 5790  5263 7219 6425 14089 5626  
