# NumberOfHospitals NumberOfScenarios TimeHorizon
5 50 2
# DemandeScenario_0_Hospital_0_Period_0 DemandeScenario_0_Hospital_1_Period_0 ... DemandeScenario_0_Hospital_0_Period_1 DemandeScenario_0_Hospital_1_Period_1 ...
# DemandeScenario_1_Hospital_0_Period_0 DemandeScenario_1_Hospital_1_Period_0 ... DemandeScenario_1_Hospital_0_Period_1 DemandeScenario_1_Hospital_1_Period_1 ...
# ...
# ...
# ...
31175 43507 40887 88765 34636  15022 17982 20931 38141 19169  
28925 35629 32044 68207 30091  18001 20613 25015 45795 22794  
21547 20028 29941 50458 28027  14629 18549 19415 39593 16806  
42338 60316 54395 120548 46001  12893 16377 17808 31544 16671  
23517 27832 29567 58459 26950  13922 21333 17463 40416 14567  
29233 32681 37645 71407 34605  15817 23438 20000 44887 16892  
17026 18012 21952 40320 20484  11636 15027 13610 28978 12417  
56102 56836 76698 135633 70804  6585 23444 4565 29433 768  
17294 20790 23058 45248 20489  12606 16279 15179 31941 13667  
5392 6509 7401 14460 6505  4494 6718 5793 13185 4822  
28849 30970 37569 69398 34786  15898 24409 19894 45965 16595  
45326 46244 60162 107491 56049  11382 17100 13264 31676 10866  
44125 42749 60509 104428 56391  13383 21323 15470 39522 11935  
22123 28814 29271 60543 25383  13334 15916 18542 35085 16524  
39881 48494 48367 98487 44231  14131 15502 20550 36178 18434  
5765 6174 7715 14129 7082  5375 6685 6957 14036 6184  
35215 56567 40582 102358 33526  16729 18126 22592 40354 20846  
43381 44189 55011 99372 52129  14145 24720 17925 44267 14189  
14998 24023 17699 44077 14549  11666 17190 14455 32878 12268  
4980 7097 6570 14437 5517  4451 5347 6322 12160 5527  
33826 41245 40716 83286 37297  16269 21515 21607 43880 18955  
34093 43033 37660 81571 35089  18850 24396 27037 52629 23483  
33998 47756 40428 91266 35264  14553 20420 19993 41508 16959  
46780 66151 60873 133675 51421  12915 13093 17270 26260 17355  
34360 46381 40977 89910 36291  15833 20568 20966 42050 18538  
56226 76559 66011 146627 58554  6206 6432 13774 19004 11774  
31393 36520 43927 83617 38742  17436 23298 21352 44887 19060  
38212 55605 47327 107803 40136  16296 16701 22538 37658 21275  
5128 7308 6683 14743 5634  4809 5773 6672 12888 5876  
4881 3756 6751 10395 6570  5253 5986 6626 12792 6103  
5517 7360 7233 15230 6243  5422 6621 6959 13893 6251  
26053 35919 34361 73861 29195  15971 17413 21910 39032 20239  
36963 32672 50920 83802 48320  14432 17494 17804 37783 15050  
24271 18701 33050 51044 32317  16341 21259 19745 42069 17494  
31711 46035 40223 90700 33886  14682 20807 19242 39937 16873  
42619 51883 60760 118422 52484  15873 22407 17066 36900 16366  
56669 71563 75060 152172 65760  4494 11762 4657 12571 4170  
21845 28014 25457 54480 23164  14780 15422 20312 35879 18747  
45708 71688 54931 133662 45381  10810 9039 18636 23587 18070  
27479 36183 36276 75622 31356  15140 18585 20522 39332 18407  
27516 38778 31792 72808 27949  16016 18789 20776 39714 19065  
30672 43027 40371 87858 34088  15378 21653 19958 41150 17739  
53331 62055 69538 134598 62893  8196 15965 9738 25763 7399  
41175 47378 54380 104195 49129  14088 18756 17922 37368 15537  
39120 53587 50122 108235 43107  12794 20101 16044 35673 13845  
27986 40289 34046 77489 29177  16166 18553 20723 39159 19146  
59236 76570 74075 155161 65649  3148 6517 5689 10389 4699  
45123 63788 55837 124680 47955  11799 14433 17504 30316 15838  
57127 60156 77257 139859 70914  5534 21606 3904 25851 629  
20181 16385 27879 44030 26863  15875 21650 20462 44014 17442  
