# NumberOfHospitals NumberOfScenarios TimeHorizon
5 20 2
# DemandeScenario_0_Hospital_0_Period_0 DemandeScenario_0_Hospital_1_Period_0 ... DemandeScenario_0_Hospital_0_Period_1 DemandeScenario_0_Hospital_1_Period_1 ...
# DemandeScenario_1_Hospital_0_Period_0 DemandeScenario_1_Hospital_1_Period_0 ... DemandeScenario_1_Hospital_0_Period_1 DemandeScenario_1_Hospital_1_Period_1 ...
# ...
# ...
# ...
31175 43507 40887 88765 34636  15022 17982 20931 38141 19169  
28925 35629 32044 68207 30091  18001 20613 25015 45795 22794  
21547 20028 29941 50458 28027  14629 18549 19415 39593 16806  
42338 60316 54395 120548 46001  12893 16377 17808 31544 16671  
23517 27832 29567 58459 26950  13922 21333 17463 40416 14567  
29233 32681 37645 71407 34605  15817 23438 20000 44887 16892  
17026 18012 21952 40320 20484  11636 15027 13610 28978 12417  
56102 56836 76698 135633 70804  6585 23444 4565 29433 768  
17294 20790 23058 45248 20489  12606 16279 15179 31941 13667  
5392 6509 7401 14460 6505  4494 6718 5793 13185 4822  
28849 30970 37569 69398 34786  15898 24409 19894 45965 16595  
45326 46244 60162 107491 56049  11382 17100 13264 31676 10866  
44125 42749 60509 104428 56391  13383 21323 15470 39522 11935  
22123 28814 29271 60543 25383  13334 15916 18542 35085 16524  
39881 48494 48367 98487 44231  14131 15502 20550 36178 18434  
5765 6174 7715 14129 7082  5375 6685 6957 14036 6184  
35215 56567 40582 102358 33526  16729 18126 22592 40354 20846  
43381 44189 55011 99372 52129  14145 24720 17925 44267 14189  
14998 24023 17699 44077 14549  11666 17190 14455 32878 12268  
4980 7097 6570 14437 5517  4451 5347 6322 12160 5527  
