# NumberOfHospitals NumberOfScenarios TimeHorizon
3 300 2
# DemandeScenario_0_Hospital_0_Period_0 DemandeScenario_0_Hospital_1_Period_0 ... DemandeScenario_0_Hospital_0_Period_1 DemandeScenario_0_Hospital_1_Period_1 ...
# DemandeScenario_1_Hospital_0_Period_0 DemandeScenario_1_Hospital_1_Period_0 ... DemandeScenario_1_Hospital_0_Period_1 DemandeScenario_1_Hospital_1_Period_1 ...
# ...
# ...
# ...
77197 72213 66080  48390 41578 40352  
83007 88745 99218  59588 44222 29836  
71486 67845 66837  39372 35517 34199  
83414 68158 57794  41368 34177 31007  
43935 46101 50637  37715 31130 28072  
80324 69866 68072  46630 43462 42793  
77825 70671 70155  41382 36542 34759  
130443 107202 95229  36408 32987 32172  
98087 79493 64211  44152 38140 36841  
27386 30556 35486  32988 28158 26025  
27452 26569 26426  22140 20559 19153  
107460 101143 94670  42473 33435 31639  
110224 104781 100550  49317 32892 25573  
58842 54988 53419  37478 33898 32733  
166273 136241 116214  11315 11999 16818  
12064 11885 12546  11145 9669 9340  
64215 64093 66417  42012 37315 34440  
32832 26631 21603  26774 22292 19833  
79098 73511 67147  48132 41463 40481  
42077 40333 40075  30397 26751 25811  
47315 52922 60961  52699 41965 34990  
96535 80716 67608  45374 38552 37673  
100012 93760 89319  50053 37215 31474  
120964 100912 92286  27820 27999 31031  
31407 27729 24974  25864 22327 20773  
128937 121241 120120  39979 24624 14799  
64380 54333 46143  35024 32710 32165  
67201 65594 65366  46212 38856 34858  
83454 68964 58053  42678 38100 37181  
40921 39307 38251  35184 29238 24865  
79402 65517 57360  36845 32442 31863  
60745 61212 64920  27600 29278 31169  
109987 100544 99313  41083 31557 25821  
53176 49821 46164  35138 33897 34994  
121873 111496 105606  38798 27889 22710  
72292 68083 66035  46226 37184 32871  
16484 13240 11059  14427 11571 9137  
113896 106116 99869  41104 31862 29431  
27999 26499 26533  18839 18772 19968  
106360 104715 106357  47867 32604 23395  
122823 106193 98281  37921 32656 30339  
92103 80922 71567  46085 35769 30810  
58865 55975 58170  50062 38712 31577  
99167 77064 59965  44096 40480 40707  
94067 76725 61363  42067 39347 41675  
91924 83388 77725  42951 36336 34525  
137160 112212 98193  32964 31646 32945  
116823 93202 76263  38728 36668 38223  
111613 98879 90712  42782 33634 30298  
26276 23498 23012  19213 19798 21294  
63839 62654 65138  48932 40561 34991  
31050 25780 21079  24728 22559 21451  
55106 57870 63508  43229 38876 35594  
33995 32469 34031  37455 32673 29740  
133368 109420 93305  28531 28632 33465  
144083 132882 123618  27475 12729 10239  
80266 73925 75459  58001 48573 41285  
97446 104582 115349  57325 36631 19333  
10862 11199 12280  13578 11590 10704  
122060 111582 105680  38655 28670 24579  
114033 97564 85127  41793 32085 28360  
32687 28299 25380  25245 21988 20645  
31670 27397 23977  22954 21840 21671  
164187 134054 114595  12201 15069 22343  
31996 33514 37059  36927 30335 26593  
29438 26953 25023  25451 21587 18585  
93674 80982 78249  48729 43689 41238  
24316 24372 25822  24535 21477 20251  
84756 80929 80308  47890 36832 29111  
33256 26156 20701  26474 22517 19650  
87769 83241 77078  51647 40113 36240  
51947 48052 48317  36009 33604 33250  
13706 12931 12249  13599 12430 12096  
44642 38041 34968  33448 29231 27537  
85104 80420 73416  48967 42366 42776  
117183 109621 110965  33672 26143 20209  
44763 38997 36563  32651 29019 27780  
87239 81943 79353  48006 38374 33533  
94234 91631 90614  52785 37296 28499  
39706 34561 33030  37843 32574 29218  
40795 36110 34876  30559 28167 27952  
106498 95776 91420  47365 33592 24815  
81676 63287 48324  43875 40566 40920  
16428 13987 12197  14878 11864 9913  
39966 39257 39506  35738 30828 27726  
15368 13798 12651  13030 12096 11467  
148160 125968 112133  19592 17193 19280  
97839 84819 75937  44245 34306 29783  
14101 13394 13017  14041 11800 9874  
40113 39370 39953  34691 30186 27004  
90202 82864 78243  40385 34608 31792  
100324 80745 65754  41607 37594 38618  
167896 136461 113247  8766 10863 19198  
33719 39074 46503  47264 39475 34412  
15186 13856 13294  9323 9903 11069  
41778 49240 58853  36272 34051 33115  
123676 106334 101447  35851 30087 26887  
14188 12568 10967  12602 11225 9918  
89797 91543 99278  56949 42536 29798  
82343 70704 63016  40341 33063 30309  
114928 90630 73695  41399 38876 39804  
13187 12443 11625  12117 11398 10735  
81860 70714 63657  33842 33341 35430  
53213 55677 61572  31044 32020 33077  
13609 13142 13333  12474 11998 12060  
54720 49660 44330  42324 35644 32017  
92356 93363 100377  44053 34214 26146  
75740 70821 72040  54681 43191 35389  
112682 99663 98758  56672 43538 32371  
69029 71948 77803  53064 40477 32486  
30120 27491 25669  22970 21108 19733  
90849 87544 92205  32132 32427 31001  
95254 82902 76404  33508 27058 25050  
118510 111695 104072  47478 28791 23186  
88318 74050 67067  39980 37424 38064  
31229 28020 26387  24182 21757 19923  
123348 111848 106187  41548 28130 20892  
79628 66480 60967  49550 44328 42063  
33059 26117 20588  26482 23358 21820  
25516 22369 21642  23074 21858 21973  
78533 67574 61918  36014 32281 32104  
91945 82566 78553  32907 28288 27524  
79398 66650 55837  46476 38094 34478  
109303 104915 110850  43688 30410 19956  
76861 69622 64862  45419 37554 33436  
50166 41728 35986  35047 27912 23563  
118734 116659 116396  32428 23744 17819  
93161 90210 92336  45378 37136 30756  
112021 85457 63103  43017 42089 47118  
62989 47168 33705  42225 38218 37096  
159774 141186 128955  17646 7563 6270  
47051 38630 33734  28633 26938 27654  
100580 82976 70757  40327 37397 37923  
125186 112559 105038  36487 26955 23613  
100204 85212 81637  59587 47442 37925  
85051 77729 76301  49983 40026 33817  
128917 121797 118041  38835 21656 13595  
88833 93476 105059  62137 45215 28330  
93404 76994 62347  44423 40040 41137  
83422 83812 89287  49485 39361 31797  
14856 13794 13342  14566 12128 10135  
14724 13743 13316  14920 12819 11568  
141434 124052 115363  23348 18742 17673  
91677 98072 110138  60189 40702 23356  
28503 25064 21664  26822 21452 17365  
90876 83363 79005  45592 37211 33668  
69985 66059 63079  47306 36686 30022  
145907 123721 106152  20184 17973 23039  
51460 48503 49432  46457 37103 30949  
33191 28174 24757  21086 20910 21800  
110644 87097 66498  44262 39531 41177  
66463 54548 46643  33081 28521 27586  
27293 26477 26358  23494 21851 21563  
97092 84538 77158  40323 32043 28652  
83046 79449 77297  52261 39696 33402  
81842 67802 61406  39344 38265 40193  
33405 26873 21858  26875 22651 19752  
116413 102180 98706  32184 28720 27591  
162761 140640 124740  14836 8101 9711  
67169 54500 45329  39109 35752 35329  
47877 37164 27991  35914 31830 30390  
48737 42324 38469  28171 26798 27624  
33440 26667 21733  25699 22327 19819  
97798 74611 56206  44586 38816 36398  
9551 10506 12051  11429 10510 10577  
38821 36734 34250  30576 29077 28921  
119907 101938 93331  37843 34385 33672  
111524 96564 88551  41214 35068 31928  
57364 54022 53493  43196 35928 30914  
70921 73215 78391  51413 40726 33733  
16137 14126 12923  10391 10738 11645  
101037 91748 83394  39091 34260 34630  
108253 88849 77796  43314 36813 33893  
38154 32912 31382  26097 25802 27491  
160220 127458 99354  13460 16324 28116  
65838 63650 61645  47032 39807 36740  
95096 80892 69024  41089 37526 38747  
59696 53191 50757  44084 34654 28470  
125362 112194 103446  33150 25358 22807  
137198 119140 103274  31309 20750 20304  
106048 103857 106511  42420 30679 22733  
148703 121175 99219  21072 19906 25405  
98092 76000 58070  42517 38684 38260  
44295 38820 33744  32404 30082 29663  
14026 11669 10577  14013 12681 12149  
99849 82317 70684  37814 34706 35886  
27263 26507 26658  20040 20044 21008  
53473 49090 48877  44652 37884 33540  
99485 93293 88693  49187 37215 32381  
44942 39766 35240  30047 26779 24303  
79160 82864 90167  47154 36192 28756  
132807 109748 94643  33813 30114 30455  
82998 77087 76804  46435 38263 33612  
113725 106789 106124  43919 32125 23366  
16342 13128 10493  14838 12891 11694  
63618 58739 59184  46802 39642 35645  
57932 54604 53403  43937 35928 30853  
12564 11301 11192  10958 11018 11716  
113305 110497 117223  52438 36084 19702  
92696 74545 63662  46033 41494 40232  
35617 36271 38795  33940 30727 28538  
109489 98010 90270  42640 32827 28468  
63475 56218 51254  41729 35278 32287  
137226 132334 133694  37287 17279 3672  
16173 14021 12469  14476 10833 7877  
79170 70535 65599  41404 34579 32021  
78433 59132 42459  45472 38662 35053  
65732 54191 44960  41914 35334 31888  
105342 103029 101753  47530 34240 27779  
53383 49610 49804  46476 37880 31875  
71581 67871 66511  45991 38346 34093  
9931 10828 12286  10185 10607 11511  
96875 103346 114337  58408 38453 20154  
15869 14095 12962  13832 11965 11154  
96557 97373 103483  54881 39199 26503  
46889 41656 39115  29633 27988 28244  
14496 12421 11536  12052 11216 11315  
56521 49093 46359  38366 35210 34442  
26369 25779 26505  25236 20974 18852  
85933 80108 81674  37611 35395 34370  
31932 28226 25812  27493 22634 19481  
13322 12842 12449  14711 12899 11889  
15008 12732 11638  13928 12703 12173  
143682 111084 83226  23629 27879 39735  
15689 12630 10769  15273 12736 10967  
43782 37999 35661  35320 28404 24284  
14262 12266 11471  13733 11387 10174  
63169 52976 47288  37435 31613 29235  
33134 27153 22459  26243 20252 15551  
11773 11259 11753  10522 10454 11141  
150195 126230 109679  21043 17934 20130  
89843 75027 69175  56066 48291 42993  
100386 91666 89708  34765 29961 28206  
89991 89151 92591  36293 30188 26526  
14520 13650 13380  13755 12402 11445  
92169 79952 74204  41760 37716 36570  
44479 40627 39415  34388 30159 27106  
116735 92193 73689  37498 33868 33268  
99275 80252 65085  42793 39060 39993  
71609 67367 64687  43746 36435 32020  
148705 125163 110260  20497 18931 21983  
65209 66980 73309  43931 37167 33117  
90668 90264 93068  44897 36219 30137  
18925 21285 24533  20914 20175 20659  
100037 78961 63119  41155 38706 39439  
162894 132356 107081  12703 13633 23436  
110628 85838 64253  41643 35356 33673  
65012 50601 38674  40375 36217 34526  
13371 13081 13343  14301 12106 10991  
163482 141587 127065  13489 7652 8466  
148690 127050 112856  24016 18829 19605  
38304 38264 39793  22899 23156 24970  
66159 52709 43381  41846 34502 30050  
30463 26103 24016  18756 16073 15520  
63392 50731 42760  43246 36744 32465  
98835 92908 92575  51092 37717 29037  
63009 66134 73411  55536 44528 36492  
126466 108178 98422  39003 31670 27757  
12368 12580 13177  14787 12737 11229  
94190 70238 49833  45873 42731 43571  
22265 19713 19594  25354 21871 20310  
87243 81544 80187  39431 34045 31903  
115591 119798 129386  43273 25700 7809  
117426 96923 82095  39025 30785 27030  
47971 40371 36047  28893 24296 22664  
119066 104909 99318  41963 34239 29322  
16434 13833 11838  13045 12247 12197  
62910 53884 51099  41631 38974 39008  
14570 12380 11398  14976 12977 11720  
72151 64570 57437  47687 40148 37917  
95682 89801 84194  49791 37029 31571  
132654 103621 81332  33738 34148 39521  
92124 95688 103481  57341 40328 26069  
40010 41838 46809  30882 30684 31717  
46249 39768 34115  29851 27708 26545  
89397 83827 86964  38520 37096 35442  
64008 60758 62221  29991 30166 31867  
140817 133596 129120  35303 15423 7392  
120418 106765 95021  35295 30478 32707  
14794 13616 12783  12953 12201 11838  
60372 60996 64835  45791 39676 34630  
65675 52936 44496  40069 31934 25220  
57010 51178 49575  45573 37052 31000  
55866 52744 50343  44889 36487 31658  
123556 110960 101958  39254 26728 21849  
49985 41292 34688  34094 29335 27510  
87907 73898 67177  35888 30672 29517  
82758 69772 61480  40727 34564 32526  
63345 54205 49314  32810 32620 34028  
86054 81422 79347  45374 37510 33272  
13730 13030 13142  15124 12737 11276  
43891 40929 39150  28025 27534 28227  
93739 78798 70700  35934 32084 32147  
62871 56353 52496  34443 32168 32522  
29342 27413 26775  26611 22530 20344  
61778 51451 45823  28753 24789 24316  
16370 13698 11596  15000 11698 9358  
112242 98586 90828  42109 32716 28572  
16293 13745 11746  13596 11976 10648  
46436 40219 34938  37097 29713 25401  
