# NumberOfHospitals NumberOfScenarios TimeHorizon
1 300 4
# DemandeScenario_0_Hospital_0_Period_0 DemandeScenario_0_Hospital_1_Period_0 ... DemandeScenario_0_Hospital_0_Period_1 DemandeScenario_0_Hospital_1_Period_1 ...
# DemandeScenario_1_Hospital_0_Period_0 DemandeScenario_1_Hospital_1_Period_0 ... DemandeScenario_1_Hospital_0_Period_1 DemandeScenario_1_Hospital_1_Period_1 ...
# ...
# ...
# ...
47740  29999  12881  8217  
55411  31840  11817  4025  
24265  21932  13657  10355  
45156  24141  16091  8920  
9320  7545  7759  6815  
34701  24304  13538  11964  
76222  21371  4172  2711  
26686  16753  14162  12844  
66281  22230  10292  3901  
24160  21602  15698  11114  
26512  19508  14071  11323  
53953  24179  12580  7980  
58981  22458  14586  6103  
51626  23265  16733  6995  
73395  23243  6511  2004  
75100  21679  6087  1736  
69366  23872  8562  3140  
17168  15693  12779  10265  
9549  7594  7685  6712  
92912  11820  918  354  
79310  17796  5461  2778  
74368  24867  5495  818  
37006  28451  13587  10973  
43692  26374  14622  9246  
46739  23856  14138  9030  
44708  32124  13181  6287  
34448  23814  14427  11502  
67871  26770  7675  2320  
42234  26731  13911  7183  
84817  16328  3519  970  
70047  21759  9060  3488  
73604  25783  4874  1182  
67476  26095  6049  4318  
27978  19869  14369  9658  
54100  27834  12401  5617  
15961  14270  11916  11516  
42325  26443  16424  6768  
27089  20549  15729  10742  
40490  22796  16140  8895  
92944  9931  2946  150  
49609  29885  14308  5200  
49728  30566  13240  5732  
27782  20262  15565  10339  
87395  14248  3725  574  
61594  27510  10179  4184  
69083  25797  7660  2127  
73793  24106  4910  1356  
61647  27136  9740  4537  
41308  25065  15883  8339  
17865  15454  12458  10364  
8843  8100  7468  6557  
73030  27107  3772  1509  
64306  23084  11212  4717  
24111  17806  16959  8990  
82574  17272  5003  760  
45087  27111  14608  6771  
15332  15630  11769  11196  
8750  8672  7699  7125  
76225  20065  6322  2115  
56036  26507  10760  6380  
56133  25804  11767  6015  
27754  20061  15317  9820  
82560  16376  4661  1968  
34994  21616  17766  8728  
64815  23948  10018  4223  
94625  7416  2448  1018  
50110  27269  12741  8311  
79046  18358  6159  1955  
34196  25106  14696  9580  
44450  24580  13953  9693  
18360  15596  12155  10225  
71205  22963  8333  2421  
18778  13516  13209  9448  
31444  26668  15570  11066  
31687  24799  17536  11423  
34829  23473  15231  11415  
9517  8495  7317  7118  
58860  28579  11674  3924  
93263  11333  1076  292  
75339  21844  5777  2127  
75512  18888  8031  2078  
55499  24617  12586  6764  
41331  28000  14318  9105  
65627  24331  7582  5382  
61373  27891  8303  4779  
78725  19070  6583  1088  
32559  26262  13653  11734  
41154  24648  14860  9152  
78553  21495  4479  1077  
47598  22872  15362  9003  
73568  20404  5341  3205  
16857  14598  12870  8289  
26787  19330  13114  12490  
36793  23587  11629  11622  
25788  18959  14887  12280  
71958  16413  10749  4705  
23561  20448  14961  12091  
72844  25454  5996  915  
7764  8070  7930  7187  
24241  20790  14400  11482  
54113  27895  10165  5547  
93536  9548  2507  417  
87375  15667  2587  279  
8216  8317  7981  6385  
51005  23375  15630  8248  
9508  8352  7330  7152  
45521  25798  13896  8197  
95209  7246  3324  185  
74520  22509  5629  2251  
46558  24501  13890  9247  
27811  18255  15559  10939  
17449  12175  12270  10779  
60876  28327  9140  4219  
17570  15050  10917  10001  
75859  23843  4276  1391  
70770  25240  6647  2318  
90673  12860  2000  445  
18447  13852  11700  10815  
55849  35723  9973  2820  
29555  26714  16444  8344  
33256  25580  14499  11013  
8732  8362  7528  6864  
26581  17613  16346  11625  
15613  14295  13392  8412  
89709  14968  1188  145  
73626  23256  6064  2085  
7698  7936  7176  5875  
66547  22387  10268  3964  
65684  27739  6659  4050  
75632  18826  7993  2612  
89475  13370  2754  270  
87387  13997  3357  942  
45372  25347  13949  8781  
73010  22389  7625  2118  
53687  25940  13261  6375  
52968  29053  15223  4297  
24268  20452  14894  10625  
9189  6349  8030  7142  
33996  24757  16517  9662  
34594  22428  16337  11636  
75519  19862  5865  3381  
18580  15689  12745  10151  
65010  19707  12168  5611  
25018  21710  15417  10843  
43502  33459  14809  7142  
41862  20752  18425  10073  
17761  14423  13174  8293  
75945  24618  3164  1512  
70863  20339  10619  2484  
47237  24801  13968  7153  
60227  27092  11086  3905  
46876  26588  12380  7945  
31231  24923  17753  10545  
8563  8397  7897  7056  
26547  20581  14434  11940  
71834  23424  7030  2640  
82532  15485  6391  1045  
54971  28836  13961  4024  
42367  25634  14360  8627  
62528  26736  10452  3450  
53404  23546  11994  9056  
48795  30752  14171  6589  
25637  18165  16463  10404  
16478  11620  12839  10878  
17431  15665  13013  10585  
56261  26291  12478  5302  
72459  27142  3526  2038  
55635  27061  12491  5780  
34297  25060  14466  9338  
16500  16108  12035  10802  
34472  21094  16529  12108  
7476  8391  7329  7346  
37302  19506  13038  10971  
80291  20658  3813  965  
46417  25863  13185  8778  
47570  23407  15021  8210  
9353  8426  7539  6523  
41419  23796  15626  11292  
37591  24053  14113  10613  
18350  15592  12293  9571  
84888  16694  2714  910  
79639  19560  5117  1339  
73477  22362  6657  2213  
35080  20561  13483  13084  
17168  15379  10852  10452  
76313  18682  7776  2505  
61715  27655  9126  3769  
83606  15808  5089  1228  
69136  25882  6106  2817  
85647  17929  1887  543  
41492  27079  12601  10468  
17675  14776  12411  9937  
79446  17338  7450  1017  
60559  27621  11000  4154  
54756  25362  11163  7580  
25463  18177  15889  11504  
47399  26123  14040  7660  
9297  7929  7025  7097  
89483  12545  2303  1010  
35199  22770  15979  9225  
25598  21226  13616  9840  
36524  22537  16156  10675  
62403  25938  11126  4102  
71723  25720  6723  1403  
24414  20894  16121  10989  
8590  7415  8048  6917  
37290  24601  12293  11374  
35191  25507  14244  11166  
54677  30970  12778  4508  
15461  14247  13772  9461  
74236  20222  7778  2253  
55917  25195  11703  5305  
67725  26302  8085  2714  
26655  19419  16054  9463  
28328  18255  14855  9985  
65778  27349  9009  2719  
75689  17600  7669  3428  
17626  13691  11142  11134  
9156  8169  6479  7213  
63698  23410  11726  3524  
37091  24109  15163  9759  
68466  26955  5673  3370  
24986  19200  14977  12020  
36855  22944  14865  10823  
51143  25831  15311  7048  
79098  21667  3307  1323  
16246  14384  11792  10212  
70667  23090  8502  2457  
86100  14369  3404  1741  
33991  23779  16950  11218  
36071  24549  16249  9017  
28164  18783  15345  11111  
51560  25016  13537  8515  
44861  27163  13732  8987  
25668  18800  15046  8785  
26280  21145  14448  10094  
42590  28131  16902  5670  
56653  29735  10703  5745  
25474  17635  15591  10772  
9386  8119  7147  6212  
73111  23259  4742  2980  
15592  13128  12792  9847  
91210  11224  3048  494  
47292  23617  14486  9099  
60490  26659  10902  4821  
48535  28994  15150  6748  
57553  25997  10537  5196  
84646  16893  3386  994  
72525  23380  6463  2138  
51146  22342  17324  7198  
58746  27935  9896  4448  
75518  18352  6531  3518  
9378  7481  6558  6879  
83144  15428  4694  2246  
8619  8332  7247  7075  
84312  14947  5296  1130  
84639  14093  6772  375  
33060  26123  15729  9008  
73825  21261  7557  2206  
79873  16865  7033  2037  
65338  23968  8751  4769  
57723  23210  13049  7028  
27235  20993  13054  11722  
59148  24319  13591  5611  
68199  21398  9007  4690  
27869  18799  14473  10301  
59446  29215  10605  3957  
36792  24774  15476  10088  
8835  7943  7004  6504  
17502  13716  13439  10014  
37464  19059  16252  9041  
23920  20818  15105  11945  
49855  28096  13894  6180  
94359  8528  2531  317  
75288  17541  7605  3987  
56014  29551  10173  4506  
51209  27010  14001  6760  
61427  27278  10067  4526  
34705  23037  16956  11078  
64932  23957  9865  4641  
84262  15491  4755  990  
37807  24509  15189  9976  
36156  25190  14478  8810  
79885  16232  6980  1856  
23454  20546  14985  10365  
92908  11356  1500  243  
65063  22666  13400  2903  
41238  25266  16690  8369  
34481  25401  16563  10118  
70799  19821  11345  2538  
63688  26244  9808  3767  
25770  20555  14810  11343  
26712  19717  14951  11779  
38903  24847  17245  9762  
47386  25394  14934  8180  
51727  28643  13476  5861  
8610  8153  7651  5630  
44668  23673  16774  9382  
56977  29120  8322  7128  
43686  21728  17609  9559  
