# NumberOfHospitals NumberOfScenarios TimeHorizon
1 50 4
# DemandeScenario_0_Hospital_0_Period_0 DemandeScenario_0_Hospital_1_Period_0 ... DemandeScenario_0_Hospital_0_Period_1 DemandeScenario_0_Hospital_1_Period_1 ...
# DemandeScenario_1_Hospital_0_Period_0 DemandeScenario_1_Hospital_1_Period_0 ... DemandeScenario_1_Hospital_0_Period_1 DemandeScenario_1_Hospital_1_Period_1 ...
# ...
# ...
# ...
47740  29999  12881  8217  
55411  31840  11817  4025  
24265  21932  13657  10355  
45156  24141  16091  8920  
9320  7545  7759  6815  
34701  24304  13538  11964  
76222  21371  4172  2711  
26686  16753  14162  12844  
66281  22230  10292  3901  
24160  21602  15698  11114  
26512  19508  14071  11323  
53953  24179  12580  7980  
58981  22458  14586  6103  
51626  23265  16733  6995  
73395  23243  6511  2004  
75100  21679  6087  1736  
69366  23872  8562  3140  
17168  15693  12779  10265  
9549  7594  7685  6712  
92912  11820  918  354  
79310  17796  5461  2778  
74368  24867  5495  818  
37006  28451  13587  10973  
43692  26374  14622  9246  
46739  23856  14138  9030  
44708  32124  13181  6287  
34448  23814  14427  11502  
67871  26770  7675  2320  
42234  26731  13911  7183  
84817  16328  3519  970  
70047  21759  9060  3488  
73604  25783  4874  1182  
67476  26095  6049  4318  
27978  19869  14369  9658  
54100  27834  12401  5617  
15961  14270  11916  11516  
42325  26443  16424  6768  
27089  20549  15729  10742  
40490  22796  16140  8895  
92944  9931  2946  150  
49609  29885  14308  5200  
49728  30566  13240  5732  
27782  20262  15565  10339  
87395  14248  3725  574  
61594  27510  10179  4184  
69083  25797  7660  2127  
73793  24106  4910  1356  
61647  27136  9740  4537  
41308  25065  15883  8339  
17865  15454  12458  10364  
