# NumberOfHospitals NumberOfScenarios TimeHorizon
1 100 4
# DemandeScenario_0_Hospital_0_Period_0 DemandeScenario_0_Hospital_1_Period_0 ... DemandeScenario_0_Hospital_0_Period_1 DemandeScenario_0_Hospital_1_Period_1 ...
# DemandeScenario_1_Hospital_0_Period_0 DemandeScenario_1_Hospital_1_Period_0 ... DemandeScenario_1_Hospital_0_Period_1 DemandeScenario_1_Hospital_1_Period_1 ...
# ...
# ...
# ...
47740  29999  12881  8217  
55411  31840  11817  4025  
24265  21932  13657  10355  
45156  24141  16091  8920  
9320  7545  7759  6815  
34701  24304  13538  11964  
76222  21371  4172  2711  
26686  16753  14162  12844  
66281  22230  10292  3901  
24160  21602  15698  11114  
26512  19508  14071  11323  
53953  24179  12580  7980  
58981  22458  14586  6103  
51626  23265  16733  6995  
73395  23243  6511  2004  
75100  21679  6087  1736  
69366  23872  8562  3140  
17168  15693  12779  10265  
9549  7594  7685  6712  
92912  11820  918  354  
79310  17796  5461  2778  
74368  24867  5495  818  
37006  28451  13587  10973  
43692  26374  14622  9246  
46739  23856  14138  9030  
44708  32124  13181  6287  
34448  23814  14427  11502  
67871  26770  7675  2320  
42234  26731  13911  7183  
84817  16328  3519  970  
70047  21759  9060  3488  
73604  25783  4874  1182  
67476  26095  6049  4318  
27978  19869  14369  9658  
54100  27834  12401  5617  
15961  14270  11916  11516  
42325  26443  16424  6768  
27089  20549  15729  10742  
40490  22796  16140  8895  
92944  9931  2946  150  
49609  29885  14308  5200  
49728  30566  13240  5732  
27782  20262  15565  10339  
87395  14248  3725  574  
61594  27510  10179  4184  
69083  25797  7660  2127  
73793  24106  4910  1356  
61647  27136  9740  4537  
41308  25065  15883  8339  
17865  15454  12458  10364  
8843  8100  7468  6557  
73030  27107  3772  1509  
64306  23084  11212  4717  
24111  17806  16959  8990  
82574  17272  5003  760  
45087  27111  14608  6771  
15332  15630  11769  11196  
8750  8672  7699  7125  
76225  20065  6322  2115  
56036  26507  10760  6380  
56133  25804  11767  6015  
27754  20061  15317  9820  
82560  16376  4661  1968  
34994  21616  17766  8728  
64815  23948  10018  4223  
94625  7416  2448  1018  
50110  27269  12741  8311  
79046  18358  6159  1955  
34196  25106  14696  9580  
44450  24580  13953  9693  
18360  15596  12155  10225  
71205  22963  8333  2421  
18778  13516  13209  9448  
31444  26668  15570  11066  
31687  24799  17536  11423  
34829  23473  15231  11415  
9517  8495  7317  7118  
58860  28579  11674  3924  
93263  11333  1076  292  
75339  21844  5777  2127  
75512  18888  8031  2078  
55499  24617  12586  6764  
41331  28000  14318  9105  
65627  24331  7582  5382  
61373  27891  8303  4779  
78725  19070  6583  1088  
32559  26262  13653  11734  
41154  24648  14860  9152  
78553  21495  4479  1077  
47598  22872  15362  9003  
73568  20404  5341  3205  
16857  14598  12870  8289  
26787  19330  13114  12490  
36793  23587  11629  11622  
25788  18959  14887  12280  
71958  16413  10749  4705  
23561  20448  14961  12091  
72844  25454  5996  915  
7764  8070  7930  7187  
24241  20790  14400  11482  
