# NumberOfHospitals NumberOfScenarios TimeHorizon
2 200 4
# DemandeScenario_0_Hospital_0_Period_0 DemandeScenario_0_Hospital_1_Period_0 ... DemandeScenario_0_Hospital_0_Period_1 DemandeScenario_0_Hospital_1_Period_1 ...
# DemandeScenario_1_Hospital_0_Period_0 DemandeScenario_1_Hospital_1_Period_0 ... DemandeScenario_1_Hospital_0_Period_1 DemandeScenario_1_Hospital_1_Period_1 ...
# ...
# ...
# ...
79183 51945  45581 20621  20646 11398  11627 4654  
36339 19863  34316 16891  21796 15335  16293 10544  
59248 28449  39627 23099  22956 14835  16121 7013  
145742 62469  18070 21261  4344 6961  513 1186  
41816 21749  34473 19479  24391 14201  18189 10393  
88897 45338  41218 25205  19476 12308  10094 4112  
109761 70307  37852 16883  14477 3750  4403 1067  
14587 7495  13469 7494  12177 6218  10359 5362  
30569 15336  25345 13590  20537 11557  16816 9265  
43959 21055  31076 13509  22561 10021  18358 10404  
30766 16666  22110 13174  21084 10328  17066 9618  
90257 61635  42819 20563  20370 6799  9674 2134  
43439 19501  34091 17734  23246 11895  18305 10473  
145705 69378  14225 18288  7857 4261  830 315  
61606 33566  32555 22120  27351 13159  14720 8955  
74881 33594  41092 23758  21790 12726  13852 9778  
26597 16336  22272 14515  21863 11110  17827 9041  
28870 17578  22112 14243  19624 10927  17858 8805  
43446 24810  33944 16987  21628 14413  18842 8364  
82935 58398  51109 21405  21446 7825  6466 2770  
96164 59383  46856 20487  13172 7795  6323 2408  
30088 14545  22833 9238  20821 11653  17018 9368  
75274 44597  49330 26974  17851 9512  11676 4936  
28990 17290  25493 13143  16005 10879  17323 9246  
119892 69416  31637 17183  12279 3506  3720 1389  
27887 15838  23124 14448  18938 8987  17833 9626  
134339 59964  27427 25370  5113 3963  1357 2052  
107220 51575  35206 25909  15131 8111  7085 4061  
69507 39641  45392 23019  21212 10699  14506 8937  
72592 52107  44158 23045  24853 8753  8323 4248  
14478 7444  11208 5985  9592 6434  9970 5882  
106893 53119  34911 18543  13539 10711  8144 5628  
31686 24017  27897 16492  23225 13988  22354 10484  
116129 67227  43089 20820  5548 3393  2177 552  
21993 16353  19087 13288  21996 11856  14069 7826  
45030 20750  32634 15305  22725 13323  18331 10517  
122549 67773  30726 18163  10341 3860  3469 1938  
83280 51949  46097 18988  18649 8966  11253 6721  
133205 58537  28445 26846  5255 4265  1495 1796  
137640 73236  25273 13627  4734 4122  961 886  
97574 60658  36468 19885  19741 7911  6554 1910  
15338 7841  13640 6163  12702 6583  11582 6375  
111151 66822  38259 17626  12684 4801  4894 2423  
45666 23046  31932 19881  24933 12442  16627 8561  
12116 6418  12608 8065  11603 5915  9616 5038  
98545 52538  36012 23123  20812 9751  8105 3639  
60647 31191  39012 19241  24553 12617  15996 10550  
86654 61056  50092 20710  19429 6976  6119 1985  
12400 8753  14131 7716  13015 6801  9097 6231  
28354 11464  25418 14325  20571 11157  16703 9102  
106414 70882  30793 14631  20750 5166  7374 1238  
84517 53102  39941 21143  15576 9482  15212 4218  
79754 45765  48660 24808  20322 12546  9940 4411  
96283 53353  48689 25708  13401 7988  5429 3068  
115940 65658  40971 18521  7201 5048  2143 1735  
29881 17471  23794 13513  18324 9524  16553 9645  
107288 79466  48321 10727  7835 1604  2569 390  
74866 35653  39457 17668  23136 17895  13364 9290  
55748 29050  39770 19101  20253 13848  19260 9690  
84889 58560  45721 20496  17339 8430  12576 2828  
69046 50958  51491 22748  23276 9520  12246 5190  
107903 56453  34110 22668  16851 7754  6303 3506  
61300 39281  45964 24592  23735 13135  16434 6037  
24859 14974  25439 13856  20651 11097  16600 8040  
75377 41054  41505 21762  21505 9968  12343 5913  
78941 51605  44718 22848  23388 8833  8208 4763  
90908 46522  49423 25721  14737 12816  7552 4636  
141078 84044  23300 6823  3756 1156  664 259  
128701 80042  25485 9466  10701 1800  3147 948  
56110 33495  34922 22486  18760 12687  18922 9081  
73871 32077  38661 18343  20725 10753  15900 13859  
92768 47812  39461 18342  18591 15106  7923 5347  
105866 48269  38107 28296  15745 9563  5547 3479  
122087 76446  34491 12849  10056 2193  1350 546  
15420 8361  13855 7779  12283 7190  10578 4380  
82956 53164  47229 19693  18407 10366  10096 4898  
104543 57820  27244 14497  21284 12050  10080 4466  
29812 16097  25034 13508  19678 11995  16262 7004  
59127 33935  40132 19609  23057 11652  14073 9146  
144635 83903  20512 7036  2441 1009  507 171  
15094 8289  13194 7242  11711 6866  11541 5767  
27178 17558  16229 13019  21153 9611  14775 9749  
72218 43869  40951 23266  22320 9756  13407 6843  
138333 71825  24566 15373  4483 4381  1113 429  
65633 42903  44813 20466  15595 12216  17451 8038  
62286 38372  43847 22188  25972 15226  13056 6457  
27539 17096  19154 12354  16912 9572  19181 9681  
87929 48318  37795 20818  18895 11117  12453 6990  
77137 38305  37436 20119  24353 15412  12399 8494  
57797 35270  37645 19161  26844 13271  13640 8288  
107065 57746  38241 18070  14020 8744  5313 4444  
54493 28380  35934 21200  25545 16275  17139 8338  
23001 13747  20446 14037  20026 9313  16774 8484  
138032 68171  22859 14402  5935 7538  1537 1842  
103979 46582  40951 26762  13198 10653  6524 5489  
85983 35549  37215 17206  19754 12809  13311 12490  
11664 6644  10433 7275  12052 6073  11335 6030  
60461 38894  43643 25351  24662 9989  12067 7483  
46992 25276  42579 24704  26987 12582  14337 10145  
132266 75599  29406 13927  5967 2004  847 662  
82061 47116  45057 25858  16870 9231  12902 5470  
76236 43608  50703 26464  19708 11712  10798 5026  
42931 26553  29881 17155  26339 11893  17093 9160  
91931 57012  39172 17897  18789 10957  8657 3094  
60875 28875  36586 20535  25514 14451  15317 7404  
40657 21257  35263 18948  25386 12631  14277 9897  
105131 60238  37984 20390  11146 7079  9210 2251  
119425 58801  35039 25043  8206 5468  4499 1968  
133958 61624  26599 24406  5351 3849  2297 1713  
13312 8858  11824 6953  11187 7238  11864 5964  
30850 15050  23243 14820  20346 11794  15628 8469  
64475 39482  38489 21119  28845 14389  13921 6148  
28519 11965  25145 13462  19714 9111  17369 10299  
14603 8257  11994 5909  11706 7258  11756 6280  
110464 67131  41587 18442  11575 4762  3503 1231  
72797 31079  41197 21192  21368 14849  14516 9844  
61309 29587  36165 22095  25311 12708  16535 9184  
55618 30916  36505 23109  27804 11744  17485 9683  
73668 43869  39557 22714  22700 12328  13428 6373  
36093 24611  30993 18953  25409 12233  15449 7709  
60489 41102  38518 22537  30647 13600  15680 7235  
110679 55310  40849 27598  8608 5875  4908 2317  
51028 34795  41522 20915  25009 14022  18237 8147  
92483 49256  33846 23381  21407 11229  11169 3559  
113022 47280  34862 28164  10961 10227  5944 3826  
152888 85156  13145 4766  2286 2000  471 298  
75400 34876  42341 23478  20613 12473  13487 9807  
98493 40272  41268 31422  14770 10458  9020 6053  
106044 51635  36657 22293  15151 10455  6294 4842  
74882 51438  32709 20915  29365 10444  14460 4771  
145776 86694  17680 3351  4722 2263  683 30  
30237 17253  25210 13520  18626 10266  14941 9398  
14502 8474  14168 7156  12414 7120  11418 5372  
106876 66079  41802 15326  11991 8011  3874 2031  
108545 54802  37183 21269  13970 9209  4532 3912  
30666 14599  23173 10720  20864 10869  16593 8218  
12613 8772  13053 7789  11777 7066  11937 6292  
63668 42492  39026 23654  25925 12553  18483 6149  
70070 44228  40746 23126  23488 10462  14709 6593  
147340 82918  17076 9061  3932 339  574 24  
108504 79422  36964 9071  20538 3618  1737 187  
23454 12279  26205 14303  18534 10532  17713 8378  
44463 26181  31120 16293  19760 14051  18619 8922  
91132 51300  35162 22530  22558 8179  10245 5088  
138284 75092  22541 11660  4723 4044  2684 1206  
87103 41021  39337 23051  20735 15165  11266 5808  
134811 66369  20206 17888  9319 5707  3879 1720  
133597 64181  27454 21142  5724 5554  1245 941  
91716 44334  40648 21092  18694 15448  8629 5720  
138245 75886  24269 12034  4545 3838  1503 433  
97122 50434  33731 20336  23280 14371  6891 4440  
72183 41114  43232 18874  24258 14555  13009 8279  
109459 65025  39285 18624  14315 6060  4173 2006  
115861 48887  30495 17562  15002 15771  4120 5008  
154814 79273  9314 7105  3058 4113  1013 1116  
28440 11525  24623 12162  19542 8738  16250 7727  
75692 38559  44841 29140  21076 11162  13697 5538  
37224 22491  26390 17701  24738 14848  15499 9365  
45308 22571  29211 18931  24706 12478  17541 8185  
83418 53254  40442 22428  23709 8510  11658 4042  
56381 34254  26362 20309  30198 14025  19494 8461  
68670 38997  45776 23512  20394 12769  13601 6576  
107983 71000  31251 14621  21258 5074  4067 1178  
138715 75502  23477 12893  5157 2529  1273 1171  
107073 58218  35254 23010  16375 5802  5917 2611  
75660 35183  39058 20004  23970 16817  13295 8541  
114574 64146  27161 16205  17085 8463  8137 2762  
24371 15937  23370 13334  16297 11684  18309 9778  
56921 34126  37707 22342  25359 10856  15261 7074  
104130 54693  47984 26947  12933 7931  2527 1936  
30205 16130  23172 13829  20875 10773  13891 9683  
55438 35540  39582 21202  27086 11832  17011 8109  
13767 7171  12265 6587  11602 6218  11084 5567  
13330 7598  13846 6606  10901 5447  11630 6833  
42881 24525  33462 17252  24917 12170  18243 9710  
126642 85877  30324 5822  7442 402  3280 178  
51303 33577  42994 21373  26427 13406  13212 6727  
65077 41394  44146 18916  24235 12906  15192 8869  
71648 46941  46266 24381  26511 10828  6953 4989  
12952 8664  9548 7472  10630 6588  11104 5483  
125490 52281  31663 24946  6927 9148  2696 3358  
55339 27287  31382 21068  27598 13022  18250 10140  
30282 14557  25140 14289  20774 10924  15979 7444  
116885 70199  35551 16646  12342 4653  3262 720  
28359 17236  20463 12743  19308 11983  12559 8704  
37406 24805  27060 15163  22209 12865  16605 8109  
139425 73665  21198 16156  6462 2103  1349 347  
107463 55447  36297 18616  14383 10585  6581 5107  
25671 17554  24652 14070  18999 10496  18247 8962  
22218 12310  22940 12453  18107 11456  18110 10286  
13334 7590  12938 8097  12325 6553  9858 6295  
135180 51055  28734 33225  3288 5869  1212 1549  
39261 21837  32192 14376  22912 13989  20047 10354  
89569 65528  52391 20516  12388 4117  7577 1266  
60645 32534  34957 18521  23982 11150  16804 10039  
56349 35389  41193 18595  25733 14126  12906 9112  
45616 32604  39056 22499  29214 14204  14476 8158  
13997 6631  13683 7579  11172 6704  11035 6120  
139358 88394  18228 3101  7667 675  1778 108  
148673 72754  18102 18032  1395 1270  582 247  
