# NumberOfHospitals NumberOfScenarios TimeHorizon
2 300 4
# DemandeScenario_0_Hospital_0_Period_0 DemandeScenario_0_Hospital_1_Period_0 ... DemandeScenario_0_Hospital_0_Period_1 DemandeScenario_0_Hospital_1_Period_1 ...
# DemandeScenario_1_Hospital_0_Period_0 DemandeScenario_1_Hospital_1_Period_0 ... DemandeScenario_1_Hospital_0_Period_1 DemandeScenario_1_Hospital_1_Period_1 ...
# ...
# ...
# ...
79183 51945  45581 20621  20646 11398  11627 4654  
36339 19863  34316 16891  21796 15335  16293 10544  
59248 28449  39627 23099  22956 14835  16121 7013  
145742 62469  18070 21261  4344 6961  513 1186  
41816 21749  34473 19479  24391 14201  18189 10393  
88897 45338  41218 25205  19476 12308  10094 4112  
109761 70307  37852 16883  14477 3750  4403 1067  
14587 7495  13469 7494  12177 6218  10359 5362  
30569 15336  25345 13590  20537 11557  16816 9265  
43959 21055  31076 13509  22561 10021  18358 10404  
30766 16666  22110 13174  21084 10328  17066 9618  
90257 61635  42819 20563  20370 6799  9674 2134  
43439 19501  34091 17734  23246 11895  18305 10473  
145705 69378  14225 18288  7857 4261  830 315  
61606 33566  32555 22120  27351 13159  14720 8955  
74881 33594  41092 23758  21790 12726  13852 9778  
26597 16336  22272 14515  21863 11110  17827 9041  
28870 17578  22112 14243  19624 10927  17858 8805  
43446 24810  33944 16987  21628 14413  18842 8364  
82935 58398  51109 21405  21446 7825  6466 2770  
96164 59383  46856 20487  13172 7795  6323 2408  
30088 14545  22833 9238  20821 11653  17018 9368  
75274 44597  49330 26974  17851 9512  11676 4936  
28990 17290  25493 13143  16005 10879  17323 9246  
119892 69416  31637 17183  12279 3506  3720 1389  
27887 15838  23124 14448  18938 8987  17833 9626  
134339 59964  27427 25370  5113 3963  1357 2052  
107220 51575  35206 25909  15131 8111  7085 4061  
69507 39641  45392 23019  21212 10699  14506 8937  
72592 52107  44158 23045  24853 8753  8323 4248  
14478 7444  11208 5985  9592 6434  9970 5882  
106893 53119  34911 18543  13539 10711  8144 5628  
31686 24017  27897 16492  23225 13988  22354 10484  
116129 67227  43089 20820  5548 3393  2177 552  
21993 16353  19087 13288  21996 11856  14069 7826  
45030 20750  32634 15305  22725 13323  18331 10517  
122549 67773  30726 18163  10341 3860  3469 1938  
83280 51949  46097 18988  18649 8966  11253 6721  
133205 58537  28445 26846  5255 4265  1495 1796  
137640 73236  25273 13627  4734 4122  961 886  
97574 60658  36468 19885  19741 7911  6554 1910  
15338 7841  13640 6163  12702 6583  11582 6375  
111151 66822  38259 17626  12684 4801  4894 2423  
45666 23046  31932 19881  24933 12442  16627 8561  
12116 6418  12608 8065  11603 5915  9616 5038  
98545 52538  36012 23123  20812 9751  8105 3639  
60647 31191  39012 19241  24553 12617  15996 10550  
86654 61056  50092 20710  19429 6976  6119 1985  
12400 8753  14131 7716  13015 6801  9097 6231  
28354 11464  25418 14325  20571 11157  16703 9102  
106414 70882  30793 14631  20750 5166  7374 1238  
84517 53102  39941 21143  15576 9482  15212 4218  
79754 45765  48660 24808  20322 12546  9940 4411  
96283 53353  48689 25708  13401 7988  5429 3068  
115940 65658  40971 18521  7201 5048  2143 1735  
29881 17471  23794 13513  18324 9524  16553 9645  
107288 79466  48321 10727  7835 1604  2569 390  
74866 35653  39457 17668  23136 17895  13364 9290  
55748 29050  39770 19101  20253 13848  19260 9690  
84889 58560  45721 20496  17339 8430  12576 2828  
69046 50958  51491 22748  23276 9520  12246 5190  
107903 56453  34110 22668  16851 7754  6303 3506  
61300 39281  45964 24592  23735 13135  16434 6037  
24859 14974  25439 13856  20651 11097  16600 8040  
75377 41054  41505 21762  21505 9968  12343 5913  
78941 51605  44718 22848  23388 8833  8208 4763  
90908 46522  49423 25721  14737 12816  7552 4636  
141078 84044  23300 6823  3756 1156  664 259  
128701 80042  25485 9466  10701 1800  3147 948  
56110 33495  34922 22486  18760 12687  18922 9081  
73871 32077  38661 18343  20725 10753  15900 13859  
92768 47812  39461 18342  18591 15106  7923 5347  
105866 48269  38107 28296  15745 9563  5547 3479  
122087 76446  34491 12849  10056 2193  1350 546  
15420 8361  13855 7779  12283 7190  10578 4380  
82956 53164  47229 19693  18407 10366  10096 4898  
104543 57820  27244 14497  21284 12050  10080 4466  
29812 16097  25034 13508  19678 11995  16262 7004  
59127 33935  40132 19609  23057 11652  14073 9146  
144635 83903  20512 7036  2441 1009  507 171  
15094 8289  13194 7242  11711 6866  11541 5767  
27178 17558  16229 13019  21153 9611  14775 9749  
72218 43869  40951 23266  22320 9756  13407 6843  
138333 71825  24566 15373  4483 4381  1113 429  
65633 42903  44813 20466  15595 12216  17451 8038  
62286 38372  43847 22188  25972 15226  13056 6457  
27539 17096  19154 12354  16912 9572  19181 9681  
87929 48318  37795 20818  18895 11117  12453 6990  
77137 38305  37436 20119  24353 15412  12399 8494  
57797 35270  37645 19161  26844 13271  13640 8288  
107065 57746  38241 18070  14020 8744  5313 4444  
54493 28380  35934 21200  25545 16275  17139 8338  
23001 13747  20446 14037  20026 9313  16774 8484  
138032 68171  22859 14402  5935 7538  1537 1842  
103979 46582  40951 26762  13198 10653  6524 5489  
85983 35549  37215 17206  19754 12809  13311 12490  
11664 6644  10433 7275  12052 6073  11335 6030  
60461 38894  43643 25351  24662 9989  12067 7483  
46992 25276  42579 24704  26987 12582  14337 10145  
132266 75599  29406 13927  5967 2004  847 662  
82061 47116  45057 25858  16870 9231  12902 5470  
76236 43608  50703 26464  19708 11712  10798 5026  
42931 26553  29881 17155  26339 11893  17093 9160  
91931 57012  39172 17897  18789 10957  8657 3094  
60875 28875  36586 20535  25514 14451  15317 7404  
40657 21257  35263 18948  25386 12631  14277 9897  
105131 60238  37984 20390  11146 7079  9210 2251  
119425 58801  35039 25043  8206 5468  4499 1968  
133958 61624  26599 24406  5351 3849  2297 1713  
13312 8858  11824 6953  11187 7238  11864 5964  
30850 15050  23243 14820  20346 11794  15628 8469  
64475 39482  38489 21119  28845 14389  13921 6148  
28519 11965  25145 13462  19714 9111  17369 10299  
14603 8257  11994 5909  11706 7258  11756 6280  
110464 67131  41587 18442  11575 4762  3503 1231  
72797 31079  41197 21192  21368 14849  14516 9844  
61309 29587  36165 22095  25311 12708  16535 9184  
55618 30916  36505 23109  27804 11744  17485 9683  
73668 43869  39557 22714  22700 12328  13428 6373  
36093 24611  30993 18953  25409 12233  15449 7709  
60489 41102  38518 22537  30647 13600  15680 7235  
110679 55310  40849 27598  8608 5875  4908 2317  
51028 34795  41522 20915  25009 14022  18237 8147  
92483 49256  33846 23381  21407 11229  11169 3559  
113022 47280  34862 28164  10961 10227  5944 3826  
152888 85156  13145 4766  2286 2000  471 298  
75400 34876  42341 23478  20613 12473  13487 9807  
98493 40272  41268 31422  14770 10458  9020 6053  
106044 51635  36657 22293  15151 10455  6294 4842  
74882 51438  32709 20915  29365 10444  14460 4771  
145776 86694  17680 3351  4722 2263  683 30  
30237 17253  25210 13520  18626 10266  14941 9398  
14502 8474  14168 7156  12414 7120  11418 5372  
106876 66079  41802 15326  11991 8011  3874 2031  
108545 54802  37183 21269  13970 9209  4532 3912  
30666 14599  23173 10720  20864 10869  16593 8218  
12613 8772  13053 7789  11777 7066  11937 6292  
63668 42492  39026 23654  25925 12553  18483 6149  
70070 44228  40746 23126  23488 10462  14709 6593  
147340 82918  17076 9061  3932 339  574 24  
108504 79422  36964 9071  20538 3618  1737 187  
23454 12279  26205 14303  18534 10532  17713 8378  
44463 26181  31120 16293  19760 14051  18619 8922  
91132 51300  35162 22530  22558 8179  10245 5088  
138284 75092  22541 11660  4723 4044  2684 1206  
87103 41021  39337 23051  20735 15165  11266 5808  
134811 66369  20206 17888  9319 5707  3879 1720  
133597 64181  27454 21142  5724 5554  1245 941  
91716 44334  40648 21092  18694 15448  8629 5720  
138245 75886  24269 12034  4545 3838  1503 433  
97122 50434  33731 20336  23280 14371  6891 4440  
72183 41114  43232 18874  24258 14555  13009 8279  
109459 65025  39285 18624  14315 6060  4173 2006  
115861 48887  30495 17562  15002 15771  4120 5008  
154814 79273  9314 7105  3058 4113  1013 1116  
28440 11525  24623 12162  19542 8738  16250 7727  
75692 38559  44841 29140  21076 11162  13697 5538  
37224 22491  26390 17701  24738 14848  15499 9365  
45308 22571  29211 18931  24706 12478  17541 8185  
83418 53254  40442 22428  23709 8510  11658 4042  
56381 34254  26362 20309  30198 14025  19494 8461  
68670 38997  45776 23512  20394 12769  13601 6576  
107983 71000  31251 14621  21258 5074  4067 1178  
138715 75502  23477 12893  5157 2529  1273 1171  
107073 58218  35254 23010  16375 5802  5917 2611  
75660 35183  39058 20004  23970 16817  13295 8541  
114574 64146  27161 16205  17085 8463  8137 2762  
24371 15937  23370 13334  16297 11684  18309 9778  
56921 34126  37707 22342  25359 10856  15261 7074  
104130 54693  47984 26947  12933 7931  2527 1936  
30205 16130  23172 13829  20875 10773  13891 9683  
55438 35540  39582 21202  27086 11832  17011 8109  
13767 7171  12265 6587  11602 6218  11084 5567  
13330 7598  13846 6606  10901 5447  11630 6833  
42881 24525  33462 17252  24917 12170  18243 9710  
126642 85877  30324 5822  7442 402  3280 178  
51303 33577  42994 21373  26427 13406  13212 6727  
65077 41394  44146 18916  24235 12906  15192 8869  
71648 46941  46266 24381  26511 10828  6953 4989  
12952 8664  9548 7472  10630 6588  11104 5483  
125490 52281  31663 24946  6927 9148  2696 3358  
55339 27287  31382 21068  27598 13022  18250 10140  
30282 14557  25140 14289  20774 10924  15979 7444  
116885 70199  35551 16646  12342 4653  3262 720  
28359 17236  20463 12743  19308 11983  12559 8704  
37406 24805  27060 15163  22209 12865  16605 8109  
139425 73665  21198 16156  6462 2103  1349 347  
107463 55447  36297 18616  14383 10585  6581 5107  
25671 17554  24652 14070  18999 10496  18247 8962  
22218 12310  22940 12453  18107 11456  18110 10286  
13334 7590  12938 8097  12325 6553  9858 6295  
135180 51055  28734 33225  3288 5869  1212 1549  
39261 21837  32192 14376  22912 13989  20047 10354  
89569 65528  52391 20516  12388 4117  7577 1266  
60645 32534  34957 18521  23982 11150  16804 10039  
56349 35389  41193 18595  25733 14126  12906 9112  
45616 32604  39056 22499  29214 14204  14476 8158  
13997 6631  13683 7579  11172 6704  11035 6120  
139358 88394  18228 3101  7667 675  1778 108  
148673 72754  18102 18032  1395 1270  582 247  
43042 25286  27393 15054  22719 12193  19462 9080  
14793 6425  13539 6522  12652 6161  11327 6881  
13628 7060  13707 6233  11500 5936  10951 6163  
114362 84415  33605 6757  15813 1090  4466 76  
102036 60634  40850 19376  14985 7336  6287 2520  
107650 58108  36885 25633  13931 4673  7566 2732  
59525 42765  38403 20381  20974 12653  19006 7883  
107032 71981  37842 16601  17780 3264  3481 298  
111853 70730  36813 14718  9297 4757  7316 1318  
124073 65166  31848 19996  8641 4276  2914 2147  
30419 14249  25394 13699  19790 12217  16038 9873  
116176 60552  32575 16484  9161 8634  7357 4908  
40758 32152  36901 18713  21415 14429  18384 9204  
100841 50279  41341 24156  16448 11442  6366 3644  
145254 77117  17787 14002  4119 952  1380 231  
72817 52235  51222 22633  22343 9408  11351 4620  
63714 44044  43331 22530  24655 11720  13460 6642  
114290 59509  31858 21812  14977 7755  5139 2440  
84268 39666  43056 25538  22332 14805  9971 6960  
29802 16146  20695 14450  15766 10525  17888 6912  
44878 20034  33679 19922  23794 11496  18012 10501  
144803 85033  14153 5392  4301 1459  3958 332  
104288 45937  39774 24832  14268 11449  6562 6047  
104541 48796  37963 20341  16476 13937  4804 4857  
46201 25223  31277 18827  24815 11841  18080 9682  
90491 40961  39684 24350  20717 14325  9486 6523  
91768 58898  48842 21333  14396 7988  7302 2750  
15111 8653  13203 6389  9691 7117  8516 6377  
77343 40141  40464 22364  22235 12760  12895 7674  
37750 20490  29042 19422  22883 12389  15770 9773  
78214 39934  37531 21971  26896 17027  10460 6461  
73150 33016  42375 27315  20876 13342  14047 7051  
63833 48649  51968 25209  20865 8149  12747 5543  
12803 7238  13236 7244  11796 6461  10705 6826  
88167 50683  45762 27356  20258 9536  8152 2226  
70275 40226  39850 20116  24013 12732  13218 8519  
67091 38094  37462 25556  29383 12806  15837 6575  
101123 48744  42438 24358  14739 11495  6124 4702  
99710 72485  42633 16097  17481 2578  6810 1014  
121788 68086  33231 17714  8995 4408  2844 1559  
58596 24877  39915 22475  25121 16759  15024 9071  
46339 32445  38693 22490  22020 10809  15298 9427  
57632 28561  33884 18265  23873 15567  19308 10922  
137078 64510  24291 19247  5762 7244  1421 1128  
107180 59637  38453 17993  12548 9469  6673 2716  
107849 70647  44022 16007  11599 3597  3791 1366  
24536 14081  21673 12079  22048 12167  16095 10113  
20925 15986  20070 14143  18100 11522  15282 8645  
123566 67977  25930 18682  15275 4292  2041 1013  
46279 22593  29938 17427  24020 12543  18783 10313  
98389 69858  45693 16708  14347 4365  5974 1058  
75906 39865  42008 20496  22583 14130  11555 8520  
70730 56143  57488 23318  24129 8475  9481 2959  
149203 68441  15080 19951  2253 2502  1932 1201  
115806 63605  37373 16910  10286 7021  3239 2667  
116930 57195  28873 21478  14076 10013  6542 2370  
121318 59270  30827 23836  11152 5279  2903 1785  
91905 46752  41965 24307  17207 11992  9235 5148  
61690 32750  38850 20075  24216 14590  14973 8711  
45437 25317  33882 17984  21640 14029  18497 8504  
56927 34001  40597 19052  22687 11927  15348 10239  
15464 8102  13536 6793  12814 6573  10854 4988  
103763 56921  38673 16905  16640 11850  5087 3777  
102003 57353  38619 23490  14202 7199  7167 2682  
76454 52697  37167 20822  27637 10236  14920 4778  
14233 6924  13202 7879  12796 6089  11712 6492  
127643 65871  25430 19310  8649 5323  4916 1493  
54030 33138  39307 22702  24954 10993  16634 9779  
13959 8761  10202 7469  11990 7298  11916 5904  
102929 70387  45380 16588  10911 3900  4756 949  
154055 76123  12894 15326  1666 768  322 97  
81716 53313  44693 20394  22026 10079  9197 4755  
82452 52970  48264 22401  18916 7957  8971 5566  
100791 41290  40742 27218  16960 13855  6181 5351  
13159 8570  12900 8052  11149 7245  8571 6118  
45291 25989  29042 17540  24203 13516  16804 10138  
71081 30391  42449 28336  24823 13958  13813 8646  
35934 23362  32401 19817  21851 12301  19101 10622  
74246 52342  50078 21996  20631 10336  11370 3976  
57855 29722  39731 23213  25661 12426  15786 9530  
99659 50300  30649 21136  20828 13222  7800 3733  
49612 30451  35208 23473  26152 14522  19462 9172  
55351 32411  35528 22878  25967 13630  18216 7050  
96849 62235  38944 19672  19394 6751  7574 2345  
127604 77247  33479 13096  5689 1585  1774 328  
86101 51567  43610 22479  18316 9195  8311 4009  
27186 17187  23024 11646  21543 11260  11863 9296  
135153 73912  21663 16541  7961 1148  2488 479  
105493 58997  40703 20769  10175 7418  8537 3854  
30197 16085  24094 10759  20100 10574  16570 7869  
129595 68564  31073 15829  6662 6594  1283 1076  
117286 70082  34375 16009  12416 4117  3255 1556  
58375 35267  37730 20365  24960 13624  17420 8296  
137248 68005  25624 19000  4770 4088  985 852  
47541 26545  40800 21790  21797 15346  20246 9464  
62334 34983  35735 25629  29642 14688  13458 6835  
92524 46436  37868 25204  18923 9109  10479 6144  
14624 8820  12212 8018  12752 6304  10095 5958  
56734 25049  38735 21553  21861 13831  18551 10479  
139215 68814  23170 17646  4993 3885  1004 1007  
