# NumberOfHospitals NumberOfScenarios TimeHorizon
4 20 2
# DemandeScenario_0_Hospital_0_Period_0 DemandeScenario_0_Hospital_1_Period_0 ... DemandeScenario_0_Hospital_0_Period_1 DemandeScenario_0_Hospital_1_Period_1 ...
# DemandeScenario_1_Hospital_0_Period_0 DemandeScenario_1_Hospital_1_Period_0 ... DemandeScenario_1_Hospital_0_Period_1 DemandeScenario_1_Hospital_1_Period_1 ...
# ...
# ...
# ...
40254 54274 69899 39750  23778 30276 42062 23962  
78357 118025 150029 72535  8559 6983 11926 11340  
26744 37868 47626 25940  22402 29962 40780 21905  
14514 20642 28488 13247  13612 19684 25562 12893  
71966 106527 133154 68079  13378 13310 22715 15470  
23103 26782 38460 23642  16320 24473 30551 15462  
14282 23441 28372 12776  11930 19048 24219 10563  
43779 68550 88490 38814  22763 26062 38642 23808  
49611 60824 89121 48553  18285 34653 39261 15915  
28231 33740 46748 28863  22275 32727 42672 20933  
32405 42196 60053 30989  20988 30508 39441 20050  
61880 92271 116970 57800  19204 25977 36027 19133  
42144 49949 73525 42053  20691 36190 42441 18474  
60785 65052 98046 63445  15442 18746 27956 14608  
37584 59903 74560 33762  22345 29386 41304 21730  
40497 69629 85218 34442  20830 29152 39195 19714  
68069 107441 135723 60970  14293 15443 22417 15889  
65953 84814 116690 64932  14800 25510 29710 13982  
67078 88548 123278 64469  13994 28176 29748 12764  
24981 32271 45715 24100  16132 19770 29443 15770  
