# NumberOfHospitals NumberOfScenarios TimeHorizon
4 200 2
# DemandeScenario_0_Hospital_0_Period_0 DemandeScenario_0_Hospital_1_Period_0 ... DemandeScenario_0_Hospital_0_Period_1 DemandeScenario_0_Hospital_1_Period_1 ...
# DemandeScenario_1_Hospital_0_Period_0 DemandeScenario_1_Hospital_1_Period_0 ... DemandeScenario_1_Hospital_0_Period_1 DemandeScenario_1_Hospital_1_Period_1 ...
# ...
# ...
# ...
40254 54274 69899 39750  23778 30276 42062 23962  
78357 118025 150029 72535  8559 6983 11926 11340  
26744 37868 47626 25940  22402 29962 40780 21905  
14514 20642 28488 13247  13612 19684 25562 12893  
71966 106527 133154 68079  13378 13310 22715 15470  
23103 26782 38460 23642  16320 24473 30551 15462  
14282 23441 28372 12776  11930 19048 24219 10563  
43779 68550 88490 38814  22763 26062 38642 23808  
49611 60824 89121 48553  18285 34653 39261 15915  
28231 33740 46748 28863  22275 32727 42672 20933  
32405 42196 60053 30989  20988 30508 39441 20050  
61880 92271 116970 57800  19204 25977 36027 19133  
42144 49949 73525 42053  20691 36190 42441 18474  
60785 65052 98046 63445  15442 18746 27956 14608  
37584 59903 74560 33762  22345 29386 41304 21730  
40497 69629 85218 34442  20830 29152 39195 19714  
68069 107441 135723 60970  14293 15443 22417 15889  
65953 84814 116690 64932  14800 25510 29710 13982  
67078 88548 123278 64469  13994 28176 29748 12764  
24981 32271 45715 24100  16132 19770 29443 15770  
49721 55765 84003 50636  20113 36536 41310 17931  
82129 103439 149577 79564  5315 21608 13865 4925  
72252 119542 146552 63576  13294 6563 15196 17638  
26611 46135 56344 22497  22798 28402 40361 22775  
55741 77349 101561 53616  18566 25616 33321 18764  
16391 18080 27402 16808  13683 17026 24197 13550  
43852 69264 85007 40036  19476 27276 34804 19384  
82638 102349 143922 82295  3913 9704 10956 2723  
67535 81472 117851 67307  14830 32309 33333 12668  
65477 70076 109033 67334  16847 33610 37123 14036  
14118 23206 27966 12650  11893 17920 22295 11202  
50774 47342 77707 54631  21142 38492 44234 18308  
84574 109458 153299 82083  3878 11559 10025 3682  
50631 74802 93665 47914  23130 32576 43716 22543  
37735 59909 75120 33825  20529 30850 38603 19463  
71411 80239 118446 73364  12207 27932 29746 9444  
59614 95808 119465 53102  22157 20935 33420 25395  
59089 71058 103882 58654  19774 31874 39015 18550  
58666 67605 101130 59019  18959 30163 38466 17391  
72269 83797 118710 74342  11531 33340 33040 8187  
49840 57177 84722 50526  22067 32905 42540 20751  
54906 81299 98707 52640  26348 30914 47835 27158  
16744 21465 30472 16221  13131 18667 24191 12595  
76630 115714 151346 69383  9849 7646 10518 14133  
49910 60920 89259 48989  21869 35730 42784 20475  
33763 41877 60309 33145  20155 31543 39323 18677  
47211 70354 86664 44787  24285 25256 39846 26060  
65128 70512 110785 66175  17258 30790 35404 15302  
32944 45573 60619 31529  19039 30655 38223 17208  
35978 56565 73073 31762  21367 27662 38855 21078  
56966 78434 107541 53628  20143 29789 37178 20053  
14909 23846 29480 13427  13621 18437 24736 13238  
83428 96653 145198 83442  5110 25956 18780 2336  
25122 34158 46300 24063  17126 25757 33301 15859  
40401 60590 74419 38225  23028 34677 44330 21820  
80428 118556 154270 74532  6899 7500 9421 9200  
52008 83889 104103 46352  22215 27951 39154 22549  
45952 70949 88938 42126  17989 24977 31410 18148  
37201 48139 64466 36967  21534 31473 40251 20692  
42845 71555 87570 37446  25421 29590 42397 26663  
44568 64635 87664 40567  23369 34921 42841 22821  
59318 85996 116709 53979  20766 23405 32253 23533  
62601 91092 121675 57511  17903 23574 30407 19189  
16819 21011 30212 16459  13591 16277 23603 13651  
23186 30311 40687 22889  12745 20182 23613 12062  
41731 48890 71550 42065  20414 25331 35459 20475  
48129 64473 90397 45534  22583 33535 41164 22203  
13832 22018 26602 12679  13761 16717 23745 13874  
39799 63309 75848 36643  25851 34670 47771 25299  
29212 45567 53763 27458  22852 32823 42326 22122  
24375 34347 46348 22810  15857 24606 31652 14355  
72754 116944 142838 65726  13192 8676 18716 16336  
8389 10072 14810 8318  7624 9182 13337 7606  
56163 78858 107187 52413  20148 25935 35219 20941  
80053 94580 135525 81151  7702 28932 26799 4070  
43498 70581 88647 38211  22677 31149 40164 22567  
16324 17761 27795 16583  12478 17180 23920 11691  
32312 34254 53136 33460  20505 29899 38305 19509  
54574 89924 113696 46978  24649 24928 37087 27968  
16539 18403 27883 16876  13730 17273 24479 13529  
83794 113223 153549 80549  3897 12275 10503 3953  
70123 107671 136905 63952  15263 15739 23413 17724  
28750 46925 56957 25772  18704 25008 32646 18712  
32329 45733 61672 30171  18632 29982 36051 17222  
51946 76926 102905 46971  22627 27106 37639 24203  
28292 44918 54586 25888  19361 28710 36328 18398  
82835 108998 152987 79353  5659 15812 11825 6174  
16223 20010 28045 16226  13602 19151 25398 12952  
29054 45044 58647 25808  20826 24731 36575 21025  
44806 63498 81425 43044  21652 30850 40002 21202  
50165 58084 85886 50644  19296 33543 38447 17610  
81543 114722 151002 77608  6890 9877 13408 7978  
45732 56531 77986 46012  20327 26131 35710 20401  
67257 106495 128142 61978  18200 14386 28429 21570  
79811 82655 129798 83172  8642 36405 32921 2630  
56992 78276 98938 56125  24716 32121 47197 24495  
83817 111599 154468 80357  4279 14033 9936 4534  
21091 19068 31722 22891  17590 25407 32571 16779  
42318 51933 74477 41932  19920 33446 39371 18271  
16800 22443 30625 16220  12402 17965 22860 11864  
42440 47647 76365 41546  23390 37844 45654 22081  
63421 76623 114669 61820  17001 35140 35759 15590  
73696 119486 147020 65795  11883 6521 14909 15260  
75590 101232 139219 72476  9354 21253 20557 8808  
12412 22174 26990 10213  12190 17618 23815 11193  
37090 35538 57570 39627  20119 31084 37949 18879  
41527 54112 74151 40642  18786 30590 36353 17512  
67333 82853 117957 66879  15521 28766 34365 13574  
54988 67876 94320 55188  22586 33492 45269 20891  
23412 31948 44580 21917  18533 22829 32568 18563  
24506 35171 46194 23035  14935 24632 30927 13053  
54933 61149 96100 54832  21983 33301 40673 21246  
15823 19084 28600 15433  13774 17517 24239 13681  
82892 108942 148517 80901  5457 15847 15686 4604  
74764 100743 139002 71215  9919 19651 19939 10088  
7821 10823 14172 7557  7673 9502 13512 7621  
15493 22567 30209 14207  11992 17475 23502 11010  
53556 86631 103424 48814  17788 20897 29111 19365  
64219 96064 119377 60505  11760 16173 20395 12850  
8180 11707 15413 7699  6296 8866 11236 6128  
6488 11431 13887 5437  7608 10571 14204 7240  
40910 54606 76282 38913  21582 33729 41384 20345  
62516 104872 129907 53874  18530 18078 27010 20923  
66309 80815 111631 67183  14242 23735 29354 13268  
66096 103002 133209 58763  18795 17088 25500 23162  
29471 45352 56186 27284  19060 25587 33606 18982  
40893 43769 68022 42078  22358 32016 43082 20974  
44755 68369 85158 41514  24683 31912 45075 24442  
7633 8396 13381 7623  7724 9633 13670 7646  
68355 70856 106433 72522  16059 40339 43431 11151  
49832 61323 86718 49668  18206 32934 37099 16398  
31858 46096 61464 29448  19883 28247 37696 18896  
73285 102660 135242 69919  12003 19820 23876 12052  
7269 7114 11285 7765  6166 6260 9556 6569  
8042 9637 14430 7890  7344 10815 14121 6826  
15136 23903 30149 13574  13209 19172 25188 12368  
48574 63609 90231 46358  21971 27177 38170 22569  
72303 106037 137178 67518  13461 15218 23022 14959  
80120 112832 147505 76496  8308 11990 17000 8967  
62632 86818 111016 61060  14880 24750 29865 14617  
15297 23946 30255 13806  13478 17011 24510 13149  
41966 48754 72646 42106  19686 26937 34868 19423  
49237 57543 83681 49863  19824 31250 38035 18643  
38444 59558 76015 34715  21028 30046 39968 19957  
23049 25204 40236 23049  17287 20958 30973 17090  
46489 56207 78797 46997  18939 34396 38999 16946  
6983 10732 13151 6518  6356 7614 10509 6525  
58201 65267 99415 58922  19924 30903 39137 18511  
14681 23936 29474 13053  13744 18322 25386 13225  
66176 99398 131961 59471  17243 18800 24807 20674  
55992 59897 88612 58887  21499 32928 43383 19421  
35233 56009 67974 32227  24008 31000 42827 23955  
59176 72601 105002 58362  19045 33439 39253 17392  
7744 11788 14884 7150  7600 10406 14096 7268  
42369 52498 75240 41747  21361 29865 40470 20438  
50683 60847 88485 50515  21266 29074 38986 20781  
34859 54775 64383 32668  27438 39469 52818 25995  
59126 95842 118555 52598  19519 22179 33179 20466  
81466 89035 135379 83769  6133 26202 23079 1807  
8368 10186 14563 8357  7569 10147 14027 7254  
59333 73553 105312 58470  18660 26449 35617 18048  
68037 93908 131018 63091  15371 26802 27020 16167  
61947 103384 129061 53280  19219 17767 27428 22246  
67343 116857 141801 57184  18222 9430 20600 23613  
43524 62212 79032 41774  23347 35275 45445 21984  
78999 109647 143653 76061  8194 15429 18702 8144  
7576 11982 15013 6826  7500 10586 14037 7109  
7267 7311 11370 7725  7753 9899 13890 7599  
31404 42617 56336 30532  19570 31897 39656 17552  
65396 69767 109663 67014  16923 36580 39774 13707  
47281 60448 82430 46919  23334 36284 46760 21480  
7755 9796 13405 7748  5514 8742 10306 5153  
48871 59578 84167 49005  21558 37562 44881 19198  
32180 46759 60617 30218  20839 26551 38142 20382  
39094 43621 68533 38969  21506 32931 42063 20108  
82141 101157 142419 82018  5741 24422 21188 3110  
44315 58554 84342 41516  21408 31740 40245 20852  
64065 59629 97444 69106  18271 45171 46989 12928  
7096 8502 11779 7254  5093 8199 9472 4763  
25566 38417 46727 24273  20143 32535 40296 18206  
7699 8778 12741 7918  7596 10213 13817 7359  
16477 18610 27773 16799  13798 18089 25154 13388  
72918 92276 127399 72353  11831 18139 24105 11165  
36778 41155 65535 36256  21021 32165 41142 19703  
71337 99137 129927 68616  10569 15808 19415 11225  
65509 92829 124198 61388  15834 24522 28615 16081  
12892 19911 23991 12084  12230 18849 23389 11366  
64070 70631 114281 63114  20129 35871 38199 19739  
65295 88923 122705 61705  16857 26228 30978 17202  
64880 88260 114584 63515  18889 22406 35122 19175  
50814 62857 89732 50225  21105 35300 42660 19291  
32781 43678 61053 31208  19667 23517 34890 19702  
21522 24698 35161 22218  18167 20116 30806 18507  
72859 106216 139299 67727  13213 15292 20566 15432  
45299 56051 77130 45599  19880 32379 38777 18596  
13796 16916 23006 14029  11734 17699 21885 11106  
64890 84030 119956 62162  17233 31862 33747 16548  
79344 105675 141302 77575  8219 13607 18579 7873  
41877 48587 72675 41957  22111 31016 40692 21426  
6672 5902 9830 7308  7011 7635 11452 7270  
