# NumberOfHospitals NumberOfScenarios TimeHorizon
4 100 2
# DemandeScenario_0_Hospital_0_Period_0 DemandeScenario_0_Hospital_1_Period_0 ... DemandeScenario_0_Hospital_0_Period_1 DemandeScenario_0_Hospital_1_Period_1 ...
# DemandeScenario_1_Hospital_0_Period_0 DemandeScenario_1_Hospital_1_Period_0 ... DemandeScenario_1_Hospital_0_Period_1 DemandeScenario_1_Hospital_1_Period_1 ...
# ...
# ...
# ...
40254 54274 69899 39750  23778 30276 42062 23962  
78357 118025 150029 72535  8559 6983 11926 11340  
26744 37868 47626 25940  22402 29962 40780 21905  
14514 20642 28488 13247  13612 19684 25562 12893  
71966 106527 133154 68079  13378 13310 22715 15470  
23103 26782 38460 23642  16320 24473 30551 15462  
14282 23441 28372 12776  11930 19048 24219 10563  
43779 68550 88490 38814  22763 26062 38642 23808  
49611 60824 89121 48553  18285 34653 39261 15915  
28231 33740 46748 28863  22275 32727 42672 20933  
32405 42196 60053 30989  20988 30508 39441 20050  
61880 92271 116970 57800  19204 25977 36027 19133  
42144 49949 73525 42053  20691 36190 42441 18474  
60785 65052 98046 63445  15442 18746 27956 14608  
37584 59903 74560 33762  22345 29386 41304 21730  
40497 69629 85218 34442  20830 29152 39195 19714  
68069 107441 135723 60970  14293 15443 22417 15889  
65953 84814 116690 64932  14800 25510 29710 13982  
67078 88548 123278 64469  13994 28176 29748 12764  
24981 32271 45715 24100  16132 19770 29443 15770  
49721 55765 84003 50636  20113 36536 41310 17931  
82129 103439 149577 79564  5315 21608 13865 4925  
72252 119542 146552 63576  13294 6563 15196 17638  
26611 46135 56344 22497  22798 28402 40361 22775  
55741 77349 101561 53616  18566 25616 33321 18764  
16391 18080 27402 16808  13683 17026 24197 13550  
43852 69264 85007 40036  19476 27276 34804 19384  
82638 102349 143922 82295  3913 9704 10956 2723  
67535 81472 117851 67307  14830 32309 33333 12668  
65477 70076 109033 67334  16847 33610 37123 14036  
14118 23206 27966 12650  11893 17920 22295 11202  
50774 47342 77707 54631  21142 38492 44234 18308  
84574 109458 153299 82083  3878 11559 10025 3682  
50631 74802 93665 47914  23130 32576 43716 22543  
37735 59909 75120 33825  20529 30850 38603 19463  
71411 80239 118446 73364  12207 27932 29746 9444  
59614 95808 119465 53102  22157 20935 33420 25395  
59089 71058 103882 58654  19774 31874 39015 18550  
58666 67605 101130 59019  18959 30163 38466 17391  
72269 83797 118710 74342  11531 33340 33040 8187  
49840 57177 84722 50526  22067 32905 42540 20751  
54906 81299 98707 52640  26348 30914 47835 27158  
16744 21465 30472 16221  13131 18667 24191 12595  
76630 115714 151346 69383  9849 7646 10518 14133  
49910 60920 89259 48989  21869 35730 42784 20475  
33763 41877 60309 33145  20155 31543 39323 18677  
47211 70354 86664 44787  24285 25256 39846 26060  
65128 70512 110785 66175  17258 30790 35404 15302  
32944 45573 60619 31529  19039 30655 38223 17208  
35978 56565 73073 31762  21367 27662 38855 21078  
56966 78434 107541 53628  20143 29789 37178 20053  
14909 23846 29480 13427  13621 18437 24736 13238  
83428 96653 145198 83442  5110 25956 18780 2336  
25122 34158 46300 24063  17126 25757 33301 15859  
40401 60590 74419 38225  23028 34677 44330 21820  
80428 118556 154270 74532  6899 7500 9421 9200  
52008 83889 104103 46352  22215 27951 39154 22549  
45952 70949 88938 42126  17989 24977 31410 18148  
37201 48139 64466 36967  21534 31473 40251 20692  
42845 71555 87570 37446  25421 29590 42397 26663  
44568 64635 87664 40567  23369 34921 42841 22821  
59318 85996 116709 53979  20766 23405 32253 23533  
62601 91092 121675 57511  17903 23574 30407 19189  
16819 21011 30212 16459  13591 16277 23603 13651  
23186 30311 40687 22889  12745 20182 23613 12062  
41731 48890 71550 42065  20414 25331 35459 20475  
48129 64473 90397 45534  22583 33535 41164 22203  
13832 22018 26602 12679  13761 16717 23745 13874  
39799 63309 75848 36643  25851 34670 47771 25299  
29212 45567 53763 27458  22852 32823 42326 22122  
24375 34347 46348 22810  15857 24606 31652 14355  
72754 116944 142838 65726  13192 8676 18716 16336  
8389 10072 14810 8318  7624 9182 13337 7606  
56163 78858 107187 52413  20148 25935 35219 20941  
80053 94580 135525 81151  7702 28932 26799 4070  
43498 70581 88647 38211  22677 31149 40164 22567  
16324 17761 27795 16583  12478 17180 23920 11691  
32312 34254 53136 33460  20505 29899 38305 19509  
54574 89924 113696 46978  24649 24928 37087 27968  
16539 18403 27883 16876  13730 17273 24479 13529  
83794 113223 153549 80549  3897 12275 10503 3953  
70123 107671 136905 63952  15263 15739 23413 17724  
28750 46925 56957 25772  18704 25008 32646 18712  
32329 45733 61672 30171  18632 29982 36051 17222  
51946 76926 102905 46971  22627 27106 37639 24203  
28292 44918 54586 25888  19361 28710 36328 18398  
82835 108998 152987 79353  5659 15812 11825 6174  
16223 20010 28045 16226  13602 19151 25398 12952  
29054 45044 58647 25808  20826 24731 36575 21025  
44806 63498 81425 43044  21652 30850 40002 21202  
50165 58084 85886 50644  19296 33543 38447 17610  
81543 114722 151002 77608  6890 9877 13408 7978  
45732 56531 77986 46012  20327 26131 35710 20401  
67257 106495 128142 61978  18200 14386 28429 21570  
79811 82655 129798 83172  8642 36405 32921 2630  
56992 78276 98938 56125  24716 32121 47197 24495  
83817 111599 154468 80357  4279 14033 9936 4534  
21091 19068 31722 22891  17590 25407 32571 16779  
42318 51933 74477 41932  19920 33446 39371 18271  
16800 22443 30625 16220  12402 17965 22860 11864  
