# NumberOfHospitals NumberOfScenarios TimeHorizon
4 20 3
# DemandeScenario_0_Hospital_0_Period_0 DemandeScenario_0_Hospital_1_Period_0 ... DemandeScenario_0_Hospital_0_Period_1 DemandeScenario_0_Hospital_1_Period_1 ...
# DemandeScenario_1_Hospital_0_Period_0 DemandeScenario_1_Hospital_1_Period_0 ... DemandeScenario_1_Hospital_0_Period_1 DemandeScenario_1_Hospital_1_Period_1 ...
# ...
# ...
# ...
20364 42716 13905 17740  10494 31364 16947 7530  4348 13723 7926 3154  
25118 56084 20902 21212  7956 22775 11691 5615  3678 14046 10090 2545  
7305 18351 8292 5765  5907 13618 5405 4927  4599 10501 3986 3900  
17592 45313 20843 14093  9821 24339 11130 7692  3828 11372 6154 3098  
25153 70905 36719 18227  7905 20790 10342 6480  4148 6827 1882 4494  
18043 52087 26491 14167  11232 27000 12788 9409  4879 12228 6328 3828  
10304 27189 12866 8170  5115 14643 7473 4140  5941 16406 8510 4442  
6084 16591 8045 4838  4649 13091 6647 3672  3845 10184 4909 3174  
10084 25768 11641 8202  6883 14514 4717 6095  5747 16986 9469 4118  
3687 9111 4005 2967  2670 7083 3309 2178  2626 7679 4114 1939  
28818 74122 34203 22909  6168 19268 12223 4515  2605 5711 2507 2291  
17701 41031 16576 14308  9856 27707 14468 7641  4764 14308 8549 3548  
11022 27781 12559 8759  7196 20365 10699 5394  5431 11603 4041 4789  
25096 72638 37405 19374  7108 14325 6641 6904  4316 10265 4702 3045  
31889 70479 25680 27145  5745 23668 15789 3037  803 5737 6849 370  
6451 17947 8988 4987  6118 14804 6386 4994  4563 11516 5220 3746  
19723 54875 27981 14558  10695 24498 10150 9354  4688 11750 5699 3895  
13227 32956 14871 10155  8515 24302 13152 6384  5450 11856 4945 4651  
33318 84343 37557 27290  5164 15322 9197 3270  98 1104 1910 72  
25798 71557 35720 19988  8940 19204 8038 7911  2291 6954 4557 1602  
