# NumberOfHospitals NumberOfScenarios TimeHorizon
4 50 3
# DemandeScenario_0_Hospital_0_Period_0 DemandeScenario_0_Hospital_1_Period_0 ... DemandeScenario_0_Hospital_0_Period_1 DemandeScenario_0_Hospital_1_Period_1 ...
# DemandeScenario_1_Hospital_0_Period_0 DemandeScenario_1_Hospital_1_Period_0 ... DemandeScenario_1_Hospital_0_Period_1 DemandeScenario_1_Hospital_1_Period_1 ...
# ...
# ...
# ...
20364 42716 13905 17740  10494 31364 16947 7530  4348 13723 7926 3154  
25118 56084 20902 21212  7956 22775 11691 5615  3678 14046 10090 2545  
7305 18351 8292 5765  5907 13618 5405 4927  4599 10501 3986 3900  
17592 45313 20843 14093  9821 24339 11130 7692  3828 11372 6154 3098  
25153 70905 36719 18227  7905 20790 10342 6480  4148 6827 1882 4494  
18043 52087 26491 14167  11232 27000 12788 9409  4879 12228 6328 3828  
10304 27189 12866 8170  5115 14643 7473 4140  5941 16406 8510 4442  
6084 16591 8045 4838  4649 13091 6647 3672  3845 10184 4909 3174  
10084 25768 11641 8202  6883 14514 4717 6095  5747 16986 9469 4118  
3687 9111 4005 2967  2670 7083 3309 2178  2626 7679 4114 1939  
28818 74122 34203 22909  6168 19268 12223 4515  2605 5711 2507 2291  
17701 41031 16576 14308  9856 27707 14468 7641  4764 14308 8549 3548  
11022 27781 12559 8759  7196 20365 10699 5394  5431 11603 4041 4789  
25096 72638 37405 19374  7108 14325 6641 6904  4316 10265 4702 3045  
31889 70479 25680 27145  5745 23668 15789 3037  803 5737 6849 370  
6451 17947 8988 4987  6118 14804 6386 4994  4563 11516 5220 3746  
19723 54875 27981 14558  10695 24498 10150 9354  4688 11750 5699 3895  
13227 32956 14871 10155  8515 24302 13152 6384  5450 11856 4945 4651  
33318 84343 37557 27290  5164 15322 9197 3270  98 1104 1910 72  
25798 71557 35720 19988  8940 19204 8038 7911  2291 6954 4557 1602  
3355 9215 4633 2504  3179 8457 4071 2497  3019 7130 2942 2515  
14136 33507 13677 11804  8065 23962 13207 6020  5189 15303 8588 3878  
23539 62798 30687 17669  9367 23538 11862 7792  3026 8241 4768 2515  
33538 88814 43064 25213  4854 10796 5196 5314  216 1440 1420 109  
14252 32341 12582 11683  8598 19491 7004 7331  5348 14759 7681 3958  
29583 70111 28244 25056  6566 24817 18237 3979  1384 3276 1777 1100  
27357 58323 19653 23726  8393 29933 18414 5333  2163 8817 6606 1251  
13748 34342 15509 10641  9012 21954 9914 7290  5483 12889 5634 4584  
17583 40995 16736 14140  9963 27005 13289 7952  4920 13310 7060 3811  
5873 11456 2962 5371  5249 12751 5237 4409  4672 11928 5384 3785  
36238 93347 43503 28297  2162 7076 4950 2151  207 748 1129 190  
6617 15187 6072 5282  5954 15836 7735 4622  4914 11605 4833 4068  
34610 76778 27946 29677  3282 21394 19278 814  649 2701 2204 144  
23775 56122 23428 18830  8860 24403 13543 7101  3851 11023 5250 3257  
2707 8534 4855 1847  2912 8017 4073 2137  2850 7776 3865 2206  
31947 69164 23578 28050  6148 28874 21746 2459  440 2356 2609 131  
3440 8859 4152 2634  3070 7974 3813 2338  2735 7643 3877 2111  
32414 77471 31559 27419  4362 15261 10462 2725  1537 5654 3474 479  
17621 53467 29364 12572  11146 24720 9791 9840  5398 12219 5245 4622  
32334 90058 45203 24938  4354 6166 2095 4780  1819 4284 1764 915  
3182 8875 4450 2465  2968 8254 4162 2286  2921 7818 3839 2240  
26943 73863 36593 20815  8356 18075 7542 7444  1824 5231 3279 1447  
17771 41652 17130 14297  8987 25578 14026 6739  4930 11632 5359 4152  
14777 35203 14706 12044  8378 23412 12349 6222  5226 15461 8532 4004  
25274 73430 38883 18443  8059 18972 8196 6984  3946 6458 1978 3822  
12379 36079 19222 8900  9753 24040 10810 8019  5629 14741 7169 4589  
22718 58272 26324 18559  8376 21988 11290 6859  4867 11869 5407 3607  
34721 85017 37368 27178  3731 13632 8676 3428  160 2085 2526 39  
17621 46810 22652 13489  9510 23168 10089 8057  4763 13849 8003 3465  
25386 64229 29012 20359  8858 22605 10853 7076  2822 9253 6275 2014  
