# NumberOfHospitals NumberOfScenarios TimeHorizon
4 300 3
# DemandeScenario_0_Hospital_0_Period_0 DemandeScenario_0_Hospital_1_Period_0 ... DemandeScenario_0_Hospital_0_Period_1 DemandeScenario_0_Hospital_1_Period_1 ...
# DemandeScenario_1_Hospital_0_Period_0 DemandeScenario_1_Hospital_1_Period_0 ... DemandeScenario_1_Hospital_0_Period_1 DemandeScenario_1_Hospital_1_Period_1 ...
# ...
# ...
# ...
20364 42716 13905 17740  10494 31364 16947 7530  4348 13723 7926 3154  
25118 56084 20902 21212  7956 22775 11691 5615  3678 14046 10090 2545  
7305 18351 8292 5765  5907 13618 5405 4927  4599 10501 3986 3900  
17592 45313 20843 14093  9821 24339 11130 7692  3828 11372 6154 3098  
25153 70905 36719 18227  7905 20790 10342 6480  4148 6827 1882 4494  
18043 52087 26491 14167  11232 27000 12788 9409  4879 12228 6328 3828  
10304 27189 12866 8170  5115 14643 7473 4140  5941 16406 8510 4442  
6084 16591 8045 4838  4649 13091 6647 3672  3845 10184 4909 3174  
10084 25768 11641 8202  6883 14514 4717 6095  5747 16986 9469 4118  
3687 9111 4005 2967  2670 7083 3309 2178  2626 7679 4114 1939  
28818 74122 34203 22909  6168 19268 12223 4515  2605 5711 2507 2291  
17701 41031 16576 14308  9856 27707 14468 7641  4764 14308 8549 3548  
11022 27781 12559 8759  7196 20365 10699 5394  5431 11603 4041 4789  
25096 72638 37405 19374  7108 14325 6641 6904  4316 10265 4702 3045  
31889 70479 25680 27145  5745 23668 15789 3037  803 5737 6849 370  
6451 17947 8988 4987  6118 14804 6386 4994  4563 11516 5220 3746  
19723 54875 27981 14558  10695 24498 10150 9354  4688 11750 5699 3895  
13227 32956 14871 10155  8515 24302 13152 6384  5450 11856 4945 4651  
33318 84343 37557 27290  5164 15322 9197 3270  98 1104 1910 72  
25798 71557 35720 19988  8940 19204 8038 7911  2291 6954 4557 1602  
3355 9215 4633 2504  3179 8457 4071 2497  3019 7130 2942 2515  
14136 33507 13677 11804  8065 23962 13207 6020  5189 15303 8588 3878  
23539 62798 30687 17669  9367 23538 11862 7792  3026 8241 4768 2515  
33538 88814 43064 25213  4854 10796 5196 5314  216 1440 1420 109  
14252 32341 12582 11683  8598 19491 7004 7331  5348 14759 7681 3958  
29583 70111 28244 25056  6566 24817 18237 3979  1384 3276 1777 1100  
27357 58323 19653 23726  8393 29933 18414 5333  2163 8817 6606 1251  
13748 34342 15509 10641  9012 21954 9914 7290  5483 12889 5634 4584  
17583 40995 16736 14140  9963 27005 13289 7952  4920 13310 7060 3811  
5873 11456 2962 5371  5249 12751 5237 4409  4672 11928 5384 3785  
36238 93347 43503 28297  2162 7076 4950 2151  207 748 1129 190  
6617 15187 6072 5282  5954 15836 7735 4622  4914 11605 4833 4068  
34610 76778 27946 29677  3282 21394 19278 814  649 2701 2204 144  
23775 56122 23428 18830  8860 24403 13543 7101  3851 11023 5250 3257  
2707 8534 4855 1847  2912 8017 4073 2137  2850 7776 3865 2206  
31947 69164 23578 28050  6148 28874 21746 2459  440 2356 2609 131  
3440 8859 4152 2634  3070 7974 3813 2338  2735 7643 3877 2111  
32414 77471 31559 27419  4362 15261 10462 2725  1537 5654 3474 479  
17621 53467 29364 12572  11146 24720 9791 9840  5398 12219 5245 4622  
32334 90058 45203 24938  4354 6166 2095 4780  1819 4284 1764 915  
3182 8875 4450 2465  2968 8254 4162 2286  2921 7818 3839 2240  
26943 73863 36593 20815  8356 18075 7542 7444  1824 5231 3279 1447  
17771 41652 17130 14297  8987 25578 14026 6739  4930 11632 5359 4152  
14777 35203 14706 12044  8378 23412 12349 6222  5226 15461 8532 4004  
25274 73430 38883 18443  8059 18972 8196 6984  3946 6458 1978 3822  
12379 36079 19222 8900  9753 24040 10810 8019  5629 14741 7169 4589  
22718 58272 26324 18559  8376 21988 11290 6859  4867 11869 5407 3607  
34721 85017 37368 27178  3731 13632 8676 3428  160 2085 2526 39  
17621 46810 22652 13489  9510 23168 10089 8057  4763 13849 8003 3465  
25386 64229 29012 20359  8858 22605 10853 7076  2822 9253 6275 2014  
12268 31680 14334 10078  8732 22888 11062 7025  5646 16348 9093 4203  
7296 17399 7225 6016  5557 14656 6955 4437  4459 12765 6818 3290  
12457 35956 18736 9373  9464 24289 11538 7461  4365 11975 6040 3604  
10131 22980 8648 8680  8101 20060 8779 6503  5523 13870 6113 4473  
17874 48633 23012 14639  10009 26259 13937 8198  5351 10927 4407 4612  
16625 45216 22547 12373  10434 25463 11410 8726  5020 13634 7326 3924  
28041 85478 47494 19292  7354 12525 2377 6933  2482 2324 50 3107  
7310 18389 8319 5770  5791 15148 7282 4487  4374 11401 5300 3579  
3159 9054 4751 2292  2802 7959 4066 2157  2476 7293 3898 1841  
31825 69038 24381 27113  5586 22746 13649 3104  935 6266 6334 329  
31147 77567 34882 24181  5167 17623 12933 4101  1692 3395 1274 1877  
3494 8687 3894 2725  2981 8470 4382 2252  3016 7541 3426 2389  
14352 31926 11927 11975  8538 20479 8072 7138  5202 12997 5152 4252  
23412 66501 33234 18577  8422 20465 11285 7252  5282 11046 4118 3884  
10886 27282 12156 8782  7035 20354 10936 5182  4054 11713 6098 3239  
6887 16909 7245 5694  5941 13522 5244 4907  4183 9815 3803 3578  
14498 34048 13785 12055  8929 22444 9972 7229  5629 14034 6102 4489  
24923 54531 19715 20979  9101 27448 14486 6701  2856 9561 5157 2012  
10846 28024 13032 8569  6424 15977 6897 5442  5062 11463 4344 4397  
29589 78266 37945 22135  7073 18053 10028 6403  1415 2553 1091 1656  
14653 33802 13422 12102  8329 23905 12957 6095  5535 12704 4768 4800  
10006 27438 13783 7444  7614 19743 9538 5904  6014 14498 6356 5034  
3202 9039 4681 2336  3135 8382 4118 2380  2293 7135 4027 1605  
19688 41309 13295 17325  10759 30755 15705 7692  4683 15695 10068 3253  
20043 61602 34135 14256  8484 22147 10565 6214  5899 10957 3523 5603  
7116 18052 8147 5740  5850 13215 5106 4826  4333 12529 6664 3297  
7004 17138 7329 5781  4794 14294 7750 3585  3640 10652 5673 2826  
36725 91229 40597 29163  1625 7575 6967 1353  273 2319 1661 116  
14668 44321 24351 10335  9544 25424 12490 7418  5958 14165 6225 5062  
34103 91660 45081 25667  4218 7437 3061 4939  267 1788 1598 35  
20383 46948 18159 17349  8933 28339 16957 6414  4856 12275 5862 3866  
23567 70660 38164 17266  9043 21183 9226 7289  3310 5694 1673 3429  
14252 32406 12406 12037  9028 23950 11457 7115  5747 15701 7946 4443  
10575 28104 13599 8100  8017 18710 7702 6679  5427 13778 6242 4474  
25548 74808 39112 19449  8667 19528 8985 7253  2882 4274 1171 2895  
9926 26844 13318 7386  7750 20677 10103 6115  5943 13591 5598 4999  
33702 74462 26724 29115  3577 20438 17341 1227  893 4151 4090 240  
2835 8710 4858 1970  2669 7790 4077 2025  2445 7052 3660 1874  
17101 46132 22763 12879  9282 23993 11209 7700  3899 12366 7634 2633  
17736 41699 16823 14841  9816 25743 12218 7708  4815 11700 4659 3889  
29217 73576 33083 23417  7078 19514 10680 5405  1716 5653 3619 1389  
18434 38622 12163 16445  9309 24698 11132 7333  5248 14877 7240 3759  
21484 52158 21589 18198  11134 27905 12632 8593  3233 12567 9921 2051  
15522 45513 23567 12033  12465 31082 14608 9768  4606 11560 5850 3887  
32288 68052 22004 28488  4920 26111 20887 1821  957 4778 5054 266  
23773 46757 12447 21649  9301 27307 12297 6434  3298 13598 9452 1770  
35932 93176 43459 28410  2075 6518 5149 1856  410 955 810 312  
17259 39494 15660 13938  9753 27716 14927 7443  5498 15456 8170 4393  
9753 26914 13366 7574  8133 18950 7770 6792  5778 14454 6579 4691  
3537 7694 2751 2981  3344 8471 3852 2663  3033 7473 3276 2448  
3680 8919 3830 2960  3148 7480 3049 2643  2895 6860 2875 2314  
20548 62152 34163 14501  10813 22673 8965 9213  4552 10504 4207 4263  
28898 65754 24634 24954  6914 23561 14834 4489  2222 9419 7870 989  
9332 26366 13692 6737  8058 20866 9928 6398  5745 15034 7316 4587  
13753 29194 9777 11908  9211 22398 9229 7364  5673 16215 8233 4352  
36261 85873 35219 30058  1650 11419 10176 452  537 2597 2486 122  
3552 7973 2987 3013  3216 7851 3431 2535  3029 7427 3219 2468  
33329 91924 46445 24762  4732 8488 3197 5138  500 765 244 671  
32912 93189 48023 24594  5110 6987 1721 5223  457 684 169 591  
12635 36749 19450 9256  7221 21402 11724 5072  6590 15418 6526 5706  
32838 92736 47523 24766  5233 7587 2121 5297  493 781 178 565  
16526 45989 23442 12228  10555 23924 9769 9052  5231 14504 7681 4130  
23404 69442 37710 16403  10099 22722 9461 8808  3575 6102 1961 3649  
21128 43108 12695 19031  10988 29629 12855 7928  4109 17251 13235 2412  
8380 22570 10666 6811  8364 19190 7641 6996  5267 12414 5048 4472  
14779 36370 15939 11855  8913 20773 8344 7441  5437 16404 9418 4022  
21028 48660 19089 17750  9455 25960 12880 7310  4606 13697 7708 3294  
13432 39505 20613 10315  10440 27316 13412 8232  6323 13400 5228 5591  
33918 78874 32168 27049  3917 18473 15982 3008  625 2549 1346 530  
10842 33957 19257 7363  8886 23757 11767 6757  6275 15544 7226 5077  
30563 89215 46970 22850  7515 11205 2587 7015  507 746 283 742  
9428 24484 11199 7690  7948 17963 6899 6713  5713 15837 8201 4386  
17978 40337 15329 14917  8700 22165 9310 7188  5389 15922 8630 4064  
19255 60425 34205 13271  10279 24854 10756 8394  4861 9550 3377 4312  
24062 60525 26333 20099  8136 24805 15585 6078  3949 8342 3496 3186  
30386 70408 27474 25840  5879 21738 14912 3697  1243 4941 4550 702  
22126 52998 22240 18101  8023 26121 16121 5663  4415 10111 4413 3569  
7311 18633 8542 5782  5750 12653 4659 4830  4085 12449 7095 2906  
5623 16695 8854 4236  4904 12912 6078 4021  4680 11134 4706 3966  
21996 54989 24501 17675  9113 25422 13621 6870  4149 9594 4141 3546  
22677 57805 25890 18594  9002 19154 6620 7753  3980 14082 9916 2566  
12600 32712 14962 10273  9747 25420 12282 7551  4228 11490 5802 3536  
18391 53441 27998 13809  8919 23541 11657 7204  4164 10011 4757 3670  
32575 78096 33450 25368  5512 18789 12734 5049  490 3526 2799 222  
24500 61744 27005 20390  9574 28462 16964 6830  2906 5758 2222 2523  
25545 73253 38415 18625  9228 17970 6927 8371  2539 5780 2843 2433  
6389 18434 9696 4685  4925 14348 7704 3521  4634 11866 5680 3572  
14466 33139 13076 11871  8728 20460 7927 7334  5844 16350 8486 4420  
27865 63723 23925 24157  5926 20865 14544 4129  3110 9541 6044 1802  
3612 8239 3224 2973  2953 6628 2406 2558  2843 7298 3328 2304  
32396 79970 34812 26430  5155 16264 9863 3669  905 4078 3787 432  
26178 79795 44075 18490  10127 17566 4817 9686  1627 2937 775 1764  
6859 15906 6447 5496  6076 14944 6552 4924  4403 10621 4668 3490  
18862 43303 16418 16290  10700 30886 16750 7908  4858 12999 6593 3708  
3172 6491 1960 2827  3208 7749 3242 2656  2937 7668 3600 2340  
18395 37614 11190 16513  8779 26527 14427 6618  5663 18054 11256 3915  
7166 17741 7745 5846  5797 15474 7586 4442  4703 12625 6292 3620  
32382 91589 47441 23737  5584 8801 2227 6140  603 771 206 733  
36206 89844 40042 28547  1646 8469 9310 1349  681 2690 560 594  
29557 88922 48682 20887  7906 10993 1165 8446  911 1127 77 908  
26660 69309 32004 21500  8941 21424 9834 7198  1682 5993 4600 1185  
26341 56842 19391 23014  8596 27780 15495 5761  2736 11708 9343 1440  
22635 66451 34831 17203  10793 24970 11259 8848  3231 5372 1761 3242  
26891 69925 31388 22434  10681 27455 14826 7765  864 3313 3204 383  
6293 15149 6208 5334  5861 16038 8064 4459  4741 12599 6145 3741  
8160 23253 11726 6410  7821 18887 8147 6541  6238 14914 6431 5116  
30214 88482 46672 22599  7731 11520 2779 7428  562 979 312 566  
3041 9042 4885 2191  3041 8461 4287 2313  2693 7344 3624 2115  
26411 83954 48161 17744  10547 13366 1347 10825  1168 2897 407 1273  
24113 58252 24370 20085  7734 21956 11748 6072  3813 12112 7986 2630  
3614 8944 3913 2941  2865 7918 3940 2245  2494 6754 3278 2002  
12349 35582 17962 9786  9756 28370 15476 7110  4788 11392 5265 4340  
6052 15293 6700 5040  4997 11742 4672 4304  5149 11944 4759 4216  
3086 7403 3008 2628  3262 8530 4027 2578  2872 7109 3106 2364  
7305 17635 7458 5991  5977 14892 6638 4807  4645 12088 5689 3725  
30477 74931 32081 25263  7002 21081 12254 4731  767 3021 2375 512  
10670 28158 13420 8346  7562 20162 9859 5943  5640 12926 5190 4798  
9669 21786 8459 7742  8095 21500 10561 6318  5745 13784 5976 4734  
6635 18558 9411 5043  4369 12682 6579 3402  5273 12546 5376 4312  
30700 83036 39916 24496  5161 13389 8824 4154  1835 3281 958 1476  
32277 92005 47956 23652  5668 8194 1820 6135  566 841 142 670  
26670 74926 37076 21236  9416 21325 11015 7714  1978 3971 1565 1402  
19318 55165 28804 14144  9777 24238 11552 7800  4993 11588 5279 4350  
3398 9032 4388 2565  3050 6961 2782 2461  2965 7062 3003 2394  
20493 56293 28065 15670  7708 19587 9059 6633  5956 13523 5822 4744  
7064 15767 5963 5829  5908 15667 7617 4573  4649 11569 5282 3671  
9622 26780 13692 7037  7503 19636 9610 5772  5983 13348 5363 5114  
36215 82373 31737 30360  2226 16732 15220 265  171 2035 2594 20  
7237 17079 7081 5841  5998 14668 6356 4881  4505 12584 6594 3370  
28397 65416 25551 23924  6842 19331 8668 5031  2441 11635 10193 1258  
14908 43772 23541 10537  10847 25918 11567 8948  5608 14317 6994 4614  
14065 31858 12383 11487  9277 24204 11260 7470  5788 15878 8207 4466  
13129 35783 17899 9725  9580 24132 11179 7795  6064 14396 6220 5158  
22047 62403 31811 16875  9536 23694 11392 7828  4565 9529 3904 3918  
28092 82226 42918 21444  7681 13852 5562 7181  2331 3762 941 1865  
30816 87892 45074 23559  6742 10870 3714 6487  891 1830 678 567  
6668 18694 9560 4982  5279 14771 7515 4063  4691 12227 5926 3600  
27943 74758 36144 21771  7204 19142 10472 5549  1925 4575 2058 1866  
7229 18247 8311 5663  5634 14301 6444 4608  4783 12759 6286 3722  
7095 17761 8024 5539  5817 12914 4777 4951  3916 12362 7254 2738  
12226 32616 15404 9851  7876 20478 9772 6495  6019 17394 9589 4351  
14255 42862 23094 10547  10820 24870 10360 9242  5128 14549 7940 3823  
3678 9202 4125 2926  2829 8259 4380 2106  2466 7382 4050 1764  
32136 76134 31126 26766  5558 19098 11547 3353  659 4348 4507 382  
17547 44335 19849 14233  9856 24593 11166 7968  5168 12568 5406 4165  
17392 43811 19505 14161  9298 22287 9423 7760  5618 15423 7965 4078  
33169 79512 33395 27142  4045 17311 14044 2387  1174 3017 1327 989  
10677 24607 9846 8668  7909 21017 10270 6168  5706 14997 7205 4574  
10397 33365 19272 6943  10014 24888 11189 8224  6061 14715 6808 4780  
16794 38046 14869 13538  10110 24948 10497 8445  5385 17562 11055 3880  
33071 92249 46577 25260  4386 6033 1745 4856  1090 2503 1045 523  
7348 17396 7166 6051  4810 9882 2871 4323  4965 11979 5023 3973  
13477 37456 18996 10100  8931 22439 10192 7385  6033 15309 7365 4809  
12190 35159 18609 8708  8701 23945 12111 6743  5936 15328 7420 4766  
18146 44223 18932 14856  7848 24993 14907 5592  5991 14605 6716 4849  
6169 14441 5639 5304  5681 12124 4044 4880  4971 12896 6017 3939  
26802 84982 48579 18185  10369 14355 1272 10520  1174 1377 69 1467  
3601 8506 3467 2997  2834 7075 3060 2368  2604 7395 3823 2002  
23085 61646 30189 17227  10022 21504 8604 9099  3453 11239 7081 2631  
8381 23042 11171 6724  7924 18690 7766 6664  4990 15157 8650 3651  
30181 64041 20648 26913  6194 23138 13712 3243  1412 8366 9041 382  
6152 18102 9639 4531  6156 15081 6678 4934  4290 11805 6095 3161  
23860 55114 22229 19113  9784 27762 13967 7914  3313 10864 6802 2500  
10344 24395 9835 8702  7414 19313 9042 5963  4582 13245 7121 3580  
29353 68299 27553 24085  6984 22908 13961 5002  1703 6537 4229 1223  
17518 43900 18920 14723  9582 26227 13850 7592  5561 11536 3869 4618  
14630 44072 23910 10678  8713 22418 10520 7250  7059 15574 6415 5982  
25288 61332 26043 20785  7039 21136 11855 5455  3054 10111 7106 2181  
24211 61874 27550 20040  11011 28820 14560 8146  1812 5455 3763 1486  
32383 73032 28395 25939  5247 22991 18700 4039  718 3039 2088 571  
32162 84613 40428 24856  5366 12503 6627 4834  765 3270 2497 593  
18439 45830 20359 14716  9041 25387 13273 7021  4443 13068 7392 3432  
5461 16178 8530 4149  4655 12180 5665 3868  5377 12978 5651 4370  
33015 86590 40400 26527  3667 11320 8791 2714  1650 2652 535 1302  
24320 71056 38013 17332  10098 21988 8589 9225  2970 5949 2483 2773  
21550 49553 19713 17582  9792 27509 14224 7622  3857 12531 8222 2800  
19770 56610 28380 15734  11722 28974 14606 9507  3653 9068 4809 2868  
9510 27333 14373 6908  7878 18365 7776 6393  4771 14143 7947 3449  
29224 67580 27021 23988  7130 22605 12577 5276  1706 8081 6964 1041  
3500 8917 4120 2706  3201 8277 3832 2569  2896 7816 3874 2226  
10355 22237 7622 8942  7757 20218 9376 6189  5734 13986 5930 4557  
9466 19369 5819 8449  7565 19246 8537 6136  6041 14956 6416 4708  
7119 18685 8917 5487  5742 15210 7416 4427  4052 11975 6565 2952  
35846 85214 35052 29783  2116 10612 7143 774  626 4430 4599 88  
15695 43336 21433 12283  8175 20164 9122 7018  5839 16968 9458 4074  
8297 25876 14599 5706  6424 19137 10368 4582  5841 15086 7228 4558  
5347 15109 7530 4239  5806 14956 6967 4675  4301 11989 6164 3348  
19426 51476 24277 15563  10965 26101 11438 8890  3899 11584 6882 3003  
7390 18140 7914 5946  5065 14848 7943 3787  4869 12312 5736 3824  
24312 56477 22953 19514  8124 26441 17106 5911  3945 11198 6041 3297  
34854 80410 31348 29489  3614 19244 15527 1057  145 1457 2504 93  
32051 70192 25439 26950  5348 20890 11643 3245  929 6849 6434 365  
33154 82906 37119 26404  4687 14306 8731 3727  552 3220 3555 333  
30529 63976 20774 26605  5917 23639 13838 3254  1675 8784 7112 674  
24257 52657 18440 20886  8904 24011 10192 6621  3445 12531 7360 2144  
33234 90700 44576 25895  4553 8732 4380 4220  555 1460 942 332  
29316 83577 43440 21699  7772 13078 4224 7521  1164 3759 1762 1010  
6714 14245 4722 5862  5904 15700 7549 4631  4907 11771 4922 3993  
35511 93970 44959 27710  2766 6387 4447 2476  270 757 507 331  
18238 43150 17702 15087  9610 23866 10429 7711  4328 14866 9704 3066  
34479 93969 46726 26099  3517 6274 3036 3718  531 735 148 669  
7369 17979 7798 5911  5960 14259 5999 4885  4800 12538 6015 3764  
31412 90975 48163 22740  6729 9104 1500 7479  442 913 212 368  
23699 59505 27080 18237  9430 22433 10300 8185  2727 10661 8322 1873  
28239 67662 27529 23983  8643 23664 11442 5925  1456 8014 7970 633  
29159 83453 43481 21613  6495 13597 5380 5955  2039 3190 916 2025  
20378 48946 20970 16006  10185 26797 13411 8266  4399 11896 6189 3636  
8589 25691 13769 6388  7491 18833 8538 6189  5330 15170 8068 3944  
27493 72224 33971 21868  6872 15245 6273 6143  1872 6801 5551 1306  
30137 72104 29083 25762  7924 25374 15553 4756  422 2931 4088 104  
20970 51414 22627 16436  9521 26234 14071 7476  4565 12983 6931 3751  
26226 60073 22863 22514  9147 26776 13983 6390  2459 10317 8244 1349  
7234 18094 8037 5848  5551 15247 7739 4159  4843 11980 5320 3972  
14780 36337 15905 11854  7318 22856 13326 5166  6216 13696 5357 5344  
17232 38924 14607 14719  9897 25212 11359 7543  4238 14220 8707 3140  
10452 25180 10812 8254  7840 21031 10292 6187  5764 13963 6018 4798  
23938 54305 21240 19367  9789 28655 15470 7686  3259 11161 6896 2460  
9124 25160 12372 7195  8029 19170 8136 6678  5460 13756 6325 4483  
3053 7724 3398 2538  3022 6555 2270 2633  2658 7371 3706 2079  
20800 41867 11860 18847  11011 36055 21571 7485  3640 10839 6078 2618  
27675 73546 34120 22706  8453 21707 12953 6554  1835 3440 1229 1246  
35360 77424 28159 29557  2800 15541 8055 1010  392 6305 9165 69  
31060 88629 45530 23681  7113 11051 3298 6765  423 1425 843 189  
13473 38901 19894 10492  7872 21742 11325 6399  6383 14701 6595 5489  
22675 61275 29633 17917  10035 26084 13178 7667  3762 8918 4442 3192  
3211 6671 2088 2847  3247 8554 4062 2561  3010 7598 3427 2423  
30497 79857 37315 24398  6032 17343 10816 4455  1332 3062 1589 1031  
18426 46851 20756 15259  9430 28619 16695 6782  5536 11985 4883 4792  
35642 93872 44660 27891  2680 5618 2895 2704  246 1568 2185 42  
18928 53721 26508 15268  11170 31359 17646 8288  5347 9736 3445 4844  
10876 26007 10821 8984  6650 13948 4283 5883  5741 16773 9160 4277  
19078 46916 19903 15981  10860 28566 14051 8409  3355 10325 6449 2612  
10993 26424 11241 8841  7675 17453 6721 6431  5699 14749 6930 4517  
18340 48445 22579 14875  9690 26440 13926 7599  4535 9984 4300 4009  
23196 51180 18248 20118  8231 23076 11084 6301  4725 16026 10054 2912  
12171 25125 7629 10917  8686 23770 11686 6832  6474 18112 9468 4866  
10873 26297 11127 8940  7931 20251 9362 6299  4960 11219 4092 4276  
17982 42842 18042 14410  9298 26508 14374 7047  5123 12396 5699 4287  
2387 6659 3222 1946  3346 8470 3846 2688  2725 7276 3510 2175  
19318 50292 22694 16043  10200 21296 7610 8953  4497 16655 12383 2779  
20840 48345 19007 17613  9310 29390 17570 6532  4713 11389 5030 3845  
10564 24399 9550 8913  6931 18216 8521 5615  6000 15402 7231 4601  
6702 18328 9179 4998  5761 14748 6763 4677  4921 11133 4387 4114  
32747 74819 29309 27031  4428 20246 16528 2613  1204 4411 2640 879  
25405 65124 29978 20161  7637 22937 13538 5647  3639 7376 2731 3353  
10929 26221 10980 8998  7411 20923 10968 5540  5155 13856 6815 4143  
27958 82146 43867 20371  9034 15008 4185 8979  1191 3251 1633 884  
10299 28223 14101 7794  7900 17934 7187 6534  4932 14363 7994 3596  
25754 60549 24705 21219  7363 17782 6255 6092  3663 13477 9002 2301  
10070 21081 6806 8810  8193 21336 9982 6408  5573 13468 5505 4546  
