# NumberOfHospitals NumberOfScenarios TimeHorizon
4 20 5
# DemandeScenario_0_Hospital_0_Period_0 DemandeScenario_0_Hospital_1_Period_0 ... DemandeScenario_0_Hospital_0_Period_1 DemandeScenario_0_Hospital_1_Period_1 ...
# DemandeScenario_1_Hospital_0_Period_0 DemandeScenario_1_Hospital_1_Period_0 ... DemandeScenario_1_Hospital_0_Period_1 DemandeScenario_1_Hospital_1_Period_1 ...
# ...
# ...
# ...
22061 55307 24782 17637  8663 24875 13848 6411  3915 11026 6347 3027  2203 4586 1758 2091  996 2645 1218 873  
2865 7440 3365 2369  3013 7463 3240 2502  3014 7063 2863 2511  2054 5770 2917 1644  1868 5177 2601 1511  
10855 27669 12750 8482  7923 18832 7884 6574  5361 12641 5059 4534  3925 11149 6112 2905  2941 7934 3929 2364  
9244 26651 14089 6629  7979 19806 9092 6332  5536 15075 7566 4376  4086 10720 5185 3348  2560 7311 4047 1887  
8877 23527 10968 7223  7244 20853 11100 5407  5875 12393 4350 5158  3650 10277 5484 2885  3444 8123 3506 2841  
7758 22574 11586 6054  8149 18920 7728 6896  5489 15437 8154 4213  4539 11512 5495 3644  3154 8061 3958 2548  
15881 45953 24141 11763  10762 23744 9306 9289  5727 13759 6133 4700  2809 7940 4339 2221  1613 4212 2151 1306  
5910 14427 5989 5022  5839 12607 4366 4985  5008 13475 6651 3879  4086 11193 5711 3123  3303 8933 4510 2569  
33029 76541 30615 27237  4776 19964 13975 2953  633 3575 4058 337  137 920 1085 84  29 207 105 25  
3510 9437 4610 2699  2793 8231 4427 2028  2889 7265 3348 2247  2315 6717 3609 1677  2581 6172 2638 2142  
15370 42344 20823 12107  9544 26535 13913 7216  5453 13032 5962 4665  3552 8694 4212 2832  1834 4456 2221 1504  
25355 62877 27997 20001  7111 22833 14631 5121  3590 9425 4838 3020  1647 3877 1416 1611  548 1191 569 529  
6885 18750 9257 5299  4591 12456 6003 3727  4110 10464 4785 3433  3421 9052 4427 2796  3340 9157 4743 2543  
31727 83089 38483 25701  5403 15482 10517 3907  790 1307 577 715  552 851 133 303  124 489 188 15  
35502 85263 35542 29451  2629 14695 13596 965  392 1063 625 198  45 120 107 17  43 105 37 9  
11669 30122 13535 9659  10233 25345 11420 8151  4961 14154 7693 3905  4145 10632 5251 3293  2479 6147 2943 2019  
10630 30661 15637 8309  9742 23527 10345 8096  5434 15268 8230 4215  4311 10035 4433 3609  2791 6694 3125 2280  
22362 69631 39151 15537  10344 22221 8395 8793  3785 6288 1802 3692  1415 2060 439 1633  435 718 107 553  
3573 8133 3179 2930  3013 6574 2275 2620  2931 6553 2425 2453  2589 7431 3941 1939  2433 6744 3463 1857  
18067 46938 22008 14186  8595 24049 12516 6729  5055 13183 6750 3812  2714 7502 4073 2202  1950 3811 1383 1836  
