# NumberOfHospitals NumberOfScenarios TimeHorizon
4 200 5
# DemandeScenario_0_Hospital_0_Period_0 DemandeScenario_0_Hospital_1_Period_0 ... DemandeScenario_0_Hospital_0_Period_1 DemandeScenario_0_Hospital_1_Period_1 ...
# DemandeScenario_1_Hospital_0_Period_0 DemandeScenario_1_Hospital_1_Period_0 ... DemandeScenario_1_Hospital_0_Period_1 DemandeScenario_1_Hospital_1_Period_1 ...
# ...
# ...
# ...
22061 55307 24782 17637  8663 24875 13848 6411  3915 11026 6347 3027  2203 4586 1758 2091  996 2645 1218 873  
2865 7440 3365 2369  3013 7463 3240 2502  3014 7063 2863 2511  2054 5770 2917 1644  1868 5177 2601 1511  
10855 27669 12750 8482  7923 18832 7884 6574  5361 12641 5059 4534  3925 11149 6112 2905  2941 7934 3929 2364  
9244 26651 14089 6629  7979 19806 9092 6332  5536 15075 7566 4376  4086 10720 5185 3348  2560 7311 4047 1887  
8877 23527 10968 7223  7244 20853 11100 5407  5875 12393 4350 5158  3650 10277 5484 2885  3444 8123 3506 2841  
7758 22574 11586 6054  8149 18920 7728 6896  5489 15437 8154 4213  4539 11512 5495 3644  3154 8061 3958 2548  
15881 45953 24141 11763  10762 23744 9306 9289  5727 13759 6133 4700  2809 7940 4339 2221  1613 4212 2151 1306  
5910 14427 5989 5022  5839 12607 4366 4985  5008 13475 6651 3879  4086 11193 5711 3123  3303 8933 4510 2569  
33029 76541 30615 27237  4776 19964 13975 2953  633 3575 4058 337  137 920 1085 84  29 207 105 25  
3510 9437 4610 2699  2793 8231 4427 2028  2889 7265 3348 2247  2315 6717 3609 1677  2581 6172 2638 2142  
15370 42344 20823 12107  9544 26535 13913 7216  5453 13032 5962 4665  3552 8694 4212 2832  1834 4456 2221 1504  
25355 62877 27997 20001  7111 22833 14631 5121  3590 9425 4838 3020  1647 3877 1416 1611  548 1191 569 529  
6885 18750 9257 5299  4591 12456 6003 3727  4110 10464 4785 3433  3421 9052 4427 2796  3340 9157 4743 2543  
31727 83089 38483 25701  5403 15482 10517 3907  790 1307 577 715  552 851 133 303  124 489 188 15  
35502 85263 35542 29451  2629 14695 13596 965  392 1063 625 198  45 120 107 17  43 105 37 9  
11669 30122 13535 9659  10233 25345 11420 8151  4961 14154 7693 3905  4145 10632 5251 3293  2479 6147 2943 2019  
10630 30661 15637 8309  9742 23527 10345 8096  5434 15268 8230 4215  4311 10035 4433 3609  2791 6694 3125 2280  
22362 69631 39151 15537  10344 22221 8395 8793  3785 6288 1802 3692  1415 2060 439 1633  435 718 107 553  
3573 8133 3179 2930  3013 6574 2275 2620  2931 6553 2425 2453  2589 7431 3941 1939  2433 6744 3463 1857  
18067 46938 22008 14186  8595 24049 12516 6729  5055 13183 6750 3812  2714 7502 4073 2202  1950 3811 1383 1836  
28709 64232 24014 24242  6923 25088 15816 4606  2105 8784 7438 1240  616 2103 1572 411  192 690 542 109  
10825 26801 11913 8536  7760 20141 9441 6241  5470 15145 7870 4218  3911 10298 5010 3188  2966 6859 2819 2510  
16217 46305 24127 11951  7845 23077 12603 5654  6894 13977 5183 6216  3593 7435 2865 3272  1887 4517 1903 1703  
4928 14226 7194 3902  4815 12069 5331 4079  4732 11266 4756 3996  3908 10233 4979 3137  3559 9793 5085 2676  
6201 17056 8377 4882  5955 15665 7534 4637  5052 12335 5454 4090  3630 9778 4861 2890  2586 7398 3940 2034  
10586 24243 9364 8951  7609 17142 6314 6371  4886 11181 3853 4146  4342 13557 8092 3058  2759 7005 2918 2236  
3609 9128 4169 2825  3201 7324 2907 2614  2787 7720 3958 2090  2543 6562 3142 1957  2244 5274 2257 1798  
26635 67985 31612 20269  8635 23226 12862 7343  2438 7076 3925 2168  577 1469 856 580  194 797 472 167  
2883 5455 1276 2661  2911 7062 2920 2450  2929 6502 2336 2481  2737 6241 2360 2263  2546 6271 2703 2054  
14233 32015 12261 11722  9159 22714 10007 7373  5726 16319 8427 4465  3361 9941 5828 2476  2070 5435 2207 1723  
25349 64094 29247 19859  8510 23240 12563 6771  2697 8616 5530 2095  1343 3313 1559 1247  447 1212 513 433  
22516 63296 32107 17238  8664 23398 12211 6484  3560 8352 3828 2838  2062 3682 1214 1951  1106 1560 336 1323  
5766 14867 6656 4785  6050 15370 7039 4853  4113 11103 5467 3312  3708 10113 5150 2913  2774 7371 3678 2262  
29136 78411 37717 23097  4769 11582 6707 4426  3808 8913 4104 2602  671 1615 891 427  157 543 402 63  
35462 89081 39638 28782  2907 10945 8477 1750  229 1156 1657 98  25 90 120 16  2 10 12 0  
25790 65765 29448 21159  8240 20749 10332 6714  2924 7415 3418 2048  1202 5320 4643 528  287 1101 938 138  
21256 63268 34222 15289  11370 24343 9521 10029  3795 8064 3416 3293  1042 3069 1878 828  750 1465 495 791  
7052 16444 6711 5676  5986 14353 6007 4939  4394 12497 6705 3232  4023 10303 4784 3261  3016 6772 2451 2609  
16967 41409 17543 14108  9595 21864 8295 8005  5551 15292 7601 4185  2334 7655 4807 1715  1776 6902 5531 1077  
17061 52613 29359 11922  11822 26844 11045 10143  5021 11804 5382 4151  2451 5275 2274 2179  1193 2564 1000 1170  
13804 36368 17184 10945  9202 23465 11085 7136  5783 13245 5333 4954  3740 9977 5120 2919  2148 6717 4217 1584  
3235 9241 4792 2421  3161 7889 3579 2453  2393 6967 3639 1836  2562 6833 3307 2038  2554 6354 2895 2027  
9148 25667 12894 7112  6816 19799 10566 5087  6081 13283 5064 5295  4687 11622 5374 3746  3214 8592 4429 2441  
12258 35757 18823 9160  9901 22719 9289 8360  6249 15450 7098 5049  2916 9251 5723 1996  2355 6361 3419 1784  
8664 26234 14469 6048  7189 19486 9511 5714  4548 13637 7538 3173  4633 11361 5243 3721  3445 8292 3785 2840  
21452 50047 19979 17962  9223 28259 16441 6487  4534 12080 6283 3573  1907 5847 3696 1451  822 2477 1368 675  
16516 39728 17089 12880  8936 26794 15460 6589  6059 14391 6518 5222  3259 9331 4936 2665  1793 4720 2395 1546  
26661 76269 39042 20526  10239 20560 7994 8710  1303 3076 1716 1165  327 982 707 209  56 315 408 19  
12050 32342 15357 9699  9609 21912 8718 8100  5795 15871 8225 4518  3314 10807 6879 2253  2465 5435 2163 2153  
13604 33464 14822 10571  9356 25081 12418 7412  5864 14381 6602 4830  2980 9717 6232 2127  2349 6199 3315 1903  
28674 74573 34900 22643  5743 18245 11800 4105  2847 5139 1558 2881  981 2111 840 792  239 824 592 143  
28366 65627 25806 23873  7639 23719 13204 5062  1699 6504 3846 1220  688 3476 3478 384  163 1188 1640 79  
25046 70162 35294 19385  6227 15488 8026 5566  3931 8550 4040 3358  2182 5133 2005 1361  912 1472 397 684  
24877 54823 20176 20758  9180 28452 15972 6742  3038 11354 7895 2115  858 2907 1366 653  421 2314 2726 234  
25658 61290 24904 21744  7284 20587 11276 5687  4400 13657 7673 2520  677 2802 2713 432  315 1755 2325 143  
6199 17331 8685 4818  5287 15023 7807 3994  4378 12208 6268 3359  3808 10241 5152 2851  3534 7917 3172 3042  
28343 62034 22243 24140  7416 23471 11788 5081  2068 9619 7511 1054  580 4346 5180 271  147 1140 1570 70  
25284 65270 29638 20671  8540 23992 13826 6530  2747 6182 3080 2289  1239 3336 1935 787  543 1391 614 276  
9661 27720 14455 7187  8197 18986 7746 6901  5944 14141 6044 4897  2914 8931 5017 2262  3100 8663 4707 2299  
10752 27378 12622 8366  7594 20487 10129 5956  5220 13901 7063 3968  4123 10090 4415 3514  2953 7589 3816 2335  
30445 79575 37086 24393  6748 16307 8139 5466  985 4062 3805 551  248 644 405 166  121 491 399 42  
33198 78466 32330 27231  4389 18929 14703 2666  770 3081 2509 525  200 558 183 187  47 157 100 30  
12764 34845 17034 10042  8401 21955 10558 6810  6374 14368 5804 5365  3917 10724 5714 3001  2525 5974 2631 2073  
18433 45580 20130 14713  9399 25475 12788 7422  4808 13720 7744 3620  2482 5896 2868 2029  1564 3811 1577 1393  
3018 9017 4881 2181  3312 8292 3707 2685  2760 7439 3631 2179  2629 6571 2936 2162  2328 5972 2770 1896  
16664 38297 14702 14249  10449 28457 14280 7782  4687 14821 9007 3478  2523 7928 5017 1901  2041 5264 2720 1562  
23309 63846 31530 18094  9889 24188 11449 8017  3628 7986 3495 3110  1057 2843 1514 907  478 1534 1146 327  
22757 67578 35902 17080  9640 23638 11011 7418  3805 6894 2330 3535  1333 2047 537 1284  594 636 87 797  
29960 70572 28216 25382  4436 17843 14068 2967  2564 6954 3985 1679  1385 4325 2050 546  212 1039 776 57  
15528 41682 19873 12432  10297 27614 13963 7879  4912 11380 4920 4327  3598 8530 3884 2904  1904 4862 2462 1478  
3104 9053 4823 2238  3036 8430 4254 2324  2905 7652 3654 2302  2594 7047 3527 1985  2456 6097 2788 1935  
15337 32574 10564 13636  10199 28016 13901 7853  5693 14180 5832 4400  3511 11569 7261 2334  1576 6108 4855 1024  
14478 39031 18544 11696  9808 26936 14011 7589  5815 14551 7094 4746  3866 9259 4329 3057  1877 3976 1617 1618  
19780 55899 28823 14693  9085 23444 11130 7528  5331 12147 5447 4447  2464 5181 2230 2168  805 2214 1334 639  
3514 8413 3579 2790  3269 7342 2777 2744  2706 7790 4148 1993  2762 6539 2708 2287  2169 5120 2187 1712  
25113 64074 29203 20115  8779 21540 9897 6902  2953 10110 7082 2179  1029 2788 1284 920  451 1416 876 352  
27664 66769 28770 21774  8152 21674 10458 7016  1996 8991 7718 1293  593 2362 1421 444  114 867 1171 60  
17077 49512 25137 13498  12400 30332 14533 10106  5462 11587 4816 4582  1434 3943 2531 1125  1053 3279 1943 602  
28596 81600 42078 21633  6568 14716 6720 5588  1771 2656 718 1986  1088 1767 366 815  345 364 36 337  
10769 27127 12149 8695  6173 17487 8964 4866  6114 15680 7484 4748  3514 10575 6056 2603  2954 6578 2611 2614  
7031 18837 9146 5442  5092 14843 7956 3718  4675 12425 6136 3594  3634 9990 5143 2760  3218 8349 4046 2574  
6619 13836 4429 5817  5688 12471 4327 4822  4514 12892 6710 3474  3566 8506 3358 2994  3112 8333 4030 2467  
12890 33533 15423 10458  7261 18487 8479 6125  7018 17148 7668 5527  4011 10923 5782 3100  1882 5862 3751 1441  
7043 18728 9073 5389  4964 14676 7978 3588  4585 11767 5647 3536  3687 10069 5173 2814  2681 7916 4310 1998  
6984 15427 5590 5978  6049 15476 7145 4759  4365 10097 3837 3719  3816 8823 3356 3161  2821 8219 4398 2186  
19185 52976 26884 14045  10941 26517 12057 9257  4471 11919 6229 3685  2206 5366 2574 1963  1022 2393 1063 966  
19667 52455 24988 15649  9980 26930 13886 7411  5059 11749 5450 4225  1763 4369 1970 1631  872 2461 1530 749  
19721 42977 14940 17191  8554 24785 12890 6585  5865 16592 8292 3980  2487 8368 5511 1696  975 3242 1865 662  
29205 73354 32853 23456  7103 19683 10776 5397  1747 5442 3503 1405  401 1625 1090 299  107 752 801 61  
3562 9226 4284 2834  3164 6761 2316 2718  2772 7319 3466 2222  2145 5952 2960 1716  2550 6460 2990 1995  
25747 62970 27430 20587  8032 19392 7753 6841  3225 11589 7782 2205  1049 4475 3692 678  366 1674 1574 224  
13875 34102 15069 10839  9425 24374 11530 7598  5377 15807 8821 4094  3526 9921 5342 2795  2325 6235 3342 1862  
30069 85262 43286 23245  5437 9220 4133 5526  2080 3470 1064 1591  934 2804 1075 267  48 214 202 7  
16622 41959 18608 13640  10480 27006 12894 8083  4376 12999 7443 3413  3396 8348 3974 2709  1789 4743 2521 1361  
20560 47419 19069 16504  10112 25662 11535 8359  4544 14450 8464 3414  1933 7477 5495 1347  830 3113 2179 604  
10201 24895 10547 8482  5412 15799 8311 4288  5663 11467 3497 4976  3920 12496 7627 2790  3357 9961 5709 2412  
25671 59874 24619 20189  9832 30037 17178 7938  2052 5943 3861 1776  622 2433 2139 489  325 1910 1185 196  
35625 78634 29006 29737  2796 20124 17572 867  175 2019 2764 39  20 288 360 1  3 125 178 0  
30854 62720 18428 27698  6579 30704 21920 2712  1108 6623 6579 232  68 1007 2253 1  10 159 436 0  
33344 77786 31929 26443  4754 20710 16308 3734  471 1992 1040 463  52 672 481 3  1 74 120 0  
7186 18824 8934 5590  5558 15292 7718 4253  4155 11154 5402 3356  3976 8614 3142 3431  2848 7317 3398 2370  
21533 48503 18592 17788  9125 23774 11171 7144  4337 14210 7812 3256  1937 6530 3777 1425  924 4168 3590 590  
20364 46581 17801 17380  9972 26478 12490 7715  4623 15637 10297 3082  1886 6272 4239 1333  1013 3339 2298 661  
18152 53686 28671 13389  10739 25568 11395 8520  5302 11782 4922 4814  2518 5437 2374 2235  914 2538 1464 765  
3120 8574 4212 2453  3113 8561 4315 2338  2833 7649 3761 2212  2479 6629 3212 1979  2553 6396 2934 2027  
3192 9124 4771 2326  2882 8283 4368 2104  2349 7039 3878 1640  2629 7004 3391 2082  2631 6245 2665 2180  
19622 55652 28830 14494  8894 24160 12393 6857  4627 11000 5054 3807  2880 5637 1944 2857  1463 2520 789 1525  
18438 54377 29220 13271  11104 24522 10091 9392  5059 11946 5105 4525  2129 5065 2535 1801  998 2824 1640 843  
14763 36603 16201 11803  8132 21007 9629 6692  5414 15924 8978 4047  3780 9696 4747 3060  2026 6371 4047 1408  
6098 13933 5211 5301  5741 15037 7097 4580  4609 11358 4948 3806  3347 6882 2004 2965  3340 8073 3350 2700  
23877 71770 39158 17060  10452 21564 7985 9377  3211 5584 1845 3102  814 1634 609 843  182 448 224 177  
23859 47531 13118 21656  8914 25304 10706 6291  4012 16239 10759 2058  1100 5282 3352 455  452 4217 7031 124  
18534 36656 10052 16721  11489 33434 17216 8251  4113 13554 7999 2947  2060 6456 3497 1443  1068 3648 1990 670  
15462 32114 9937 13807  10753 27078 11561 8309  5775 16543 8315 4206  2503 9380 6510 1727  1926 7167 5376 1244  
21487 63328 33122 16462  12448 27021 11289 10493  3396 7968 3891 2669  937 2173 1152 732  211 513 334 176  
6714 18183 8864 5252  5964 14157 5900 4950  4313 12431 6696 3128  4025 9743 4233 3343  3148 8309 4163 2396  
20048 55695 28303 14919  9811 23559 10944 7995  4715 12125 5808 4063  2287 5291 2364 2107  929 2483 1302 825  
15732 33608 11104 13904  9354 26645 13820 7187  5810 17374 10015 4237  3277 8282 3727 2514  1617 4924 2993 1169  
30258 81645 40362 22640  5801 15417 8415 5019  1918 2344 619 2298  430 1087 418 467  153 617 94 139  
14359 37320 17457 11335  6738 19652 10397 5277  6675 15022 6074 5545  3200 8235 3968 2706  1964 5894 3590 1543  
14249 41652 21746 10856  9711 26680 13711 7303  5908 13754 6065 5098  3654 7429 2860 3329  2380 5148 2135 1960  
6821 17199 7868 5249  5093 14624 7827 3694  4184 12192 6616 3060  4017 8902 3577 3389  3296 7338 2963 2805  
8481 24972 13129 6430  8277 21220 9974 6536  6062 15350 7246 4786  3755 9847 4820 3087  2643 7478 4063 2050  
6648 13933 4492 5833  5760 14465 6374 4691  4712 11170 4482 3902  3688 8374 2996 3084  3098 8216 3867 2456  
10323 28088 13841 7961  6443 19278 10611 4648  5567 14758 7264 4380  3972 8751 3369 3587  3316 8437 4115 2633  
36476 91814 41238 29266  1955 8304 6918 1301  155 1007 1570 64  32 143 187 10  4 14 15 0  
14304 36896 17060 11385  9149 21034 8409 7635  5034 15037 8719 3565  3231 10080 6026 2402  2191 5508 2490 1912  
7011 17462 7846 5463  6043 14941 6635 4881  4874 12292 5593 3949  3621 10396 5550 2766  3197 7619 3294 2622  
23530 52679 20161 19086  9797 27106 12709 7964  3442 12856 9338 2363  1214 5156 4218 827  389 2059 2158 245  
25107 71463 36102 19644  7457 16003 7935 6941  3946 10223 5025 2593  1353 2663 756 887  380 439 66 357  
3168 9047 4665 2400  2816 8186 4313 2105  2411 7116 3799 1804  2669 6760 3089 2175  2146 5704 2746 1740  
14442 37000 17154 11260  8951 23855 11786 7047  5605 12499 4791 4866  3509 10021 5635 2647  2089 5717 3218 1609  
28694 75357 35881 22275  5895 16771 9122 4916  2685 5978 3064 2420  926 2343 1364 632  308 553 285 275  
24429 61162 27682 18963  8614 20819 10008 7302  3667 10955 5517 3035  1205 4577 3449 880  353 2016 2172 214  
23204 65378 33578 17316  8711 21463 10422 6878  4158 8538 3563 3891  1584 3767 1485 1551  600 1310 559 612  
23470 57099 24934 18270  9191 25021 13821 7453  3591 9910 5614 3087  1570 5391 2690 1267  473 1833 1296 366  
6560 18553 9586 4851  6022 14924 6632 4910  3874 11607 6471 2730  4177 10129 4462 3469  3151 8503 4311 2461  
21758 61857 32301 15679  9936 23469 11004 8319  4250 9791 4303 3914  1688 3682 1443 1694  611 1281 465 661  
20328 51088 22572 16664  10085 23903 10024 8240  4625 12712 6339 3401  1409 5852 4868 944  1126 4092 3199 728  
22168 52924 22142 18104  8800 25827 14033 6740  4089 10708 5229 3320  1779 5701 3725 1309  1006 2998 1779 690  
3076 9086 4880 2229  2743 8146 4410 1970  2730 7235 3440 2193  2858 6767 2849 2369  1960 5476 2753 1562  
17410 39988 15473 14757  9479 26942 14132 7222  5373 15968 9216 3834  2804 7150 3401 2297  1440 3852 1912 1149  
32503 89546 45300 23928  5559 8595 3318 6379  517 2951 1224 274  33 121 62 58  4 33 15 2  
9345 21772 8451 8037  7931 18522 7368 6585  5670 14637 6768 4527  4398 12652 6901 3250  2997 8614 4745 2269  
6996 15710 6018 5731  5907 15772 7722 4571  4752 12936 6480 3702  3927 10065 4803 3101  3165 8264 3922 2573  
18389 47591 21597 15086  10689 29178 15278 8145  5386 13203 6330 4264  2231 6216 3648 1668  997 2755 1682 757  
7788 21942 10860 6217  8419 21248 9781 6759  5367 15439 8351 4006  4120 11458 6055 3103  3063 7870 3879 2496  
6706 18365 9081 5194  3858 10806 5317 3158  5190 13208 6168 4120  4134 10314 4749 3181  2661 8132 4704 1827  
3421 9407 4711 2597  2411 6985 3589 1883  2971 7008 2943 2372  2532 6762 3268 2024  2579 6146 2636 2082  
17945 53875 29292 12936  8890 24136 12128 6663  5457 12009 4757 4876  3250 5865 1925 3212  1579 2837 972 1391  
19557 44350 17405 15645  9516 29652 17976 7013  5452 14601 7133 4612  2253 5965 3048 1939  1032 3277 1863 842  
22031 52805 22353 17763  8112 25886 15906 5773  4632 12216 6280 3778  2010 5662 2951 1686  1033 2511 1224 926  
20177 53104 24451 16548  11178 27733 13331 9012  3455 11095 7529 2423  2304 5165 2250 1748  659 2056 1406 426  
7274 17205 7151 5875  5378 12392 5013 4322  4723 10842 4117 4009  3772 10694 5503 2949  3075 8607 4638 2291  
29893 80238 38073 24085  6346 11511 4499 5801  1500 4981 3557 609  734 3436 2561 135  119 867 902 7  
21609 56902 26448 17528  8973 20613 8926 7781  4231 11819 6843 3130  2536 7789 4501 1458  458 1609 1479 326  
10318 27748 13639 7794  7534 19998 9649 6009  5669 13613 6077 4546  3161 9819 5878 2205  3253 7162 2949 2807  
20514 58349 29629 15907  8490 21285 10576 7239  6151 13585 5742 4879  1714 4748 2725 1186  857 1497 552 817  
27275 61730 23188 23338  7226 20165 8924 5298  3098 12939 9498 1591  786 4587 4971 321  166 1198 1720 71  
24667 65654 31830 18880  8793 18590 7279 7750  3218 10707 6322 2471  1284 3666 2118 1066  429 1650 1324 316  
18428 44977 19394 14961  8902 20662 7964 7537  4825 13500 7081 3446  2838 9513 6570 1991  1508 4288 2556 1170  
28858 71712 31534 23442  7290 21600 12617 5243  1670 5266 3327 1379  411 1533 1428 322  286 872 690 178  
3346 7868 3141 2834  2685 7380 3620 2138  3099 7763 3510 2447  2492 5763 2245 2131  2377 6639 3425 1816  
10947 32455 17120 8311  9817 25452 12225 7676  3962 10647 5312 3409  5038 11088 4566 4275  2425 6213 3216 2021  
7303 18414 8356 5759  5935 14014 5833 4853  4817 12355 5738 3868  3572 8752 3960 2809  2999 7283 2991 2539  
34551 83036 35561 27245  2847 10421 9039 2808  1073 6908 5068 495  116 547 173 91  26 300 70 2  
31874 81704 37379 25563  5024 15832 10638 3414  1474 2919 1328 1455  170 599 503 131  49 169 64 51  
13785 37697 18750 10510  8195 21712 10465 6638  4842 12913 6450 3993  4316 9396 3740 3704  2795 7233 3677 2140  
3578 8799 3878 2822  3340 8318 3703 2691  3003 7701 3577 2385  2737 6625 2846 2236  2100 6291 3499 1524  
13902 39641 20056 10872  10405 22924 8930 9056  5589 14740 7533 4459  3269 7739 3500 2684  1908 6860 4850 1131  
13546 34628 15666 11001  7538 22499 12457 5640  5419 11504 4154 4872  4257 9559 3716 3519  2979 7806 3797 2218  
28614 73558 33240 23425  5749 15857 9901 4738  3390 8550 4191 2142  667 2749 2187 252  138 299 123 70  
11731 33603 17206 9042  8520 23812 12352 6494  6755 16305 7375 5422  3423 8048 3558 3040  2387 5794 2793 2052  
9675 27116 13710 7424  7935 19996 9263 6174  5719 13998 6186 4788  4302 10393 4597 3580  2582 6361 2794 2220  
25231 77789 43537 17397  11028 18604 5036 10681  1413 3187 1172 1328  738 1391 150 926  162 235 24 241  
3640 9282 4269 2862  3246 7603 3064 2718  2994 7739 3640 2348  2123 6645 3820 1486  2428 5315 1927 2084  
22385 64136 33290 16794  7677 21186 11151 5503  4163 9197 3765 3553  2767 4104 958 3115  1076 1630 427 1119  
17345 39935 15504 14703  8861 27295 15730 6452  5752 13616 5737 4509  2997 7509 3283 2432  1418 4198 2147 1106  
2727 8534 4833 1860  2826 8115 4279 2040  2825 7571 3664 2237  2699 7062 3408 2088  2428 6445 3134 1917  
6234 18252 9734 4524  5727 14498 6750 4435  4161 11418 5613 3334  4301 10161 4360 3567  3466 8456 3808 2846  
3595 8001 2979 3019  3127 7530 3116 2613  2790 6905 2979 2308  2698 6172 2391 2226  2173 4573 1407 1899  
18209 45144 20075 14403  9187 26036 13823 7087  5073 13363 6597 4189  2849 6599 2913 2383  1368 4506 3123 995  
18497 44561 18923 15011  9385 25750 13289 7168  4565 14156 8448 3413  2755 7646 4118 2232  1565 3648 1579 1383  
36931 90754 39572 29807  1321 9091 9970 584  328 910 249 230  38 362 87 21  3 89 27 0  
2910 7774 3652 2362  2904 6912 2812 2472  2256 5981 2804 1867  1970 5638 2916 1571  2487 6496 3106 1981  
3539 9292 4441 2722  3193 8108 3666 2590  2866 6699 2771 2301  2654 7141 3516 2072  2274 6440 3393 1702  
13177 34851 16894 9864  9505 22071 9286 7945  5368 15281 8505 4072  3438 8064 3813 2893  2298 5637 2863 1955  
35391 77192 27505 30160  2736 18749 14311 443  482 4485 5073 44  13 772 2366 0  0 63 446 0  
19264 39032 11538 17149  10864 30948 15366 7980  4825 15565 9072 3278  2006 7029 4345 1312  947 4552 4332 537  
29242 70220 29474 24031  6872 22304 13982 4689  1793 5256 3354 1421  458 1764 1543 350  183 1146 972 117  
2746 8496 4776 1873  3067 7579 3417 2375  2779 7734 3969 2082  2075 6431 3649 1434  2308 6426 3304 1748  
24696 60321 26394 19435  8738 21963 10639 7305  3463 11614 7034 2665  944 3138 2325 731  506 2745 2127 319  
22732 60497 28214 18560  11930 29234 13965 9272  2826 7814 4731 2112  687 1857 1114 499  274 1244 1338 127  
31598 69635 25161 27010  5889 22369 13174 3182  919 7684 9332 357  178 1123 1210 81  20 308 488 6  
27041 57600 19295 23542  8519 26571 13291 5582  2246 10391 7569 1196  553 4080 4536 236  186 1792 2975 65  
24225 68547 34244 19160  9438 25210 13758 6936  3349 5764 1687 2879  1268 1374 187 1334  270 290 34 276  
18071 41657 16618 14767  9393 22666 9489 7674  4550 15932 10999 3097  2832 9293 5991 2073  1536 4047 2258 1260  
8224 24098 12556 6305  7961 21201 10393 6192  6260 14980 6560 5168  4238 10810 5195 3435  2836 7324 3623 2332  
29100 70346 29156 24504  6684 23812 17053 4306  2337 5234 2220 1620  412 1575 1171 177  64 248 244 30  
17908 46087 21513 13888  8976 25158 13090 7030  5287 11786 4960 4445  2705 8279 4949 2092  1754 4451 2276 1489  
