# NumberOfHospitals NumberOfScenarios TimeHorizon
5 200 3
# DemandeScenario_0_Hospital_0_Period_0 DemandeScenario_0_Hospital_1_Period_0 ... DemandeScenario_0_Hospital_0_Period_1 DemandeScenario_0_Hospital_1_Period_1 ...
# DemandeScenario_1_Hospital_0_Period_0 DemandeScenario_1_Hospital_1_Period_0 ... DemandeScenario_1_Hospital_0_Period_1 DemandeScenario_1_Hospital_1_Period_1 ...
# ...
# ...
# ...
9729 12903 47900 11411 17221  4536 5469 24732 6692 8514  2098 1972 13827 4684 3878  
4413 6747 19603 6379 10274  3363 4749 15888 5113 7408  2884 3153 16318 3673 4348  
3116 2703 17546 4729 4247  2902 3745 14740 4021 5454  2273 2654 12229 3021 3694  
1726 2195 8659 2325 3166  1565 1728 8328 2396 2707  1337 1501 7212 1567 1927  
4718 6821 21846 6778 10322  3395 4560 16944 3917 6094  2670 3016 14789 3324 4135  
11820 16430 54530 20452 27915  4423 4465 27853 5958 5837  1343 1527 10386 1260 1503  
5613 8391 24770 9511 14005  4448 5668 22748 6531 8532  2869 3524 15789 3711 4874  
9192 9876 47582 16451 17676  5118 7274 27082 6467 9925  1825 2043 11383 2832 3196  
1673 2219 8242 2152 3123  1452 1892 7096 2451 3164  1296 1846 6128 1970 2880  
13601 18950 62989 22893 31620  3480 3547 23507 3242 3314  768 381 7860 1643 719  
13839 20377 63745 17812 29051  3538 2099 26142 8869 5711  507 401 5082 1157 877  
8681 9405 46038 12867 14427  3712 4684 19169 7385 8815  2597 3303 15087 2955 4023  
10106 12840 49850 15923 20567  3666 3501 21640 6889 6477  2097 3339 11112 3014 4928  
8585 8469 45293 16059 15974  4652 6092 24264 7016 9650  2659 4362 14514 2917 5478  
14680 20148 71048 14453 24682  2903 2445 19355 7939 7732  395 274 5284 3444 1972  
10268 9173 54842 20581 18884  4894 9259 22537 5590 12797  2046 2899 13550 1492 2771  
4518 3639 25996 6282 5227  3510 3904 18480 6224 6852  2461 2807 13104 4377 4955  
6374 6816 33307 10959 11802  4384 6335 21826 5776 8943  2630 2692 15698 3388 3580  
7621 9873 36512 13385 17046  4135 4541 22476 7120 7768  3031 3722 17883 3514 4695  
9930 9953 54441 12547 13374  4739 7128 23831 8101 11565  1766 3111 9052 2599 4622  
1593 1788 8192 2756 3095  1560 1697 8322 2370 2651  1344 1374 7335 2136 2229  
1485 1728 7440 2736 3128  1201 1208 6272 2376 2389  1202 1189 6451 2170 2185  
4883 4926 26211 7981 8216  3767 5095 19081 4805 7039  2444 2314 14251 3616 3428  
8491 11761 40909 7814 13974  5152 5378 29095 7704 8414  2294 3468 11938 5759 7585  
3121 3212 16496 5430 5641  2672 3004 14023 4416 5017  2070 3129 9686 3259 4950  
9169 13131 42108 14662 21185  4455 5469 23664 7200 8615  2137 1920 14051 3636 3093  
13044 14851 66757 22068 25228  3800 6266 21364 4279 7917  882 1116 6950 1166 1469  
17505 21565 88802 23916 31341  447 725 7819 3287 2267  65 545 615 784 1718  
11594 15623 55702 17560 24367  4062 4391 24291 7196 7389  1332 1922 8006 1981 2759  
5849 6763 29175 10914 12393  3909 5506 18800 6390 8928  2721 4067 13519 3648 5692  
13624 18544 66228 14178 23316  3747 3826 23748 11182 10689  483 524 4302 1723 1478  
17136 18593 90353 26607 29596  816 3536 6615 1185 4497  67 797 278 231 1498  
9300 7938 52939 12528 11088  4729 7214 23493 5998 9516  2320 4079 11685 5269 7787  
6723 7183 35531 10755 11720  3961 5749 19178 6513 9355  2769 3071 16194 3606 4153  
1623 2205 7917 1988 3022  1354 1909 6495 1470 2481  1366 1814 6684 2217 2957  
1432 1549 7338 2713 2903  1303 1450 6636 2447 2692  1428 1469 7871 1991 2139  
5995 4802 34574 8102 6692  4670 6385 23419 7408 10081  2733 3570 14562 4687 5877  
10122 10541 52452 18960 19715  5081 7210 27356 6234 9854  1849 3327 10645 1927 4035  
11298 15734 54009 14298 22079  4594 4648 27833 8207 8227  1413 1564 9768 3749 3437  
6505 8510 32262 7573 11281  4318 5182 22677 7899 9163  2711 3551 14604 3904 5307  
1758 2104 9040 2493 3126  1546 1643 8385 2110 2350  1335 1334 7347 2132 2162  
8403 10723 41360 13244 17178  4075 4289 22869 7224 7487  2639 3155 15721 3328 4183  
3202 3836 16023 5501 6561  2793 2884 15400 3963 4257  1951 2563 9616 3586 4544  
1637 2048 8329 1886 2672  1492 2069 7195 2091 3077  1435 1752 7433 1974 2551  
14416 14518 75566 26914 27239  2986 6010 17259 1115 6596  525 1885 3893 51 1480  
8729 7895 47578 15614 14501  4747 7532 22857 7261 11835  2214 2677 13248 2868 3737  
1710 1971 8830 2703 3174  1379 1183 7822 2163 1919  1368 1391 7522 2049 2140  
1436 1072 8418 1880 1432  1543 1602 8404 2131 2299  1441 1717 7553 1924 2424  
1514 1675 7762 2744 3015  1487 1418 8266 2215 2184  1231 1831 5645 2043 3007  
8425 8442 46058 11449 12041  4518 6896 22202 6322 10056  2222 2668 12644 4978 5318  
3251 3071 18101 4268 4231  2631 2530 14659 3782 3713  2204 2972 11197 2630 3917  
5808 6932 28565 10865 12664  4185 5059 21790 6751 8229  2813 4219 14232 3705 5860  
1754 2008 9159 2560 3042  1327 1090 7724 1640 1373  1423 1925 7033 2044 2891  
3324 4540 15985 4645 6740  2561 3658 12146 3640 5495  2340 2537 12852 3734 4075  
12413 14669 62017 22012 25752  4112 5064 25410 4622 6352  935 1606 6147 1100 2065  
6427 6041 35325 10139 9813  4341 5016 23493 6055 7201  2545 3104 14030 3252 4007  
15207 15974 80967 23852 25668  2147 5909 10505 3364 8971  485 639 4154 755 754  
12401 18092 56870 18259 27781  3917 3497 25560 4646 4689  1308 1000 10652 3883 2441  
9925 13579 47481 14446 20662  4717 4780 28303 6912 7125  1758 2616 9739 2499 3868  
10747 9450 59825 17447 15852  4886 8922 23390 6837 12976  1528 2513 8825 2551 3966  
3174 2826 17897 4417 4082  2457 2318 13486 4297 4110  2264 2790 11691 3761 4623  
11416 13126 59974 12825 16584  4486 6071 24120 8710 10758  1243 2328 6498 2354 4122  
8871 9220 46197 16301 16964  5106 6882 27190 6872 9878  1845 2777 10007 2839 4361  
16600 16240 91425 22030 22666  1225 5332 5135 5935 11256  139 849 593 106 1150  
15617 19686 78465 21042 28397  1847 2757 12123 3634 5172  434 434 4225 1840 1541  
15696 18398 80608 23868 28776  1812 3987 10916 3179 6193  418 413 4534 548 450  
9888 9507 54240 14936 14835  4220 5104 23351 5219 6369  2209 4190 10814 3466 6230  
8682 9531 46160 11617 13527  4357 6602 21380 6667 10240  2331 2790 13566 3540 4173  
3317 3227 18157 4983 5012  2844 3677 14454 3835 5268  2064 2604 10473 3776 4608  
12125 12901 64772 17599 19468  3600 4296 20798 6032 6687  1456 2878 7641 2298 4090  
8436 8538 45637 12734 13300  4615 6923 23014 6660 10270  2375 2992 13617 3767 4602  
10815 9178 61634 14519 12773  4583 6693 23320 7373 9910  1520 3355 7225 4202 7018  
15829 18828 81091 23224 28699  1808 3624 11688 3790 6176  309 381 3423 940 719  
16718 22033 82405 21029 30604  1254 781 13507 6862 4655  47 125 1251 174 434  
6730 7468 35037 10896 12277  3441 3683 18382 6524 6932  2772 4486 13541 3867 6512  
8574 9059 45762 12966 14122  4468 6677 22416 5935 9433  2415 3055 13795 4033 4903  
7020 8183 36498 9477 11745  4283 5235 22793 6257 7836  2591 3145 14440 4218 4975  
12096 13076 64642 16114 18472  3738 5794 19397 8211 10993  1464 2429 8623 2448 3716  
17504 21296 89382 23565 30615  448 1337 6614 4437 4694  62 304 1029 50 360  
4729 5385 24080 8281 9396  3819 4203 20932 5168 5973  2765 3618 14585 4012 5377  
1540 2261 7123 1976 3218  1197 1864 5137 2077 3145  1257 1759 5912 2093 2897  
12344 17880 57630 15033 24704  3983 3724 24617 9715 8645  1008 985 7092 2155 1876  
6939 8049 35746 10693 12714  3968 4182 21995 6566 6933  2532 3588 13077 4242 5879  
5073 5180 27381 7682 8087  3477 3674 19251 4273 4749  2739 3858 13950 3914 5674  
1453 2224 6434 2193 3468  1575 1970 7946 2383 3062  1211 1739 5596 2031 2875  
1633 2066 8258 1879 2701  1487 2041 7240 1959 2927  1361 1857 6653 1886 2746  
4717 6509 22743 5441 8666  3498 4898 16811 5362 7745  2535 3075 13559 3012 4168  
8364 8731 45319 10411 11663  4360 4801 24099 6609 7089  2582 4256 12943 4949 7388  
10262 12536 52468 12810 17160  4385 4703 25387 7358 7599  1926 3264 10093 3689 5680  
14719 19094 69968 26650 33688  2894 3681 20583 1300 2040  379 178 5552 115 28  
13437 14856 69998 21803 24469  3509 5328 20799 4127 6708  695 1194 4562 1420 1957  
4585 6597 21566 5336 8887  3525 4716 17466 4535 6752  2696 3106 14700 3586 4475  
14477 11217 84339 17805 14053  3412 10083 12102 8856 17462  124 1421 661 903 3025  
7561 9912 35972 13300 17116  4789 4847 27692 7026 7318  2619 3054 15519 3581 4282  
16821 21371 84510 20615 29075  1169 1136 12317 6565 4745  25 277 413 676 1068  
16606 19318 86775 19295 25028  1357 3291 9458 8296 9979  50 200 923 329 352  
9044 8723 48540 15983 15682  4343 5759 22444 7029 9558  2616 4727 13719 2873 5944  
13271 16956 66551 15813 22698  3285 4743 17679 6851 9409  1054 660 9341 2963 1605  
2918 4060 14035 2886 5003  2616 3749 12306 3937 5860  2191 3004 10737 3194 4605  
6810 8902 33644 9028 12751  3933 5373 19405 6797 9072  2712 2639 16510 3675 3671  
10470 11832 52900 19199 21454  4992 7440 26780 5726 9561  1730 2178 11709 1937 2648  
15249 20110 72476 26528 34432  2480 2817 19526 1121 1215  252 34 3950 317 105  
8432 9103 42884 16213 17300  4405 5297 23440 6814 8617  2990 4833 16725 2790 5448  
11000 15616 52021 13412 21528  4507 4333 27466 6814 6944  1687 1759 11396 4264 3781  
1659 2251 7987 2447 3451  1469 1702 7562 2516 2900  1431 1669 7610 1854 2318  
11326 11964 59617 19071 20386  4433 7112 23088 5966 10102  1290 1695 8324 2015 2608  
4920 6302 24059 8025 10336  3250 3671 16988 5875 6528  2881 3561 15718 3736 4907  
11101 13858 54452 19056 23609  4298 6333 23121 4875 7967  1743 1866 11922 2594 2772  
14532 18595 72876 16354 24074  2681 3822 15207 6808 9003  715 404 7881 4064 1991  
13429 13231 73571 18956 19467  3504 6761 17382 6909 11433  819 2286 4312 1575 3704  
8236 7958 45086 12574 12534  4450 6067 22656 7594 10124  2363 3569 12373 3887 5735  
13848 20055 64698 16707 27572  3053 2564 19316 7665 7058  876 278 8943 1967 762  
10058 10587 53404 16049 17255  4425 6378 22951 7031 10065  2016 3501 10914 2568 4712  
15834 22079 74153 24883 35250  1860 876 16473 2335 480  289 3 5262 836 27  
1487 2124 6809 2483 3521  1587 1938 8195 2070 2728  1170 1812 5200 1809 2856  
2892 3984 13366 5151 6902  2586 2942 13399 4498 5081  2335 3139 11822 3222 4555  
6095 7990 30244 6222 9848  4180 5947 20079 6785 9802  2927 2788 17647 4735 4441  
6118 5495 33779 10193 9432  4395 6450 21350 6794 10103  2819 3357 15848 4010 4881  
10173 9369 55103 18358 17301  4976 8555 24278 6555 12280  1811 2799 10841 2160 3648  
9074 8557 49126 15821 15240  4341 7323 20158 6905 11714  2646 3490 15923 2886 4175  
6396 8753 30254 10161 14079  4050 4960 20978 6886 8270  2642 3596 14117 3004 4627  
12677 16181 61595 21578 27356  2974 2675 19348 4776 4379  1593 2969 9339 1282 3136  
1659 1712 8878 2655 2798  1546 1860 8056 1906 2503  1177 1355 5988 2277 2548  
7025 8597 35667 9974 12815  4025 5200 21030 4926 7028  2703 3175 15168 4905 5484  
15384 19841 73966 26841 34111  2308 3088 17350 1004 1613  262 23 4088 229 31  
11245 14938 53880 18344 24468  4205 4681 24839 6680 7240  1678 2234 11216 1583 2408  
12001 16561 55731 20558 27967  4353 4250 28013 5909 5620  1011 1597 6388 1021 1697  
13579 17006 67491 21319 27182  3366 4179 21704 3978 5202  804 1216 5804 2149 2413  
11640 12574 59553 21784 23353  4585 6403 26178 4887 8156  1131 1890 7465 1031 2191  
5115 5792 26981 6348 7813  3391 4469 17199 3890 5847  2739 3442 14473 4197 5346  
3333 4340 16255 5231 6929  2792 3546 14136 4198 5476  2176 2774 11107 3541 4498  
7422 9993 36319 7342 12205  4842 4923 27472 7081 7378  2746 3876 14516 6008 7587  
16727 18635 86804 27350 30866  1060 3400 8188 723 4184  141 543 1429 11 485  
7794 11155 36012 12004 17586  4798 4979 27364 7814 8071  2392 3160 13166 3836 4940  
10516 12946 53151 15180 19528  3572 3817 20405 7463 7492  2147 3681 11396 2707 5025  
11669 11911 63632 14725 16029  3883 4941 21199 6267 7178  1498 2584 8005 4055 5078  
8992 8300 48961 15686 14835  4842 6878 24778 7280 10675  2003 3565 10087 2974 5443  
7875 7457 41438 15687 15046  5723 7436 30900 7020 10091  2481 3761 14001 2936 4863  
8804 10276 45494 12846 15593  4039 5343 20834 7429 9360  2422 2982 14043 3751 4566  
7765 7682 41550 13401 13470  4873 6051 26518 6000 7984  2313 2735 13296 3181 3692  
15296 13482 84990 25079 22830  2294 8160 9045 2906 12129  303 756 2466 89 470  
13470 12453 73258 23558 22311  3107 5875 15629 3872 8871  1142 3536 6237 575 3660  
3523 4182 18153 4976 6200  2270 3405 10219 3978 5786  2175 3044 10654 3139 4574  
10816 15506 50880 12854 21119  4288 4990 23515 6627 8442  1714 1706 10925 4220 3989  
5189 5841 27384 6711 8107  3723 4543 19523 5209 6629  2669 3358 14186 4284 5341  
10607 12247 53275 19234 21939  4189 5581 22615 6021 8393  2171 3415 13461 1788 3502  
1744 2025 9109 2315 2871  1468 1388 8189 2194 2132  1375 1418 7510 2092 2206  
7578 9906 37658 7639 12118  4971 5496 27444 7792 8706  2558 3618 13517 4763 6420  
11261 14385 56541 12572 18529  4594 5073 26789 9015 9359  1456 1974 9174 3737 4067  
15972 17159 83300 27428 29670  1521 4287 9077 626 5227  431 1054 4274 29 581  
7671 7491 41136 13357 13263  5038 6979 26309 6250 9376  2398 2996 13589 3918 4795  
13609 13809 73822 19618 20699  3123 6738 14751 6328 11726  931 1343 6518 1308 1632  
5153 5861 26720 8086 9387  3733 4519 19794 4897 6304  2348 2219 13598 3920 3677  
14374 12938 80784 19511 18289  3181 7986 13865 6453 12808  372 1462 2137 1846 3546  
6869 7503 36173 10638 11914  3809 3675 21977 4657 4619  2839 4465 14132 4345 6825  
13152 18212 62664 18392 27068  3114 3633 17971 6187 6802  1359 801 12117 2625 1374  
6259 6147 33644 10667 10666  4503 5495 24181 5697 7410  2185 2606 11660 4431 5076  
8771 11431 41560 15942 20213  4492 4536 25939 7022 7252  2658 4125 14970 2650 4750  
8706 10018 43431 16346 18465  4231 4342 23947 6573 7161  2478 4501 12353 2875 5860  
1602 1670 8492 2711 2858  1420 1257 8052 2084 1906  1396 1516 7501 2162 2392  
10473 14553 50329 10897 18390  4751 4556 28390 7595 7534  1508 2281 7891 2741 4355  
3306 4477 15860 4976 6955  2846 3230 15264 3782 4562  2290 2910 11862 3381 4421  
15043 15461 81851 18968 20816  2573 6011 12355 6258 10585  336 1021 2624 2435 3120  
4621 4112 26172 5570 5197  3603 3653 19809 5461 5542  2652 3064 14337 3942 4488  
5189 6526 26151 6880 9311  3694 4726 18848 5701 7424  2389 3483 11735 3462 5285  
9411 9254 50578 16002 16022  4099 4914 22010 6834 8367  2284 3379 12701 2900 4671  
1680 2054 8450 2708 3344  1514 1527 8275 2313 2398  1213 1213 6538 2192 2206  
1622 1507 9048 2319 2232  1514 1740 7846 2508 2898  1385 1811 7027 1688 2442  
14240 20061 66432 21977 31668  2904 2044 21812 5405 3297  760 649 7636 574 586  
4831 6479 23669 5661 8658  3744 4585 19527 5117 6676  2770 3164 15239 4540 5140  
9160 7600 52087 13703 11784  4925 6994 25006 8064 11149  2077 3442 10852 3497 5482  
15479 19455 75346 27135 33638  2249 2889 18090 931 1853  229 416 3196 14 180  
1623 2018 8272 1829 2599  1390 2073 6400 1947 3100  1422 1773 7222 2264 2850  
4952 4735 27400 6855 6839  3237 2808 18550 4775 4154  2607 2911 14213 3932 4333  
11090 10979 58066 21322 21223  5095 6965 29396 4734 8078  1378 3410 7201 1528 4372  
11882 12603 64003 15178 17210  3758 4510 21199 7953 8313  1604 3903 7528 3032 6570  
11175 15314 52814 17776 24646  4493 5079 26906 5408 6571  1503 1584 10360 3312 2994  
9122 11726 45701 9154 14242  4920 6653 25096 9050 11948  2141 2629 12387 4022 4797  
8387 11315 40635 11494 16587  4534 5253 24780 7958 8975  2451 2811 14720 3387 3995  
6651 7479 34375 10974 12465  3742 4067 20172 6590 7164  2800 3383 15633 3929 4924  
6478 6466 35627 7767 8322  4344 6306 21265 6240 9426  2491 3705 12468 3327 5386  
1634 1672 8937 1971 2171  1508 2039 7418 1925 2859  1389 1482 7576 1841 2064  
5118 6594 25513 6658 9321  3507 4860 17103 5340 7604  2239 3304 10577 3813 5509  
9678 13673 45514 13705 20495  4409 5411 23950 5907 7874  2299 2143 15246 4285 3814  
1560 2247 7321 1951 3147  1589 1945 8161 2182 2836  1306 1798 6278 2131 2933  
8563 7902 46187 15752 14859  5037 6154 27480 6799 8897  2421 4976 11685 3125 6939  
10416 11941 54577 13509 16642  4330 5343 23915 6744 8138  1712 2086 10220 3313 3421  
10509 11708 55243 15387 17797  3812 6323 18225 6768 10635  2087 2658 12532 3404 4084  
6654 6960 36061 8161 9192  4286 6145 20966 7248 10181  2716 3285 15049 4751 5491  
4530 4110 24864 7746 7225  3260 3788 16722 5901 6823  2514 2312 14721 3221 3070  
8527 8705 46245 12062 12847  4472 6266 22652 7733 10461  2238 2630 13145 3084 3562  
9748 13273 47258 11944 18236  4132 5345 21579 5403 7949  2424 2288 15893 5982 5033  
13602 12954 71901 26357 25429  3542 7268 18560 1652 8491  637 1674 5219 67 1179  
14678 17986 75090 16526 23082  2824 3410 18098 7655 7495  428 1381 2838 2928 4488  
6956 8026 35944 10645 12614  4001 4481 22250 4687 5652  2588 4119 12691 3934 6369  
4684 6667 21719 7281 10566  3749 4701 19219 5682 7282  2423 2496 13593 4433 4462  
6896 7254 35299 13422 14003  4789 6737 23874 7068 10275  3080 4086 17692 3455 5066  
9908 12505 48791 16157 20523  4716 5954 26293 6287 8298  1822 1827 12086 3102 2948  
13429 18115 65008 18644 26762  3604 3492 24014 6747 6255  700 840 5635 2126 1897  
6336 8333 31370 7009 10741  3776 5694 17350 6460 9662  3086 3182 18132 4943 5077  
