# NumberOfHospitals NumberOfScenarios TimeHorizon
5 50 3
# DemandeScenario_0_Hospital_0_Period_0 DemandeScenario_0_Hospital_1_Period_0 ... DemandeScenario_0_Hospital_0_Period_1 DemandeScenario_0_Hospital_1_Period_1 ...
# DemandeScenario_1_Hospital_0_Period_0 DemandeScenario_1_Hospital_1_Period_0 ... DemandeScenario_1_Hospital_0_Period_1 DemandeScenario_1_Hospital_1_Period_1 ...
# ...
# ...
# ...
9729 12903 47900 11411 17221  4536 5469 24732 6692 8514  2098 1972 13827 4684 3878  
4413 6747 19603 6379 10274  3363 4749 15888 5113 7408  2884 3153 16318 3673 4348  
3116 2703 17546 4729 4247  2902 3745 14740 4021 5454  2273 2654 12229 3021 3694  
1726 2195 8659 2325 3166  1565 1728 8328 2396 2707  1337 1501 7212 1567 1927  
4718 6821 21846 6778 10322  3395 4560 16944 3917 6094  2670 3016 14789 3324 4135  
11820 16430 54530 20452 27915  4423 4465 27853 5958 5837  1343 1527 10386 1260 1503  
5613 8391 24770 9511 14005  4448 5668 22748 6531 8532  2869 3524 15789 3711 4874  
9192 9876 47582 16451 17676  5118 7274 27082 6467 9925  1825 2043 11383 2832 3196  
1673 2219 8242 2152 3123  1452 1892 7096 2451 3164  1296 1846 6128 1970 2880  
13601 18950 62989 22893 31620  3480 3547 23507 3242 3314  768 381 7860 1643 719  
13839 20377 63745 17812 29051  3538 2099 26142 8869 5711  507 401 5082 1157 877  
8681 9405 46038 12867 14427  3712 4684 19169 7385 8815  2597 3303 15087 2955 4023  
10106 12840 49850 15923 20567  3666 3501 21640 6889 6477  2097 3339 11112 3014 4928  
8585 8469 45293 16059 15974  4652 6092 24264 7016 9650  2659 4362 14514 2917 5478  
14680 20148 71048 14453 24682  2903 2445 19355 7939 7732  395 274 5284 3444 1972  
10268 9173 54842 20581 18884  4894 9259 22537 5590 12797  2046 2899 13550 1492 2771  
4518 3639 25996 6282 5227  3510 3904 18480 6224 6852  2461 2807 13104 4377 4955  
6374 6816 33307 10959 11802  4384 6335 21826 5776 8943  2630 2692 15698 3388 3580  
7621 9873 36512 13385 17046  4135 4541 22476 7120 7768  3031 3722 17883 3514 4695  
9930 9953 54441 12547 13374  4739 7128 23831 8101 11565  1766 3111 9052 2599 4622  
1593 1788 8192 2756 3095  1560 1697 8322 2370 2651  1344 1374 7335 2136 2229  
1485 1728 7440 2736 3128  1201 1208 6272 2376 2389  1202 1189 6451 2170 2185  
4883 4926 26211 7981 8216  3767 5095 19081 4805 7039  2444 2314 14251 3616 3428  
8491 11761 40909 7814 13974  5152 5378 29095 7704 8414  2294 3468 11938 5759 7585  
3121 3212 16496 5430 5641  2672 3004 14023 4416 5017  2070 3129 9686 3259 4950  
9169 13131 42108 14662 21185  4455 5469 23664 7200 8615  2137 1920 14051 3636 3093  
13044 14851 66757 22068 25228  3800 6266 21364 4279 7917  882 1116 6950 1166 1469  
17505 21565 88802 23916 31341  447 725 7819 3287 2267  65 545 615 784 1718  
11594 15623 55702 17560 24367  4062 4391 24291 7196 7389  1332 1922 8006 1981 2759  
5849 6763 29175 10914 12393  3909 5506 18800 6390 8928  2721 4067 13519 3648 5692  
13624 18544 66228 14178 23316  3747 3826 23748 11182 10689  483 524 4302 1723 1478  
17136 18593 90353 26607 29596  816 3536 6615 1185 4497  67 797 278 231 1498  
9300 7938 52939 12528 11088  4729 7214 23493 5998 9516  2320 4079 11685 5269 7787  
6723 7183 35531 10755 11720  3961 5749 19178 6513 9355  2769 3071 16194 3606 4153  
1623 2205 7917 1988 3022  1354 1909 6495 1470 2481  1366 1814 6684 2217 2957  
1432 1549 7338 2713 2903  1303 1450 6636 2447 2692  1428 1469 7871 1991 2139  
5995 4802 34574 8102 6692  4670 6385 23419 7408 10081  2733 3570 14562 4687 5877  
10122 10541 52452 18960 19715  5081 7210 27356 6234 9854  1849 3327 10645 1927 4035  
11298 15734 54009 14298 22079  4594 4648 27833 8207 8227  1413 1564 9768 3749 3437  
6505 8510 32262 7573 11281  4318 5182 22677 7899 9163  2711 3551 14604 3904 5307  
1758 2104 9040 2493 3126  1546 1643 8385 2110 2350  1335 1334 7347 2132 2162  
8403 10723 41360 13244 17178  4075 4289 22869 7224 7487  2639 3155 15721 3328 4183  
3202 3836 16023 5501 6561  2793 2884 15400 3963 4257  1951 2563 9616 3586 4544  
1637 2048 8329 1886 2672  1492 2069 7195 2091 3077  1435 1752 7433 1974 2551  
14416 14518 75566 26914 27239  2986 6010 17259 1115 6596  525 1885 3893 51 1480  
8729 7895 47578 15614 14501  4747 7532 22857 7261 11835  2214 2677 13248 2868 3737  
1710 1971 8830 2703 3174  1379 1183 7822 2163 1919  1368 1391 7522 2049 2140  
1436 1072 8418 1880 1432  1543 1602 8404 2131 2299  1441 1717 7553 1924 2424  
1514 1675 7762 2744 3015  1487 1418 8266 2215 2184  1231 1831 5645 2043 3007  
8425 8442 46058 11449 12041  4518 6896 22202 6322 10056  2222 2668 12644 4978 5318  
