# NumberOfHospitals NumberOfScenarios TimeHorizon
5 20 3
# DemandeScenario_0_Hospital_0_Period_0 DemandeScenario_0_Hospital_1_Period_0 ... DemandeScenario_0_Hospital_0_Period_1 DemandeScenario_0_Hospital_1_Period_1 ...
# DemandeScenario_1_Hospital_0_Period_0 DemandeScenario_1_Hospital_1_Period_0 ... DemandeScenario_1_Hospital_0_Period_1 DemandeScenario_1_Hospital_1_Period_1 ...
# ...
# ...
# ...
9729 12903 47900 11411 17221  4536 5469 24732 6692 8514  2098 1972 13827 4684 3878  
4413 6747 19603 6379 10274  3363 4749 15888 5113 7408  2884 3153 16318 3673 4348  
3116 2703 17546 4729 4247  2902 3745 14740 4021 5454  2273 2654 12229 3021 3694  
1726 2195 8659 2325 3166  1565 1728 8328 2396 2707  1337 1501 7212 1567 1927  
4718 6821 21846 6778 10322  3395 4560 16944 3917 6094  2670 3016 14789 3324 4135  
11820 16430 54530 20452 27915  4423 4465 27853 5958 5837  1343 1527 10386 1260 1503  
5613 8391 24770 9511 14005  4448 5668 22748 6531 8532  2869 3524 15789 3711 4874  
9192 9876 47582 16451 17676  5118 7274 27082 6467 9925  1825 2043 11383 2832 3196  
1673 2219 8242 2152 3123  1452 1892 7096 2451 3164  1296 1846 6128 1970 2880  
13601 18950 62989 22893 31620  3480 3547 23507 3242 3314  768 381 7860 1643 719  
13839 20377 63745 17812 29051  3538 2099 26142 8869 5711  507 401 5082 1157 877  
8681 9405 46038 12867 14427  3712 4684 19169 7385 8815  2597 3303 15087 2955 4023  
10106 12840 49850 15923 20567  3666 3501 21640 6889 6477  2097 3339 11112 3014 4928  
8585 8469 45293 16059 15974  4652 6092 24264 7016 9650  2659 4362 14514 2917 5478  
14680 20148 71048 14453 24682  2903 2445 19355 7939 7732  395 274 5284 3444 1972  
10268 9173 54842 20581 18884  4894 9259 22537 5590 12797  2046 2899 13550 1492 2771  
4518 3639 25996 6282 5227  3510 3904 18480 6224 6852  2461 2807 13104 4377 4955  
6374 6816 33307 10959 11802  4384 6335 21826 5776 8943  2630 2692 15698 3388 3580  
7621 9873 36512 13385 17046  4135 4541 22476 7120 7768  3031 3722 17883 3514 4695  
9930 9953 54441 12547 13374  4739 7128 23831 8101 11565  1766 3111 9052 2599 4622  
