# NumberOfHospitals NumberOfScenarios TimeHorizon
5 50 4
# DemandeScenario_0_Hospital_0_Period_0 DemandeScenario_0_Hospital_1_Period_0 ... DemandeScenario_0_Hospital_0_Period_1 DemandeScenario_0_Hospital_1_Period_1 ...
# DemandeScenario_1_Hospital_0_Period_0 DemandeScenario_1_Hospital_1_Period_0 ... DemandeScenario_1_Hospital_0_Period_1 DemandeScenario_1_Hospital_1_Period_1 ...
# ...
# ...
# ...
8879 10336 44256 16404 18772  5156 6624 28120 6783 9263  2236 3534 12571 2532 4414  786 1334 4383 1167 1936  
5156 6386 25821 7948 10082  3616 3723 20097 5499 5781  2574 3492 13470 3105 4630  1756 2480 9207 2075 3286  
4798 5691 24928 5191 7069  3736 3868 20582 5971 6178  2425 3872 11407 3233 5665  2054 2441 11411 3750 4230  
17061 22040 83923 25639 34191  834 905 9675 1474 1357  96 13 2243 439 151  16 0 793 378 56  
14989 20405 72006 21391 30675  2275 1752 17528 5908 4065  640 579 6545 510 622  94 191 898 213 339  
15330 19951 75181 22854 30790  2169 2693 15286 3669 4240  399 281 4290 914 582  79 27 1368 466 126  
1377 1233 7482 2592 2383  1515 1845 7665 2492 3051  1297 1141 7424 1829 1669  1335 1570 7103 1871 2289  
16920 19241 87295 27289 31490  965 3016 8676 761 3554  120 655 1051 31 682  12 45 224 2 28  
13923 16871 71304 18233 23805  3107 3780 19457 6174 6608  652 1581 3501 1323 2790  239 378 2173 1360 1156  
3256 3215 17953 4009 4220  2471 2182 14107 3202 2866  2292 3367 11119 3156 4924  1788 2052 9606 3400 3728  
12097 15099 58794 21700 26571  4344 6232 25019 4245 7002  1020 857 8308 1663 1366  324 341 2928 355 441  
8776 12162 40458 15379 20846  4914 6434 26257 5873 8360  1970 1553 13389 3908 2940  1340 1346 9595 1626 1736  
15400 18234 79789 19108 24750  2240 4104 13189 6414 8829  327 480 3550 2204 1756  39 122 506 264 369  
4915 4652 27126 7323 7171  3821 4679 19999 5481 6923  2716 3753 13945 4076 5706  1743 2445 8993 3294 4340  
8607 11050 42601 12637 16874  3976 5802 19402 6347 9248  2558 2277 16653 4037 3529  1086 1783 5554 1982 2972  
14703 15534 77496 24462 26210  2780 5303 16902 2386 5732  470 1786 2355 943 3019  50 263 415 248 653  
14063 16125 73485 19222 23326  2700 5383 13478 5611 9669  863 697 7346 2380 1463  286 440 2227 601 729  
6873 8548 34849 8788 11906  4197 5031 22187 7474 8699  2461 3674 12330 4030 5931  1744 2119 10237 2678 3224  
5182 6458 25943 7847 10067  3403 4744 16495 5425 7591  2298 3448 10969 3370 5216  1760 1535 10797 3252 2792  
6663 6463 36652 9461 9554  3944 4919 20221 7300 8792  2668 3908 13553 4431 6358  1538 1548 9446 1977 1976  
14314 15726 73960 24785 27312  2866 4018 19255 2321 4186  706 2863 3050 723 3650  108 301 805 191 505  
10279 12050 50993 19098 21963  4025 4516 22751 5942 7123  1866 2470 11298 1974 3185  1099 1876 7400 688 1713  
13728 14355 73624 20383 22054  2508 4110 13370 5893 8205  1247 2430 7510 1256 2867  369 1358 1845 427 1836  
10916 9909 61498 13233 12643  4576 7115 22712 10022 13320  1558 3565 7477 1906 4655  600 1190 3537 1960 2785  
9758 9735 51013 18701 18734  4112 5118 21768 6109 8414  2644 4133 16074 1990 4139  895 2025 4976 857 2424  
8864 12400 40781 15253 20983  4352 4365 24950 7454 7344  2702 3063 17080 3102 3805  1178 1817 7356 1221 2084  
5108 6306 26013 6342 8613  3785 4500 19933 5935 7131  2514 2930 13615 4630 5182  1735 2711 8594 2333 3923  
5099 5177 27670 7376 7781  3269 3193 18025 5666 5562  2779 3768 14506 3602 5161  1807 2013 10232 2620 2879  
6837 7076 36804 10129 10850  4010 5278 20277 7045 9033  2478 3761 12336 4143 6112  1578 2082 8761 2653 3389  
13415 17443 63882 24004 30505  3439 4592 20940 3277 4656  861 753 7676 653 525  231 149 3128 105 60  
6757 6976 36245 10437 11074  3723 3969 20155 6672 7084  2175 2508 11659 4060 4695  1924 3069 9973 2707 4485  
17511 21406 89188 23727 30921  441 1525 5646 3489 4738  51 26 1377 636 95  13 0 888 148 2  
8791 10634 44798 12705 16044  4021 4731 21725 7559 8506  2253 2354 13992 2676 2866  1271 2387 6356 2388 4068  
3447 3777 18167 5289 5950  2817 3289 14800 4261 5095  1998 1928 11202 3372 3285  1831 2123 10074 2463 2957  
10611 13839 50626 18672 23912  4172 6075 21467 5398 8141  1673 1236 12254 2663 1918  911 1086 6504 898 1189  
3286 3114 18162 4807 4722  2801 3098 14996 4176 4732  2310 3139 11637 3467 4811  1531 1834 7964 3027 3472  
6282 5511 35563 8393 7655  4281 4788 23132 6270 7012  2876 4447 14366 4312 6648  1671 2550 8726 2456 3671  
3240 3800 16384 5514 6467  2684 3410 13442 4358 5557  2311 2584 12759 2927 3491  1857 2554 9520 2525 3667  
16872 21389 83289 26550 34238  1085 1534 11717 1085 1345  64 28 2134 360 123  0 4 125 84 35  
14872 18871 73051 24160 30880  2079 3411 12183 2658 4255  924 501 10285 906 418  112 154 1192 215 161  
3148 4008 15306 5401 6815  2571 3107 13017 4430 5303  2187 2882 10988 3459 4577  1957 2336 10779 2432 3129  
6460 6583 34455 10749 11145  3726 3189 21947 4786 4156  2743 3504 14541 4640 5780  1814 2644 9749 2262 3356  
1574 1389 8849 2355 2151  1402 1510 7336 2498 2688  1333 1282 7499 1774 1770  1285 1562 6787 1590 2083  
12308 13870 64634 17232 20398  3887 5493 21539 6400 8566  1038 2001 5811 3017 4346  513 1061 3160 725 1443  
5200 5773 27286 7921 9046  3355 5085 15701 4970 7784  2734 3029 15415 3739 4304  1818 2460 9715 2233 3320  
4888 6621 23341 7618 10517  3569 4507 18116 5817 7326  2444 3371 12212 3860 5306  1990 2272 11590 2315 2909  
2902 3133 14857 5442 5828  2605 3637 12417 4189 5861  1937 2039 10341 3531 3722  1918 2608 9765 2823 3931  
14456 20342 66003 25318 34808  3154 2502 23989 2480 939  363 90 5973 280 10  42 25 1161 2 1  
1444 2001 6972 1395 2432  1480 1947 7360 1767 2634  1374 1555 7346 1660 2062  1203 1480 6253 1393 1943  
11456 12651 59398 19235 21417  4450 6738 24101 5654 9158  1178 1387 7945 2033 2281  625 1378 3761 740 1784  
