# NumberOfHospitals NumberOfScenarios TimeHorizon
5 100 4
# DemandeScenario_0_Hospital_0_Period_0 DemandeScenario_0_Hospital_1_Period_0 ... DemandeScenario_0_Hospital_0_Period_1 DemandeScenario_0_Hospital_1_Period_1 ...
# DemandeScenario_1_Hospital_0_Period_0 DemandeScenario_1_Hospital_1_Period_0 ... DemandeScenario_1_Hospital_0_Period_1 DemandeScenario_1_Hospital_1_Period_1 ...
# ...
# ...
# ...
8879 10336 44256 16404 18772  5156 6624 28120 6783 9263  2236 3534 12571 2532 4414  786 1334 4383 1167 1936  
5156 6386 25821 7948 10082  3616 3723 20097 5499 5781  2574 3492 13470 3105 4630  1756 2480 9207 2075 3286  
4798 5691 24928 5191 7069  3736 3868 20582 5971 6178  2425 3872 11407 3233 5665  2054 2441 11411 3750 4230  
17061 22040 83923 25639 34191  834 905 9675 1474 1357  96 13 2243 439 151  16 0 793 378 56  
14989 20405 72006 21391 30675  2275 1752 17528 5908 4065  640 579 6545 510 622  94 191 898 213 339  
15330 19951 75181 22854 30790  2169 2693 15286 3669 4240  399 281 4290 914 582  79 27 1368 466 126  
1377 1233 7482 2592 2383  1515 1845 7665 2492 3051  1297 1141 7424 1829 1669  1335 1570 7103 1871 2289  
16920 19241 87295 27289 31490  965 3016 8676 761 3554  120 655 1051 31 682  12 45 224 2 28  
13923 16871 71304 18233 23805  3107 3780 19457 6174 6608  652 1581 3501 1323 2790  239 378 2173 1360 1156  
3256 3215 17953 4009 4220  2471 2182 14107 3202 2866  2292 3367 11119 3156 4924  1788 2052 9606 3400 3728  
12097 15099 58794 21700 26571  4344 6232 25019 4245 7002  1020 857 8308 1663 1366  324 341 2928 355 441  
8776 12162 40458 15379 20846  4914 6434 26257 5873 8360  1970 1553 13389 3908 2940  1340 1346 9595 1626 1736  
15400 18234 79789 19108 24750  2240 4104 13189 6414 8829  327 480 3550 2204 1756  39 122 506 264 369  
4915 4652 27126 7323 7171  3821 4679 19999 5481 6923  2716 3753 13945 4076 5706  1743 2445 8993 3294 4340  
8607 11050 42601 12637 16874  3976 5802 19402 6347 9248  2558 2277 16653 4037 3529  1086 1783 5554 1982 2972  
14703 15534 77496 24462 26210  2780 5303 16902 2386 5732  470 1786 2355 943 3019  50 263 415 248 653  
14063 16125 73485 19222 23326  2700 5383 13478 5611 9669  863 697 7346 2380 1463  286 440 2227 601 729  
6873 8548 34849 8788 11906  4197 5031 22187 7474 8699  2461 3674 12330 4030 5931  1744 2119 10237 2678 3224  
5182 6458 25943 7847 10067  3403 4744 16495 5425 7591  2298 3448 10969 3370 5216  1760 1535 10797 3252 2792  
6663 6463 36652 9461 9554  3944 4919 20221 7300 8792  2668 3908 13553 4431 6358  1538 1548 9446 1977 1976  
14314 15726 73960 24785 27312  2866 4018 19255 2321 4186  706 2863 3050 723 3650  108 301 805 191 505  
10279 12050 50993 19098 21963  4025 4516 22751 5942 7123  1866 2470 11298 1974 3185  1099 1876 7400 688 1713  
13728 14355 73624 20383 22054  2508 4110 13370 5893 8205  1247 2430 7510 1256 2867  369 1358 1845 427 1836  
10916 9909 61498 13233 12643  4576 7115 22712 10022 13320  1558 3565 7477 1906 4655  600 1190 3537 1960 2785  
9758 9735 51013 18701 18734  4112 5118 21768 6109 8414  2644 4133 16074 1990 4139  895 2025 4976 857 2424  
8864 12400 40781 15253 20983  4352 4365 24950 7454 7344  2702 3063 17080 3102 3805  1178 1817 7356 1221 2084  
5108 6306 26013 6342 8613  3785 4500 19933 5935 7131  2514 2930 13615 4630 5182  1735 2711 8594 2333 3923  
5099 5177 27670 7376 7781  3269 3193 18025 5666 5562  2779 3768 14506 3602 5161  1807 2013 10232 2620 2879  
6837 7076 36804 10129 10850  4010 5278 20277 7045 9033  2478 3761 12336 4143 6112  1578 2082 8761 2653 3389  
13415 17443 63882 24004 30505  3439 4592 20940 3277 4656  861 753 7676 653 525  231 149 3128 105 60  
6757 6976 36245 10437 11074  3723 3969 20155 6672 7084  2175 2508 11659 4060 4695  1924 3069 9973 2707 4485  
17511 21406 89188 23727 30921  441 1525 5646 3489 4738  51 26 1377 636 95  13 0 888 148 2  
8791 10634 44798 12705 16044  4021 4731 21725 7559 8506  2253 2354 13992 2676 2866  1271 2387 6356 2388 4068  
3447 3777 18167 5289 5950  2817 3289 14800 4261 5095  1998 1928 11202 3372 3285  1831 2123 10074 2463 2957  
10611 13839 50626 18672 23912  4172 6075 21467 5398 8141  1673 1236 12254 2663 1918  911 1086 6504 898 1189  
3286 3114 18162 4807 4722  2801 3098 14996 4176 4732  2310 3139 11637 3467 4811  1531 1834 7964 3027 3472  
6282 5511 35563 8393 7655  4281 4788 23132 6270 7012  2876 4447 14366 4312 6648  1671 2550 8726 2456 3671  
3240 3800 16384 5514 6467  2684 3410 13442 4358 5557  2311 2584 12759 2927 3491  1857 2554 9520 2525 3667  
16872 21389 83289 26550 34238  1085 1534 11717 1085 1345  64 28 2134 360 123  0 4 125 84 35  
14872 18871 73051 24160 30880  2079 3411 12183 2658 4255  924 501 10285 906 418  112 154 1192 215 161  
3148 4008 15306 5401 6815  2571 3107 13017 4430 5303  2187 2882 10988 3459 4577  1957 2336 10779 2432 3129  
6460 6583 34455 10749 11145  3726 3189 21947 4786 4156  2743 3504 14541 4640 5780  1814 2644 9749 2262 3356  
1574 1389 8849 2355 2151  1402 1510 7336 2498 2688  1333 1282 7499 1774 1770  1285 1562 6787 1590 2083  
12308 13870 64634 17232 20398  3887 5493 21539 6400 8566  1038 2001 5811 3017 4346  513 1061 3160 725 1443  
5200 5773 27286 7921 9046  3355 5085 15701 4970 7784  2734 3029 15415 3739 4304  1818 2460 9715 2233 3320  
4888 6621 23341 7618 10517  3569 4507 18116 5817 7326  2444 3371 12212 3860 5306  1990 2272 11590 2315 2909  
2902 3133 14857 5442 5828  2605 3637 12417 4189 5861  1937 2039 10341 3531 3722  1918 2608 9765 2823 3931  
14456 20342 66003 25318 34808  3154 2502 23989 2480 939  363 90 5973 280 10  42 25 1161 2 1  
1444 2001 6972 1395 2432  1480 1947 7360 1767 2634  1374 1555 7346 1660 2062  1203 1480 6253 1393 1943  
11456 12651 59398 19235 21417  4450 6738 24101 5654 9158  1178 1387 7945 2033 2281  625 1378 3761 740 1784  
1534 2154 7344 1723 2837  1414 1980 6794 1677 2693  1280 1851 5974 1977 2928  1315 1557 6965 1778 2237  
12964 11974 71981 19193 18358  3502 5789 17944 6520 9622  1187 3534 5611 1541 4746  274 1150 1291 600 2049  
4833 4482 27031 6350 6166  3608 3796 19742 5169 5518  2610 3157 13830 4641 5413  2008 2837 10456 3156 4383  
12168 15798 60636 12283 19307  4208 5512 22671 8727 11128  1194 1155 8843 3600 3085  332 318 3365 1852 1202  
10381 11262 54926 15661 17520  4099 5756 21357 7322 9802  1935 3193 10512 2944 4782  654 873 4126 1208 1516  
3255 4527 15430 4780 6927  2611 3655 12520 3761 5523  2137 2610 10993 3745 4463  1565 2341 7337 2392 3633  
10237 15695 45317 14994 24069  5165 4688 31823 8679 7737  1535 1774 9834 2395 2672  719 529 6312 1278 843  
8757 10759 44293 12744 16315  4169 4444 23538 7365 7667  2264 3852 11338 3154 5597  1375 1803 8336 2063 2679  
12247 13699 62382 22015 24480  4364 7197 23991 4336 8592  910 1409 6007 1294 2053  359 458 3270 334 469  
13630 13542 71039 26580 26498  3626 8026 18592 1437 8710  574 984 5259 63 436  151 367 1567 2 111  
15815 18167 82598 21538 26215  1805 4075 10359 3835 6972  322 633 2785 1668 2027  64 55 1333 862 370  
9444 9709 49957 16283 16927  4423 5989 23104 6944 9573  2117 2980 12180 2785 4188  1025 1530 6590 918 1556  
16250 19337 84181 18078 24474  1744 3029 12304 8754 9039  24 581 427 749 1950  0 4 334 377 167  
11721 11549 64334 16061 16570  4196 6452 21713 6666 9643  1362 2715 7236 3562 5404  475 1266 2491 819 1907  
1558 1596 8256 2708 2804  1593 1829 8422 2124 2588  1427 1714 7422 2200 2688  1210 1358 6414 2045 2295  
12975 13349 69014 21561 22549  3928 7154 20941 4550 9267  652 1197 4136 1520 2379  337 891 2210 342 1135  
7948 11061 37302 12438 17613  4731 5444 25980 7465 8584  2389 2302 15044 3905 3697  1366 1984 7897 1950 2835  
15746 18153 82222 20952 25773  1922 3873 11539 4466 6886  250 733 1754 1000 1859  85 158 1389 1245 926  
13104 12776 69611 24062 23749  3253 5275 17552 3370 7481  1433 3920 8642 539 3406  161 666 1046 97 815  
12027 13455 63642 15288 18429  3694 4071 21682 7352 7148  1483 3566 6941 2588 5759  524 1133 2981 1330 2249  
10038 11292 51910 16430 18707  3738 6491 17179 5791 10035  2093 2028 13517 3387 3211  1188 1865 7298 1188 2123  
1740 2183 8762 2397 3195  1266 1856 5699 2233 3176  1382 1662 7267 1621 2178  1215 1403 6369 2142 2429  
7281 5585 42427 9429 7395  4716 5906 24227 8797 10456  2928 5065 14407 4403 7556  1494 2758 7671 2359 4174  
16920 22547 82297 24087 33807  1066 324 13909 3061 1387  32 82 781 650 473  0 3 207 181 62  
4838 6839 22825 6599 10027  3850 4145 21189 5566 6198  2701 2956 15182 4277 4663  1738 2672 8555 2838 4318  
6156 8327 30026 6589 10613  4409 4429 24952 6354 6542  2863 3884 14956 4946 6534  1579 2134 8572 2245 3195  
13462 18084 65377 18490 26533  3343 3537 21302 7325 7066  815 1025 5937 1528 1704  252 229 2439 501 356  
7845 6869 44420 10452 9516  4702 5742 24854 7630 9037  2565 4481 12601 3560 6321  1300 2104 6950 3056 4150  
14985 14570 82125 22063 22229  2578 6598 12375 3782 8995  371 1136 2206 1330 2340  74 537 440 641 1653  
3368 3404 18397 4495 4786  2671 3377 13724 3143 4427  2088 1935 11914 3095 2867  1713 1749 9641 2385 2415  
12419 11425 68189 20576 19458  3878 5774 21115 5015 7818  1233 3343 5906 1749 4719  362 1735 1475 554 2707  
6856 8556 34209 10577 13513  4354 5074 23682 6404 7644  2616 3490 14201 3567 4962  1480 1834 8484 2963 3357  
6565 6190 36409 9259 9085  4428 6142 22167 7028 9730  2656 3964 13502 4423 6414  1636 2371 8992 2121 3219  
8457 8619 45638 12796 13454  4523 6944 22202 6820 10613  2144 2157 13237 2857 2809  1272 2020 6896 2751 3776  
12086 12733 64942 16951 18690  3715 4791 20871 5635 6803  1430 3419 6739 2510 5408  449 741 2860 1307 1404  
16387 19306 82798 27535 32534  1562 3056 13916 427 2341  69 563 490 105 822  2 19 77 12 36  
12202 14672 62046 18460 22857  3730 4053 23131 5243 5627  1235 2591 6387 2903 4884  505 853 3314 1013 1386  
1460 1585 7490 2724 2931  1579 1820 8250 2423 2862  1273 1202 7067 2102 2033  1314 1535 6987 1938 2327  
1423 1563 7247 2712 2933  1526 1547 8305 2338 2442  1462 1865 7449 2050 2743  1284 1568 6638 2025 2504  
6216 8692 28944 10035 14117  4274 5622 21938 5468 7825  2519 3136 13384 4591 5412  1684 2058 9463 2830 3316  
11609 14507 57428 18919 23811  3810 4256 22640 6273 6871  1771 2723 11182 1737 3078  513 755 3712 769 1087  
12286 14932 60574 21889 26221  3896 4307 24527 4729 5702  1151 2434 6498 1110 2852  477 844 3793 274 683  
8440 8567 45599 12783 13384  4663 6724 23682 6798 10017  2039 2218 12027 3843 3949  1255 1712 7326 1912 2501  
1739 2131 8813 2604 3292  1321 1661 6434 2444 2981  1322 1745 6497 2175 2861  1190 1077 6917 1516 1429  
6761 6789 36904 9376 9848  3943 4022 21855 6550 6615  2422 2736 13318 4284 4689  1904 3387 9424 2804 5020  
10745 15388 49401 17049 24708  4172 4136 24782 7488 6991  1873 2385 11967 1817 2635  813 704 6803 946 871  
14075 15893 73785 20034 23662  3023 5150 16888 6039 8877  684 1151 4995 1365 1821  166 514 1130 494 985  
1673 1663 9191 2273 2367  1479 1889 7511 1709 2469  1324 1244 7468 1886 1812  1206 1508 6092 2176 2648  
10966 14042 53089 18861 23908  3892 5573 20153 5701 8095  1775 1419 13217 2335 1882  892 1310 6442 617 1147  
9534 9998 48739 18727 19466  5228 7941 26858 6329 10796  1859 3021 10554 1989 3674  895 1050 7233 651 935  
