# NumberOfHospitals NumberOfScenarios TimeHorizon
5 20 4
# DemandeScenario_0_Hospital_0_Period_0 DemandeScenario_0_Hospital_1_Period_0 ... DemandeScenario_0_Hospital_0_Period_1 DemandeScenario_0_Hospital_1_Period_1 ...
# DemandeScenario_1_Hospital_0_Period_0 DemandeScenario_1_Hospital_1_Period_0 ... DemandeScenario_1_Hospital_0_Period_1 DemandeScenario_1_Hospital_1_Period_1 ...
# ...
# ...
# ...
8879 10336 44256 16404 18772  5156 6624 28120 6783 9263  2236 3534 12571 2532 4414  786 1334 4383 1167 1936  
5156 6386 25821 7948 10082  3616 3723 20097 5499 5781  2574 3492 13470 3105 4630  1756 2480 9207 2075 3286  
4798 5691 24928 5191 7069  3736 3868 20582 5971 6178  2425 3872 11407 3233 5665  2054 2441 11411 3750 4230  
17061 22040 83923 25639 34191  834 905 9675 1474 1357  96 13 2243 439 151  16 0 793 378 56  
14989 20405 72006 21391 30675  2275 1752 17528 5908 4065  640 579 6545 510 622  94 191 898 213 339  
15330 19951 75181 22854 30790  2169 2693 15286 3669 4240  399 281 4290 914 582  79 27 1368 466 126  
1377 1233 7482 2592 2383  1515 1845 7665 2492 3051  1297 1141 7424 1829 1669  1335 1570 7103 1871 2289  
16920 19241 87295 27289 31490  965 3016 8676 761 3554  120 655 1051 31 682  12 45 224 2 28  
13923 16871 71304 18233 23805  3107 3780 19457 6174 6608  652 1581 3501 1323 2790  239 378 2173 1360 1156  
3256 3215 17953 4009 4220  2471 2182 14107 3202 2866  2292 3367 11119 3156 4924  1788 2052 9606 3400 3728  
12097 15099 58794 21700 26571  4344 6232 25019 4245 7002  1020 857 8308 1663 1366  324 341 2928 355 441  
8776 12162 40458 15379 20846  4914 6434 26257 5873 8360  1970 1553 13389 3908 2940  1340 1346 9595 1626 1736  
15400 18234 79789 19108 24750  2240 4104 13189 6414 8829  327 480 3550 2204 1756  39 122 506 264 369  
4915 4652 27126 7323 7171  3821 4679 19999 5481 6923  2716 3753 13945 4076 5706  1743 2445 8993 3294 4340  
8607 11050 42601 12637 16874  3976 5802 19402 6347 9248  2558 2277 16653 4037 3529  1086 1783 5554 1982 2972  
14703 15534 77496 24462 26210  2780 5303 16902 2386 5732  470 1786 2355 943 3019  50 263 415 248 653  
14063 16125 73485 19222 23326  2700 5383 13478 5611 9669  863 697 7346 2380 1463  286 440 2227 601 729  
6873 8548 34849 8788 11906  4197 5031 22187 7474 8699  2461 3674 12330 4030 5931  1744 2119 10237 2678 3224  
5182 6458 25943 7847 10067  3403 4744 16495 5425 7591  2298 3448 10969 3370 5216  1760 1535 10797 3252 2792  
6663 6463 36652 9461 9554  3944 4919 20221 7300 8792  2668 3908 13553 4431 6358  1538 1548 9446 1977 1976  
