# NumberOfHospitals NumberOfScenarios TimeHorizon
5 300 5
# DemandeScenario_0_Hospital_0_Period_0 DemandeScenario_0_Hospital_1_Period_0 ... DemandeScenario_0_Hospital_0_Period_1 DemandeScenario_0_Hospital_1_Period_1 ...
# DemandeScenario_1_Hospital_0_Period_0 DemandeScenario_1_Hospital_1_Period_0 ... DemandeScenario_1_Hospital_0_Period_1 DemandeScenario_1_Hospital_1_Period_1 ...
# ...
# ...
# ...
9660 12467 46882 16059 20710  4300 3839 26515 6510 5939  2122 3832 10752 2909 5390  1094 1641 6834 1242 1997  471 653 3349 606 847  
11574 11669 63354 14462 15556  4232 5905 22435 7779 9652  1202 1706 6847 2532 2613  627 1917 2944 2219 4383  214 683 1058 530 1158  
4598 6654 21522 5478 9087  3803 4693 19546 6175 7655  2709 3236 14712 3658 4661  1773 2363 9309 2337 3429  1483 1610 8837 2945 2951  
14507 13222 81171 20186 19140  2930 7872 12551 6802 13926  504 1598 2867 773 2112  58 180 584 230 361  5 63 82 54 146  
13598 17994 66397 19346 26962  3214 3936 19561 5442 6542  842 613 7632 2606 1539  261 220 2763 449 359  66 141 589 112 222  
5986 8211 27885 10334 13941  4465 5823 23053 5852 8168  2709 2779 15879 4667 4682  1578 1566 9684 2773 2700  1247 1592 7569 1692 2211  
8277 10573 40579 13351 17213  4021 5477 20144 6802 9002  2658 2499 17219 3425 3326  1232 1335 7772 2130 2203  864 1355 5234 1120 1787  
11614 12318 62677 13987 16084  4234 6988 20882 7379 11439  1356 2358 7393 2925 4456  520 621 4037 1965 1583  174 433 1121 745 1173  
9917 12375 49066 16245 20385  4520 6143 24508 5391 8047  2031 2435 12574 2864 3522  880 1003 6105 1609 1662  358 528 2528 1134 1211  
13613 17366 67209 20942 27364  2993 3689 18486 5555 6215  1062 1498 7864 1022 1604  242 288 2383 250 330  68 80 811 132 134  
11469 10885 63659 15375 15282  4300 6607 21990 6757 9731  1406 2591 7435 2958 4283  568 1780 2678 1681 3632  175 641 917 630 1410  
12005 12607 64722 16126 17882  3877 6160 19957 5587 8798  1331 2265 7701 4389 5426  490 835 3160 1139 1511  196 577 1118 544 1154  
8760 10829 44329 12255 15988  4211 4522 24103 5420 6069  2069 3701 9679 4077 6670  1225 1782 6722 1665 2608  807 740 5861 2034 1524  
11076 9912 62443 14506 13544  4507 6822 22803 7228 10105  1637 3759 7765 3485 6498  503 1356 2712 1937 3271  180 597 1012 592 1264  
2792 2514 15124 5202 4810  2892 3766 14494 4339 5807  1946 1920 10650 3468 3483  1982 2734 10130 2832 4044  1483 1571 8457 2197 2384  
16230 16195 89206 19530 20904  1496 3946 6839 5559 6985  276 2488 863 1851 5758  14 281 347 1065 1841  0 36 20 43 173  
1518 2116 7060 2541 3516  1538 1808 7899 2483 2951  1420 1807 7189 2124 2780  1263 1434 6716 2031 2328  1171 1485 6124 1512 2066  
14715 15241 80014 17425 19565  2903 6220 14278 8200 12228  308 1191 1704 1053 2474  75 267 912 1016 1221  6 25 278 251 161  
9637 8900 53328 14848 14157  4835 7266 24766 6345 9948  2013 3836 10021 3819 6616  856 1444 5038 1315 2082  314 665 1857 1027 1536  
4915 4662 27106 7355 7213  3694 5186 18073 5791 8203  2678 3737 13767 3512 5232  1853 2162 10364 3296 3700  1240 1226 7521 2003 1923  
13535 17379 67592 17015 24052  3317 4409 19193 7226 8814  836 869 6452 1934 1815  215 226 2161 1258 846  80 36 1371 379 102  
13652 20741 59320 23410 34842  4063 2054 31987 4426 897  294 151 5395 219 16  6 11 469 27 1  0 1 65 1 0  
1726 1831 9272 2443 2706  1383 1690 6881 2501 2995  1339 1512 7020 2263 2557  1119 1404 5585 2025 2476  1074 1448 5506 1100 1762  
13204 18201 63137 18300 26898  3604 3466 23630 5557 5572  818 1026 5732 2444 2474  270 197 2914 1277 639  72 48 986 320 135  
16169 18266 85467 17903 22772  1741 4267 9333 7294 10275  99 421 1766 2252 2554  6 4 486 452 137  0 0 90 65 10  
14363 19853 66001 25663 34484  2815 2941 18949 1877 1246  720 163 8974 394 25  96 0 2306 136 0  17 0 929 5 0  
1641 2265 7897 2195 3274  1523 1899 7644 2465 3095  1442 1635 7721 1996 2372  1279 1426 6947 1694 1996  1135 1232 6187 1869 2027  
7026 8348 36227 9519 12035  3885 3938 22097 4947 5182  2426 3141 12810 5347 6237  1652 2068 9320 3111 3630  1044 1966 5165 1935 3360  
4927 6158 24341 8128 10195  3180 2965 17778 5597 5312  2490 2694 13717 4104 4506  2093 3049 11124 2273 3747  1492 2370 7691 2085 3429  
8818 12104 40877 15494 20798  4408 4150 25969 7254 6880  2723 3931 15807 2751 4536  1058 1355 6788 1513 1938  539 800 3714 585 939  
9539 12802 46704 10852 16832  4583 4853 26225 6533 7260  2190 2937 12350 4618 5632  951 1056 6536 2661 2319  437 689 3027 1786 1868  
7928 11039 37190 12458 17621  4684 5749 25034 7073 8790  2636 2730 16415 3887 4029  1166 1351 7270 2283 2381  698 781 4832 1160 1214  
15075 16344 79095 24421 26920  2571 5581 15073 2690 6809  311 753 2517 569 1212  47 187 488 266 477  2 50 94 114 218  
8145 12439 35261 13960 20886  5374 6189 29658 7353 8690  2016 2327 11540 3368 3602  1366 1126 10276 1898 1499  565 516 4534 686 615  
16483 19429 83381 27510 32566  1302 3080 10455 551 3005  227 422 3190 17 162  2 24 166 3 22  0 1 83 0 0  
12895 12391 70302 20694 20412  3748 7362 18375 5747 11279  806 1726 4613 1271 2645  377 922 2542 289 961  126 355 998 59 300  
16070 16265 85829 26844 27639  1649 5537 8859 1218 7251  219 919 1594 23 781  62 190 756 0 72  12 33 224 0 8  
15660 17797 82272 20524 24965  1878 4456 10298 5974 9567  380 580 3320 1321 1075  80 84 1143 223 109  10 26 183 28 31  
9520 11461 47391 16490 19726  4472 6807 22542 5742 9352  2257 2146 15162 3280 3134  895 1055 6005 1496 1669  478 868 3027 561 1089  
1641 1733 8889 1945 2234  1414 1286 8009 1811 1705  1336 1318 7334 2184 2175  1229 1451 6525 1456 1873  1117 1232 6097 1443 1658  
5194 6340 26229 7936 9946  3604 3750 19936 5541 5873  2141 3682 9466 3347 5792  2041 2459 11531 2674 3387  1211 1427 6831 2506 2709  
13790 16404 70180 21510 26133  2855 4834 15630 4753 7573  949 1361 6746 991 1482  290 276 2764 572 448  90 44 1454 147 54  
15570 20624 76773 16708 26191  1928 2284 12530 8339 9181  520 48 7309 2656 343  1 1 389 191 28  0 0 167 101 8  
16873 22570 82149 23098 33038  1117 330 13770 3859 2081  28 49 1231 1101 584  0 9 99 21 53  0 0 19 1 0  
5612 8752 24345 8732 13881  4667 5259 25226 7338 8325  2222 3276 10512 3636 5210  1948 1992 11862 3224 3180  1290 1443 8178 1539 1850  
12124 14253 62925 15535 19755  3913 4968 22243 8381 9417  1232 2435 6674 1796 3607  482 898 3051 1323 1949  172 219 1581 641 544  
13257 15563 69035 15331 20135  3583 4300 21421 8639 8616  793 1367 4913 2402 2730  287 1226 1391 1272 3045  59 290 388 315 712  
15857 19064 81153 22359 28263  1672 2025 13174 3748 3420  409 1655 2079 1267 3278  65 177 683 584 668  5 27 133 66 79  
1606 2263 7559 2363 3470  1338 1841 6529 1352 2290  1324 1867 6321 1955 2870  1209 1615 5933 2019 2669  1196 1248 6648 1902 1999  
3351 4524 16253 4577 6616  2622 3334 13049 4478 5622  2335 2574 12886 3219 3709  1794 2239 9429 3047 3726  1425 1952 7320 2335 3147  
9856 13094 48426 11947 17819  4384 5485 23545 6305 8448  2095 2456 12523 4141 4628  979 1082 6853 2980 2630  389 466 2922 1149 1084  
16401 17705 88038 19024 22567  1578 4532 8442 7751 10705  37 615 341 501 1590  1 102 353 665 837  0 2 67 76 35  
7017 8583 35567 10166 12976  4301 5240 22946 6446 8005  2433 3525 12459 4111 5780  1499 2140 8176 1916 2967  1050 1236 6501 2072 2205  
9773 11416 49512 16544 19357  4607 5109 27134 5548 6540  2088 3528 11110 3373 5436  838 1432 4918 1535 2340  395 712 2558 600 1007  
17089 17578 92582 23673 25512  740 3184 4131 3212 5281  138 1396 508 1089 3276  33 439 57 78 801  13 321 8 22 738  
1699 2083 8693 2100 2836  1407 1860 7018 1536 2380  1422 1769 7244 2287 2863  1230 1239 6794 2066 2085  1146 1283 6172 1924 2139  
11485 15491 55943 14218 21381  4156 4100 25409 6310 6401  1591 1803 10581 4519 4051  520 833 3536 1801 1972  171 492 1048 670 1214  
7027 7900 36871 10129 11873  4278 5213 22759 6573 8079  2207 3700 10364 3909 6237  1603 2144 9101 1837 2720  1075 1503 6135 2088 2635  
12394 11032 68841 19999 18378  4339 8102 21608 5728 11179  826 1631 4822 1434 2406  347 1502 1526 598 2349  77 454 358 196 839  
1688 2036 8709 2049 2730  1540 1968 7783 2002 2778  1354 1735 6885 1665 2365  1295 1610 6696 1846 2402  1158 1323 6196 1953 2208  
4657 6345 21925 7757 10525  3800 3988 21003 5754 6186  2189 2353 11886 4178 4396  1770 2863 8433 2660 4324  1348 1922 6986 2135 2982  
7377 10132 35705 7351 12491  4859 6173 25059 7470 9933  2437 3286 12694 4628 6092  1515 1658 9373 3604 3487  873 687 6713 1982 1364  
11862 12706 63730 14952 17197  3403 6167 15818 4078 8516  1845 2747 10647 5186 6299  562 621 4307 1742 1404  207 430 1413 839 1132  
9623 13188 45541 15185 21112  4929 5301 28969 6952 7655  1874 1881 12368 3336 3112  910 1281 5905 1257 1724  376 703 2365 559 990  
10663 12874 52613 19154 22770  4789 6970 26145 5129 8477  1696 1673 12179 2413 2403  501 588 3802 875 935  233 451 1678 301 582  
5059 6343 25098 8024 10213  3775 4199 20601 5302 6135  2117 2310 11421 4236 4461  1761 2402 9109 3068 4057  1479 2229 7938 1693 2839  
12206 11861 64053 23806 23323  3469 5123 18337 3475 7459  1727 4657 9367 686 4248  362 667 3181 92 434  192 478 1848 16 212  
10496 12386 54323 13919 17581  4350 5911 23112 7865 10116  1710 2624 9544 2462 3873  776 1031 4997 1343 1690  365 433 2743 945 863  
13985 17095 70739 20723 26252  3142 4393 19331 5121 6772  655 1006 4959 1150 1543  168 352 1365 571 789  40 47 665 350 182  
4489 3645 25885 5768 4824  3947 5210 19862 6194 8218  2675 3494 14057 3433 4738  1982 2791 10323 2941 4173  1378 1729 7688 2560 2962  
2961 4418 13294 4619 7017  2526 3163 12501 4470 5466  2416 2939 12779 3354 4284  1952 2361 10593 2660 3381  1500 1872 8031 2443 3010  
14154 20519 65641 19277 30130  3253 1929 24708 7685 4725  531 401 5675 946 718  66 82 1022 142 142  5 17 188 19 30  
5154 5366 27731 7478 8093  3594 4180 18946 5947 6901  2490 2792 13679 4097 4572  1935 3088 9633 2772 4557  1236 1479 7003 2209 2543  
16439 17328 86857 27092 29006  1455 4905 9253 944 5902  73 436 759 48 593  39 252 288 0 241  5 20 65 0 10  
13326 13197 72410 20394 20814  3160 4870 17203 5628 7995  1006 3126 4616 1615 4964  377 1072 2313 231 952  80 371 420 162 650  
15251 15666 82036 23216 24575  2262 5215 12225 4204 8307  362 1160 2357 521 1595  72 491 342 120 850  51 346 258 13 341  
15781 22808 73267 21757 33715  2149 151 20781 5375 1889  73 1 2030 623 140  13 0 797 177 9  0 0 273 94 2  
6073 9086 27545 8412 13494  4666 5101 25824 6781 7683  2202 3219 10622 4183 5687  1950 2029 11988 3271 3279  1005 1256 5822 1953 2191  
4703 6725 22133 5814 9350  3632 4685 18432 4794 6744  2745 3134 15128 3904 4665  1893 2484 9978 3458 4343  1348 1692 7473 2738 3137  
10468 14980 47824 17315 24682  4681 5537 26665 5648 7134  1887 1578 13710 3385 2629  658 534 5779 1142 823  200 210 1886 383 328  
11863 13811 61925 14401 18426  4090 5526 22411 9229 10861  1294 2519 6928 2454 4313  524 692 3893 1206 1283  161 246 1378 505 520  
3453 3678 18536 4730 5300  2787 3159 14890 3769 4486  2013 1851 11546 2824 2603  1793 2795 8541 2916 4518  1383 2109 6828 1681 2884  
6747 7624 35629 8163 10099  4010 6089 18964 6106 9552  2827 3149 16174 4791 5169  1647 2361 8824 3213 4223  1082 1346 6534 2115 2371  
1686 1720 9123 2556 2686  1279 964 7549 1618 1223  1452 1851 7431 1962 2650  1158 1616 5534 2079 2808  1210 1492 6361 1747 2220  
6025 5297 33401 10120 9186  4149 4427 22608 6492 7079  2873 3740 15454 3957 5294  1806 3163 8901 2937 5043  995 1728 5057 1776 2950  
6524 8020 33348 7364 10314  4257 5405 22054 5794 7856  2765 3492 14938 4598 5728  1693 1930 9989 3159 3326  1071 1367 6381 2405 2631  
14345 20106 67191 22009 31624  2965 2275 21897 5258 3555  568 498 5702 652 513  112 63 1940 94 46  15 7 448 43 11  
14931 15148 78566 27062 27643  2248 5154 12253 947 6333  522 1604 3703 66 1291  246 921 1746 6 469  53 118 715 0 18  
13890 11746 78674 20723 18157  3594 9165 15495 6019 13955  428 1326 2605 1039 2252  81 496 429 229 902  12 170 62 57 388  
9896 11401 50540 16523 19148  4055 5301 21490 6782 8755  2134 2757 12806 2783 3796  967 1730 5542 1158 2241  557 996 3819 415 943  
10530 10665 55522 18943 19340  4850 6280 27530 5523 7966  1771 3930 8967 2323 5431  580 1346 3361 815 1892  185 458 1227 297 676  
1608 1472 9019 2227 2120  1488 1679 7936 1731 2144  1391 1455 7567 2134 2268  1288 1750 6376 2000 2760  1164 1572 5892 1598 2280  
4887 6762 23159 7280 10445  3293 3531 17567 6101 6413  2634 3684 13489 3095 4875  2075 2434 11678 3291 3848  1365 1886 7425 1684 2567  
7044 8323 36369 9696 12126  4214 5567 21572 6694 8865  2282 3149 12083 2515 4042  1519 1331 9723 3165 2547  1072 1250 6537 1856 1989  
9175 7592 52305 13363 11457  4500 5733 23375 8131 9900  2441 5173 11370 3789 7955  918 1545 5168 1507 2408  567 1593 2837 620 1987  
8478 9913 43309 13633 16160  4348 6065 22712 4954 7803  2258 2071 14228 3953 3464  1238 2429 5998 2064 3957  806 1008 5220 1446 1641  
6882 8174 35611 8674 11213  4200 5299 21998 5716 7623  2560 3539 13363 3865 5477  1625 1944 9411 2744 3145  1001 1541 5408 2020 2847  
4505 3603 25912 6417 5308  3793 4310 20283 5310 6197  2637 3206 14133 3482 4324  1851 2424 9700 3674 4479  1423 2115 7465 1888 2848  
14522 16427 74381 24840 28164  2515 5484 13281 2460 6741  797 667 7934 628 540  132 277 1126 135 253  35 75 469 12 42  
5213 5636 27818 7196 8178  3549 5114 17240 4944 7544  2669 3524 13866 4109 5493  1884 2116 10773 3315 3571  1231 1708 6688 1488 2285  
13319 14517 69651 21808 24107  3636 5752 20973 4451 7534  774 1537 5008 1195 2154  218 902 1118 386 1428  45 127 390 152 258  
14224 19996 66386 22098 31698  3014 2651 21040 4163 3462  589 231 6629 1581 508  158 62 2566 143 61  20 11 465 52 19  
4465 3669 25735 5485 4647  3681 3947 19978 5112 5571  2693 3841 13538 3430 5219  2083 3076 10562 3435 4933  1487 2244 7707 2839 3934  
1637 1679 8955 1983 2188  1535 1907 7869 1910 2602  1256 1068 7210 1927 1665  1162 1078 6599 1528 1443  1063 998 6040 1519 1429  
10661 15123 49093 17390 24710  4068 4757 22394 6784 7471  2084 2009 14513 2558 2437  797 596 7322 878 642  272 297 2578 275 293  
13572 17272 68088 17038 23854  2991 4142 16723 4844 7052  1118 957 9516 4594 3057  239 384 1899 762 935  67 134 736 519 521  
11213 10138 62939 15301 14406  4501 6916 22797 7784 10959  1363 2447 7241 2327 3470  534 1545 2580 1775 3449  254 1038 1118 562 1848  
5141 6367 25733 7975 10096  3485 3714 18946 5834 6236  2554 2607 14759 3416 3597  1751 2843 8400 2971 4663  1445 2038 7948 1796 2704  
4879 6836 23107 6778 10128  3561 4788 17612 5313 7381  2795 3081 15734 4010 4571  1965 2336 10992 3239 3782  1402 1558 8375 2191 2399  
7515 11219 33850 11244 17398  5083 5307 29258 6825 7520  2433 3071 13635 3401 4506  1420 1605 8878 2985 3005  668 864 4160 1430 1611  
4667 6650 22039 5575 9076  2911 4482 12737 5198 7721  2841 3505 15005 4012 5214  2166 2420 12349 3308 3752  1376 1709 7543 2522 2949  
2854 4235 12712 4784 7021  2588 3071 13153 4532 5296  2182 2364 11790 3681 3993  1889 2106 10409 2944 3331  1521 1760 8410 2377 2775  
8170 7663 45235 12018 11678  4491 5470 24220 5907 7353  2560 4660 12273 4620 7841  1351 2197 7350 2376 3533  644 1048 3740 1466 1966  
12851 17641 60775 20168 28146  3755 4134 23312 5593 5954  989 822 8292 1789 1259  306 223 3501 406 260  68 80 850 95 92  
10045 12881 49308 15875 20670  4492 5939 24383 6059 8395  1914 1791 12971 3449 3030  828 927 5755 1467 1505  359 633 2272 724 1102  
1626 2270 7715 2353 3442  1455 1776 7528 1597 2246  1402 1464 7633 2256 2380  1254 1631 6407 1598 2268  1189 1348 6446 1794 2070  
5023 5598 26083 8196 9256  3614 5141 17735 4867 7396  2536 2446 14914 3418 3382  1953 2822 10126 2822 4190  1301 1788 6974 2560 3231  
6736 6712 36685 9902 10228  4258 5759 21505 7008 9374  2618 3837 13677 3192 5096  1499 2081 8109 3131 3925  1074 1711 5918 1378 2332  
10787 9070 61245 15876 13831  4088 4974 22114 5619 6364  1888 4553 8314 4489 8735  787 2211 3671 1056 2889  249 815 1182 594 1450  
10000 10988 53352 11912 14325  4649 6451 24157 7772 10400  1879 2373 11207 4347 4576  841 1522 4723 1820 2711  343 818 1861 786 1508  
13713 20213 62272 20599 31409  3488 2410 25002 4767 3412  611 291 6161 2008 828  156 36 2428 363 75  35 4 1008 276 26  
11602 15006 57825 13942 20230  4103 4832 23394 6487 7818  1383 2153 7911 4228 5235  607 615 4725 1674 1362  214 201 2232 1037 605  
15379 18421 77893 24343 29655  1951 3606 12229 3111 5323  584 673 6140 432 493  75 160 822 162 187  11 77 93 16 86  
15189 15185 82663 22236 23051  2471 6611 11916 4562 10280  314 985 2159 925 1895  34 132 401 197 327  2 26 112 104 113  
5664 5401 30173 10603 10261  4238 5885 20787 6782 9500  2772 4079 13980 4077 6125  1811 2111 10618 2559 3101  1145 1631 6465 1580 2330  
13396 15101 69209 21910 24998  3413 4932 20296 4715 6994  887 1741 5866 990 2085  227 888 1220 339 1302  63 194 512 85 239  
9987 13332 48207 15202 20858  4247 5157 23921 4714 6536  2083 2624 12200 4248 4859  980 880 7375 2018 1585  349 401 2694 1118 943  
14076 15833 71820 24828 27839  2846 3563 19177 2559 4169  768 2912 3463 536 3319  203 394 1590 136 312  65 136 690 13 74  
4473 6302 20577 7565 10538  3907 4771 20565 5122 6702  2822 3190 15790 3971 4647  1641 2400 8094 2963 4091  1500 1584 9162 2285 2387  
9712 13552 45797 14421 20890  4778 5235 27787 6459 7442  2006 2351 12365 3280 3738  763 1014 4778 1302 1701  435 395 3716 1419 964  
8665 9418 45844 13010 14597  4277 5128 23103 7238 8519  1977 3044 10067 3784 5447  1400 2201 7848 1977 3153  783 1562 4321 850 1904  
10424 11240 55652 14379 16305  4376 5677 23768 7029 8801  1728 3367 8567 3724 6222  762 1378 4339 930 1789  379 643 2480 1182 1444  
3060 2639 17445 3798 3410  2730 3108 14256 4695 5309  2363 2860 12487 3410 4235  1822 2222 9646 3095 3708  1558 2272 7923 2328 3441  
3087 4551 14158 4297 6770  2564 3122 13373 2694 3867  2160 2831 10942 2638 3905  1782 2443 8816 3081 4141  1586 1915 8614 2393 2964  
9360 13410 44005 11437 18531  4395 5620 22617 8020 10056  2402 2311 15427 4340 4035  834 914 5304 1915 1812  503 411 4008 1082 761  
9815 10376 51751 16301 17478  4558 5451 25790 5945 7417  2020 3135 11187 2804 4288  771 1671 3927 1777 3222  445 930 2578 583 1191  
8613 7792 46821 15634 14516  4219 5401 21592 7069 9383  2519 3075 15258 2408 3341  1453 3079 7437 1664 3941  637 1932 2969 750 2592  
15467 19947 76855 20774 28773  2040 2302 14766 3839 4262  407 634 3606 2293 2266  79 59 1294 636 304  13 10 536 434 130  
3396 3446 18479 4784 5065  2739 2983 14839 3616 4136  2163 2400 11802 2807 3239  1867 2292 9932 2932 3574  1524 2211 7721 2438 3506  
16829 17498 89883 26424 28154  1024 3931 6808 1400 5106  147 1461 455 225 2460  9 34 97 30 21  6 30 38 1 12  
1660 1974 8623 1940 2576  1531 1575 8383 2090 2245  1317 1919 6196 1976 2979  1231 1196 6901 1924 1894  1161 1345 6258 1544 1883  
7017 8494 35899 9539 12289  3914 3762 22572 5341 5218  2539 3221 13617 5140 6001  1715 2832 8769 2441 4137  1086 1519 6229 1983 2540  
15422 18871 75859 27334 32985  2331 3853 16912 706 2699  208 166 3290 42 58  37 61 601 0 15  10 5 540 0 0  
6123 8758 28881 7053 11730  4211 5286 21736 5416 7570  2891 3486 15741 5380 6237  1819 2083 10673 3253 3598  1095 1312 6582 2160 2400  
6493 8709 31772 7747 11762  4390 5515 22795 6686 8641  2603 2533 15644 3847 3737  1745 2007 10288 3426 3585  1056 1571 5870 1963 2701  
11887 12013 64552 17143 18014  3774 4967 20736 6854 8287  1515 3466 7447 2767 5720  490 1115 2805 821 1691  231 921 1113 287 1261  
4634 6588 21416 7369 10590  3896 4293 21222 5805 6565  2661 3412 13964 4177 5358  1813 2562 9359 2687 3860  1447 1672 8608 1946 2332  
9854 11029 49422 18943 20821  4463 4959 25502 6022 7420  2324 3893 13433 2124 4444  916 1861 5889 629 1775  269 734 1653 243 841  
12270 17905 56009 18682 28045  3945 4002 24028 5360 5645  1167 823 9013 2397 1584  456 137 5735 1293 332  104 59 1243 237 115  
8403 9773 42922 13693 16099  3926 6438 18241 5540 9494  2532 2886 14724 4310 4739  1438 1854 8848 1609 2301  831 867 5911 1248 1263  
7028 7939 36911 9766 11610  4215 5346 21951 6975 8733  2392 2534 14048 3151 3357  1484 1636 8708 2785 2822  1005 1427 5610 1969 2515  
11892 15123 59674 14978 20929  3878 3555 24513 7286 6220  1528 2657 8507 3714 5232  428 668 2894 1034 1180  174 595 903 416 1113  
3204 4218 15412 5283 6963  2742 3462 13831 4330 5524  2014 2455 10301 3582 4258  1734 1636 10080 2753 2657  1592 2109 8566 1957 2809  
3319 3978 16731 5476 6602  2744 3181 14347 4400 5156  2136 2076 12111 3221 3211  1794 2454 9089 2888 3932  1551 1910 8546 2126 2712  
1672 1651 9192 2324 2395  1524 1616 8174 2402 2593  1398 1856 6924 2174 2931  1221 1354 6516 2041 2266  1117 1470 5770 1314 1926  
3104 4464 14325 4773 7029  2533 3359 12691 2708 4270  2195 2961 10823 3533 4786  1927 2165 10731 2559 3052  1493 1545 8569 2830 2795  
12638 15821 64074 13477 19751  3527 4939 18395 5778 8593  1450 1438 11145 6029 4571  311 551 2651 2030 2042  59 160 613 507 619  
2509 2274 13305 5136 4760  2925 3198 15748 4219 4800  2408 2965 12643 3546 4490  1745 2237 8978 2978 3775  1477 1540 8500 2071 2219  
6088 5726 33052 10514 10111  4597 5884 23945 6598 8754  2499 2604 14587 3282 3467  1468 2349 7278 2964 4389  1295 2229 6958 1560 2860  
3414 4451 16788 5002 6791  2804 3388 14654 3661 4757  2113 2368 11294 3809 4173  1648 2512 7912 2183 3615  1518 1908 8213 2037 2717  
1595 2149 7807 1844 2854  1603 1833 8441 2303 2744  1441 1727 7534 2040 2555  1105 1665 5075 1794 2706  1166 1335 6326 1545 1874  
8567 9340 45732 10990 12837  4309 5342 23097 5725 7344  2364 3763 11950 3850 6011  1086 992 7033 2360 1698  738 1543 3636 1461 2770  
12013 12461 64701 17421 18781  3338 5213 16980 7270 10009  1711 3243 9632 1552 3524  607 1412 3294 1060 2322  214 410 1473 493 765  
9397 13658 43600 12531 19821  4910 5321 28066 7321 8270  2174 2027 14538 4372 3755  824 1010 5427 1402 1647  388 523 2729 1001 1092  
5235 5772 27772 7189 8353  3446 5095 16358 5249 7944  2720 3270 14821 3914 4836  1900 2370 10424 3335 3986  1189 1184 7194 2340 2194  
10335 12888 50023 18915 23025  4932 6725 27064 5910 8684  1634 1419 12234 2059 1849  671 912 4831 778 1100  263 691 1588 240 757  
13155 17269 63688 20967 27859  3573 3402 24331 5410 4976  960 1394 7048 1084 1590  228 657 1395 458 1033  53 115 523 120 170  
3448 4042 17687 5378 6436  2799 3090 15040 4170 4733  2186 2795 11430 2612 3687  1805 2030 9925 2960 3301  1482 1744 8208 2294 2687  
15636 18418 81061 20226 25696  1913 3708 11765 6661 8762  407 638 3738 985 984  50 168 536 153 264  2 16 140 45 39  
12309 16273 60763 12876 20371  4396 4174 27698 10176 8934  978 1481 6438 2966 3284  252 771 1647 1498 2379  55 202 448 346 582  
17578 21281 89470 25505 32196  425 1635 6502 2073 3298  14 45 835 334 246  0 0 400 167 17  0 0 52 1 0  
15380 16750 82123 19566 22879  2224 5088 11858 7270 10923  346 994 2286 801 1584  51 110 583 245 291  11 10 289 117 53  
13190 14570 66997 24576 26861  3793 6614 21161 3048 7570  841 1224 7366 387 921  101 278 877 55 257  59 160 679 5 84  
6092 8206 28705 10469 13908  4463 5649 23240 6471 8428  2881 3428 16430 3699 4667  1521 2221 7981 2341 3397  1119 1318 6867 1859 2082  
1601 2226 7578 2473 3511  1530 2040 7514 2142 3024  1371 1503 7314 2284 2510  1132 1333 5818 2068 2375  916 1440 4048 1535 2361  
9919 11687 50231 16497 19537  3964 5966 19643 6384 9446  2279 2418 14842 2969 3231  995 1242 6751 1250 1586  490 920 3162 528 1063  
16061 15423 87484 25950 25564  1545 5893 6885 2093 8959  378 1309 2861 34 840  19 167 51 2 152  6 115 6 1 175  
1339 1234 7163 2607 2450  1568 2023 7802 2403 3170  1316 1516 6803 2265 2605  1174 1037 6787 1690 1541  1158 1354 6136 1850 2185  
6700 8548 32972 10622 13747  4127 3997 23753 6293 6210  2668 3474 14366 4348 5567  1426 1643 8246 2574 2881  1102 1864 5847 1639 2770  
12634 16549 62652 13827 21189  3515 5049 18126 8337 11076  1361 1079 10271 3773 2631  319 201 3032 782 478  141 60 2161 934 279  
15855 22419 73915 24134 35093  1866 488 18132 2151 475  281 51 4220 1448 175  12 1 699 302 15  0 0 156 33 0  
3261 3835 16506 5509 6485  2843 3522 14773 3655 4885  2168 2582 11368 3709 4361  1687 2461 8200 2728 3948  1522 1727 8675 1906 2295  
7989 7812 43182 13194 13186  4648 5562 25530 5839 7354  2502 3583 13474 3547 5034  1305 2093 7062 2142 3156  747 1656 3745 1321 2646  
14411 18051 73034 15777 22885  2931 2805 19952 8099 6423  542 1275 3365 2556 3220  99 739 508 988 2672  19 58 335 466 347  
4857 4831 26188 7935 8062  3599 4474 18433 5923 7369  2546 3898 12313 3866 5995  1849 2087 10461 2992 3373  1449 1753 8424 1986 2464  
11850 14406 60760 14399 19366  3849 5917 19512 7026 10410  1327 1655 8036 2338 2995  527 591 3579 1220 1367  276 240 2571 1213 816  
13647 14442 72630 21034 22870  3178 6680 15685 4860 10043  894 1283 6403 1194 1677  197 339 1626 779 826  62 107 660 153 184  
14675 16082 78395 16698 20285  2676 5438 12955 6118 9937  560 869 5039 3913 3181  89 445 722 1041 1753  6 84 120 190 360  
12324 18058 57002 15597 25505  4410 3280 30163 8021 6196  959 1218 6642 2526 2669  223 278 1961 829 761  73 84 1115 827 442  
15459 18174 78973 24324 29148  2084 3677 13898 3299 5410  414 897 3732 349 898  32 116 404 98 205  15 81 200 5 75  
3427 3818 18194 4361 5225  2847 3534 14590 4275 5446  1963 2897 9449 2245 3876  1810 2508 9073 2848 3993  1546 1815 8556 2378 2808  
11613 12732 62009 13706 16481  4204 5259 23341 8319 9186  1355 3312 6222 2633 5767  535 817 3592 1693 1804  183 368 1380 1069 1139  
12223 15129 61533 17935 23082  3612 3572 22788 6372 5985  1396 2525 7828 2575 4209  482 839 3235 766 1229  169 499 1014 293 782  
17069 21654 85689 21727 30158  867 1285 8811 4848 5127  72 20 1819 1125 453  10 0 706 335 18  0 0 204 37 0  
10241 13296 48620 18631 23536  5266 5670 32274 5995 6956  1424 1790 9143 2324 2743  730 1327 4798 701 1442  199 425 1389 289 582  
10875 15680 50919 13366 21754  4663 4577 27965 9913 9254  1392 1815 8374 2671 3253  696 613 5633 1179 975  244 188 2387 524 342  
1491 2101 7135 1581 2685  1586 1728 8529 2167 2485  1388 1882 6819 2001 2843  1269 1572 6606 1647 2204  1053 1457 5226 1269 1996  
8096 7428 43301 15655 14666  5538 7489 29218 7173 10572  2281 3425 12649 3025 4874  1094 1882 6443 1219 2352  524 1494 2611 564 1909  
2893 3920 13461 5204 6850  2742 3619 13535 4207 5654  2029 2291 10663 3637 4036  1770 1705 10192 2834 2793  1432 1929 7311 2330 3101  
5928 8973 26473 8783 13842  4561 5457 24157 6761 8328  2213 3162 10653 3816 5243  1939 2030 11938 2446 2759  1212 1238 7726 2337 2176  
1655 2148 8251 1999 2904  1445 2015 6971 1807 2812  1294 1768 6212 2196 2958  1322 1575 6969 1868 2332  1106 1282 5988 1303 1671  
9425 8179 53261 13422 12080  5017 8079 24400 8047 12634  1828 2313 10644 3137 3582  978 2027 5077 1637 3050  436 1183 2199 969 2109  
11246 11112 62011 13334 14144  4405 6332 22749 7573 9865  1585 3236 8050 3912 6108  493 1196 2707 1492 2405  187 648 1140 1108 1889  
7863 7173 43474 12600 11842  4297 4440 24057 6271 6558  2557 3628 13470 4027 5569  1537 3108 7608 1899 4023  734 1465 3765 1516 2648  
7037 8225 36510 9621 11914  4183 5635 21353 5900 8319  2538 3285 13637 4819 5843  1625 1839 9794 2596 2837  861 1513 4343 1708 2694  
3289 3802 16783 5507 6397  2222 2225 11784 4261 4283  2375 3158 12276 2837 4172  1643 2549 7675 2693 4116  1652 2028 9117 2217 2854  
8267 9849 41673 13725 16430  4338 5677 22563 6975 9080  2260 3499 11634 3226 5058  1532 1815 9868 1856 2305  678 940 4209 1071 1396  
7743 9863 38965 8015 12158  4996 5893 26948 8296 9723  2552 3234 14341 4734 5635  1195 1968 6293 2599 3817  742 897 4937 1899 1874  
4401 6687 19552 6638 10423  3658 4847 18190 5185 7227  2633 3402 13550 3845 5160  1818 2354 9461 2916 3761  1496 1571 9081 1917 2174  
7881 11274 37058 9960 15862  4167 5409 20892 7955 9800  2796 2861 16972 4853 4780  1522 1586 10043 2099 2234  800 778 5809 1375 1234  
9158 12416 43018 15619 20933  4495 5001 25179 7309 8000  2270 3267 13164 2144 3640  1121 1166 7761 1756 1780  558 576 4484 701 737  
14987 14670 81857 22477 22742  2622 6305 13175 4315 9193  295 987 1800 814 1605  85 687 361 410 1602  16 189 72 42 337  
1663 1981 8625 1946 2590  1522 1649 8224 1928 2234  1400 1672 7355 1818 2326  1176 1727 5593 1570 2513  1102 1530 5446 1466 2211  
15150 17843 76996 24616 29309  1916 4155 10456 2528 5663  761 684 7432 829 609  156 234 1809 88 151  21 27 473 12 14  
16595 22678 79893 22433 32999  1378 264 15312 5161 2580  44 15 1842 371 140  0 2 203 103 33  0 0 30 14 3  
1681 1678 9165 2476 2560  1556 2048 7763 2110 2962  1431 1788 7363 1982 2611  1290 1643 6592 1940 2533  1130 1516 5679 1777 2403  
5159 6561 25866 6785 9325  3384 4538 16988 4013 6128  2769 3192 15206 4380 5064  1848 2153 10408 2619 3140  1322 1303 8085 2591 2335  
6810 7775 35149 10874 12623  4179 5312 22217 4886 6867  2569 2994 14352 4745 5267  1561 2395 8119 2921 4169  1112 1658 6290 1716 2505  
8173 8625 44199 9546 11000  4502 7076 21378 7188 11338  2198 1806 13990 4006 2967  1521 2387 8202 2970 4148  748 1092 4452 1732 2037  
10518 12454 53898 15694 19216  3741 5434 18986 7013 9505  1911 2845 10579 2877 4164  943 1313 5952 1182 1666  461 383 3940 765 574  
5221 6284 26842 6840 8861  3533 3562 19809 4917 5086  2540 3892 12266 3883 6076  1702 1553 10285 2535 2216  1454 2102 7721 2451 3402  
4820 6064 24384 5326 7738  3724 4323 19831 4979 6136  2529 2631 14313 3521 3701  1881 1972 10815 3328 3261  1446 1879 7962 2839 3340  
4611 4490 24782 8000 7924  3641 5037 17810 5752 8029  2707 2951 15435 3304 3820  1822 2158 10026 3176 3678  1320 2124 6570 2252 3489  
6899 7433 36927 9176 10482  4315 5291 22778 6933 8440  2314 2352 13517 3306 3249  1748 2791 9025 3039 4556  1042 1643 5678 2031 2844  
13687 11227 78473 18764 15911  3666 8358 15951 7437 13578  556 2520 2388 1542 4578  91 663 394 226 1148  8 150 58 79 397  
4564 3765 26030 6778 5792  3651 3917 19719 5691 6172  2860 4165 14337 4268 6306  1934 2726 10215 2423 3608  1261 1397 7276 1958 2046  
14965 19030 75198 17853 25477  2486 3304 16022 8497 9036  469 376 5011 1134 653  77 206 661 311 416  12 22 296 175 93  
7160 10506 32008 12122 17546  4970 5749 26989 7564 8793  2560 2657 15468 4126 4189  1295 1906 7110 1702 2555  944 1046 6638 1030 1224  
13658 15736 68649 24736 28176  3229 4936 19327 2939 5887  857 1615 6555 359 1298  236 547 2352 37 296  17 66 240 4 60  
10323 12755 52474 13173 17732  4421 4912 25348 8271 8678  1878 2785 10634 3785 5006  762 1472 4247 1466 2522  338 418 2559 708 713  
1602 1537 8930 1979 2009  1595 1882 8315 2204 2738  1404 1508 7600 2104 2309  1269 1603 6465 2093 2631  1037 997 5813 1771 1707  
1635 1547 9036 2436 2383  1446 1348 8040 2224 2133  1407 1521 7601 2054 2285  1180 1140 6650 1578 1564  1195 1618 6042 1671 2367  
14426 20491 67889 19265 29707  3065 1751 24392 5887 3723  406 625 3159 2173 2062  104 71 1499 640 218  7 12 229 96 39  
1606 1867 8432 1764 2328  1598 1862 8372 2279 2769  1428 1764 7369 1959 2562  1294 1591 6680 2057 2550  1124 1271 6115 1458 1743  
7036 8466 35920 10202 12800  4186 4521 23333 6297 6887  2494 3132 13823 3189 4173  1283 2545 5653 2578 4620  1036 1604 5547 2093 2865  
14204 12712 79143 21994 20345  3295 7927 15365 4941 11451  371 1308 2110 950 2367  92 532 463 161 897  34 310 139 26 473  
13977 17039 71325 18662 24370  2664 4636 13879 5779 8827  1042 931 8436 2763 1928  223 146 2612 504 238  81 140 754 232 247  
1590 2275 7439 2266 3425  1491 1928 7342 2420 3141  1242 1834 5741 1855 2830  1221 1461 6291 2093 2472  929 1436 4148 1510 2313  
1599 1495 8961 2040 2001  1387 1231 7777 2269 2061  1347 1480 7129 2283 2514  1148 1020 6576 1604 1451  1138 1307 6148 1400 1703  
17409 20851 88604 26482 32615  565 2014 7104 1403 3025  44 90 1297 149 107  0 1 253 44 6  0 0 17 4 2  
6870 7492 36679 8897 10368  4261 5283 22494 5953 7635  2581 3048 14355 4777 5279  1617 2287 8776 3208 4109  893 1077 5306 1776 1910  
10301 13267 51252 13724 19039  4098 3635 25357 6340 5494  1846 3013 9692 4670 6254  918 1137 5955 1349 1517  442 1133 2192 856 1920  
8403 12735 36822 13978 21007  4935 4749 28848 8308 7805  2486 3197 14554 3026 4094  1269 1209 9412 1555 1513  531 593 4199 642 715  
13868 11690 79117 18731 16358  3072 5599 14517 6522 8951  901 4536 2930 2401 8457  118 622 556 339 1109  40 407 130 66 688  
3238 4236 16077 3738 5588  2741 2668 15330 4026 4013  2315 3069 11714 3621 4852  1650 2515 7907 2164 3634  1557 1731 8775 2616 2839  
10531 15693 47466 15820 24390  5074 4708 31503 7970 7346  1584 1739 10796 2642 2694  544 512 4639 819 719  171 177 1658 562 392  
12503 15497 61342 21820 26740  3939 5927 22472 3812 6681  1083 973 8536 1928 1670  360 329 3686 367 377  76 170 634 100 225  
3133 2912 17189 5145 4912  2907 3654 14910 4122 5409  2040 1861 11776 2766 2566  1620 2144 8108 3126 3948  1318 1704 6773 2503 3109  
9483 15088 40287 15030 24185  5202 4437 32061 8967 7335  2203 2331 15112 2264 2644  705 669 5589 1231 1049  279 283 2631 315 324  
1508 2258 6822 2196 3445  1607 1878 8434 2221 2737  1438 1674 7555 2226 2639  1148 1614 5615 1322 2153  1175 1458 6154 1608 2113  
1522 2059 7182 2608 3482  1566 1700 8357 2411 2683  1302 1705 6392 2197 2845  1144 1312 5929 2040 2312  1033 1143 5477 1833 2014  
13021 14058 69911 14864 17716  3841 6769 19073 8515 12597  746 1510 4125 1709 3006  316 470 2824 1959 1725  62 118 734 580 513  
3261 3042 18138 4638 4495  2687 3118 14278 3164 4003  2212 2679 11477 3955 4667  1832 2503 9441 2312 3410  1542 1960 8233 2607 3223  
10413 11624 55081 13691 16309  3770 4008 21435 8017 7878  2098 3196 11590 2766 4249  1001 2269 4991 1698 3604  411 1076 2127 1003 2115  
4993 5050 27295 6342 6826  3697 5167 18088 5914 8286  2481 2484 14125 4271 4193  1905 2933 9608 2543 4166  1331 1547 7741 1887 2160  
3051 2585 17456 3893 3418  2825 3128 15037 4401 4932  2364 3155 11992 3585 4861  1794 2280 9501 2210 3014  1440 1576 8078 2229 2392  
12047 16955 55513 20150 28158  4568 4636 29203 5633 5723  869 964 6382 1616 1460  360 300 3553 485 327  114 78 1526 111 65  
1727 2186 8677 2312 3142  1437 1762 7427 1571 2220  1261 1795 5907 2135 3000  1262 1599 6424 2079 2622  1097 1119 6067 1915 1940  
6781 10375 29319 11607 17403  4884 5316 26784 8005 8581  2715 3105 15681 4077 4620  1564 2062 9423 1610 2386  935 968 6517 1308 1337  
13447 17499 65667 20777 27654  3503 4090 22336 5409 6080  776 764 6784 1394 1167  201 411 1581 388 633  61 115 687 71 122  
7369 10460 33685 12537 17549  4718 6073 24971 5421 7854  2216 2995 11321 3900 5013  1706 1329 12194 3018 2232  948 853 6980 1511 1295  
6844 8939 33778 9345 13038  4357 5218 23332 6475 7960  2414 2387 14499 3247 3241  1592 2273 8566 3474 4359  1021 1212 6273 1561 1760  
8674 10906 43655 11627 15678  3986 4819 21147 8049 9090  2592 3016 15448 3629 4301  1278 2036 7108 1760 2896  670 1012 4040 1402 1838  
1559 2187 7469 1821 2938  1484 1965 7371 1820 2695  1233 1780 5722 2090 2969  1290 1423 7047 1654 1955  1178 1516 6023 1791 2359  
1695 2111 8608 2097 2881  1478 1948 7367 1786 2643  1318 1827 6329 2138 2969  1132 1683 5278 1703 2615  1163 1502 5930 1766 2333  
13983 11957 79022 20790 18419  2971 7111 12895 6430 12752  774 2285 4086 710 2756  250 1300 1108 113 1345  22 221 114 30 380  
6388 8611 31197 7383 11432  4515 5360 23974 7551 8915  2370 3439 11760 4435 6076  1647 2201 8962 2605 3487  1155 1251 7319 1787 1929  
12739 11841 70114 20288 19417  3590 7473 16606 6046 12166  1028 1690 6468 1304 2231  393 850 2684 300 854  176 628 1039 92 571  
17498 20609 90622 23218 29258  465 2142 5331 4518 6318  56 196 1138 282 160  0 10 155 58 19  0 1 35 3 0  
3485 3863 18471 4713 5529  2565 3687 12089 4122 5952  2135 2176 11837 3665 3721  1857 2079 10376 2475 2882  1381 2213 6594 1986 3322  
1560 2208 7428 1859 3004  1597 1834 8426 2190 2656  1263 1595 6481 1328 1982  1227 1714 5949 1877 2689  1140 1301 6178 1447 1776  
2915 4297 13081 4788 7041  2466 3328 11755 4242 5599  2287 3038 11534 3137 4410  1773 2094 9382 3064 3531  1628 1719 9429 2458 2633  
12572 15493 61881 21862 26680  4000 5623 23328 4648 7036  987 1441 6932 1036 1603  283 295 2603 361 344  96 43 1500 129 47  
3175 3798 16436 3387 4688  2852 3377 14962 3916 4887  2304 2959 11775 3836 4881  1755 1953 9746 2272 2650  1426 1492 8165 2102 2172  
4782 6128 23991 5256 7828  3639 3643 20392 5020 5178  2607 3295 13727 3440 4622  1864 2901 9062 3687 5320  1430 1964 7669 2319 3160  
1701 2215 8371 2534 3414  1457 1865 7187 2442 3107  1334 1772 6538 2142 2858  1194 1692 5769 1714 2539  992 1055 5326 1864 1944  
6358 8260 30704 10687 13819  4214 5825 21221 5404 8102  2818 3258 15908 4554 5205  1638 1933 9548 2889 3237  1011 1259 6018 1741 2044  
16748 17318 90946 21084 23310  1234 5240 5594 6207 11233  39 320 580 512 811  1 63 157 265 349  0 10 10 10 43  
16202 22050 77042 25351 35119  1565 660 16492 2707 529  181 162 2398 24 85  41 51 739 0 18  20 26 505 0 5  
12570 15553 61763 21835 26753  4027 5031 24692 4875 6457  982 1359 7362 1054 1571  307 784 2120 220 767  89 175 882 65 157  
3018 3140 15784 5444 5684  2630 2932 13791 4419 4969  2092 2415 10982 3551 4117  1869 2085 10322 2732 3148  1325 1563 7085 2285 2704  
16568 16277 90180 25495 25800  1093 3660 6040 1995 4979  177 1475 563 558 3125  134 1027 428 25 1173  32 301 67 1 300  
10141 10151 55219 14673 15259  4346 6840 21425 7773 11555  1903 2387 11500 2831 3404  859 1400 5052 1401 2054  431 1163 2218 783 1856  
14689 14080 80413 22832 22542  2696 5772 14200 3291 7047  430 1321 2044 1087 2003  161 1225 525 659 2667  27 420 74 124 951  
5022 6318 24863 8043 10237  3527 3314 20204 5088 4926  2653 3923 13213 3617 5650  1938 2196 11109 2801 3195  1378 1896 7558 1883 2671  
3072 3588 15441 5501 6350  2917 3498 15259 4114 5161  1893 2029 10087 3548 3759  1611 2513 7485 2610 4016  1498 2104 7615 2280 3222  
1610 2263 7588 2370 3470  1326 1848 6172 2319 3150  1445 1686 7573 2223 2650  1221 1545 6153 2022 2545  1096 1494 5404 1713 2355  
13445 17932 65128 19890 27550  3448 3431 23285 4710 4792  860 1108 6462 2653 2444  201 363 1667 503 655  36 93 395 201 245  
11840 14299 60905 14345 19161  4013 5979 20832 7765 10800  1272 996 9599 2762 1790  566 823 3774 1602 1664  214 546 1329 882 1351  
8174 11391 38836 11406 16910  4402 4626 24746 8202 8319  2517 2898 14808 4133 4671  1344 1916 7990 1540 2430  626 871 3820 1320 1605  
8952 12197 41771 15581 20834  5308 5850 31136 6401 7545  2042 2539 12266 3567 4105  934 1301 5988 1439 1882  430 575 3170 622 775  
15877 22798 73883 22382 34115  2001 158 19585 5284 1596  127 4 3093 414 43  12 0 691 3 3  0 0 21 0 0  
11990 15423 59728 15763 21947  3430 4637 18522 4260 6668  1424 1778 8354 2520 3394  705 776 5217 2909 2479  301 231 3103 1549 836  
11624 10371 63629 20691 19001  4725 8041 24264 5653 11003  1043 2129 6115 1259 2902  349 1212 1817 363 1664  185 835 965 84 851  
15149 18048 75079 27397 32140  2778 4382 20806 660 3084  82 484 1119 26 507  4 20 157 1 15  4 17 86 0 9  
2735 4260 11790 4489 6963  2883 3409 14967 4508 5412  2187 3007 10766 3211 4558  1982 2267 10953 2900 3403  1521 1812 8328 2484 2920  
5079 5233 27320 7755 8226  3630 3911 19881 5152 5711  2499 3962 11851 4115 6427  1909 2498 10239 3216 4090  1340 2068 6914 2192 3285  
4877 6129 24673 5514 7928  3599 4975 17619 5220 7589  2655 3508 13604 4289 5695  1853 2480 9658 3195 4179  1474 1562 8903 2649 2665  
1533 1279 8755 2196 1899  1565 1679 8412 2273 2521  1374 1476 7372 2203 2397  1193 1164 6654 1825 1813  1115 1372 5903 1289 1740  
5781 6028 29961 10833 11273  4466 6243 22207 6549 9445  2950 3815 16105 4101 5504  1633 2236 8928 2570 3486  1012 1182 6186 1543 1823  
