# NumberOfHospitals NumberOfScenarios TimeHorizon
5 200 5
# DemandeScenario_0_Hospital_0_Period_0 DemandeScenario_0_Hospital_1_Period_0 ... DemandeScenario_0_Hospital_0_Period_1 DemandeScenario_0_Hospital_1_Period_1 ...
# DemandeScenario_1_Hospital_0_Period_0 DemandeScenario_1_Hospital_1_Period_0 ... DemandeScenario_1_Hospital_0_Period_1 DemandeScenario_1_Hospital_1_Period_1 ...
# ...
# ...
# ...
9660 12467 46882 16059 20710  4300 3839 26515 6510 5939  2122 3832 10752 2909 5390  1094 1641 6834 1242 1997  471 653 3349 606 847  
11574 11669 63354 14462 15556  4232 5905 22435 7779 9652  1202 1706 6847 2532 2613  627 1917 2944 2219 4383  214 683 1058 530 1158  
4598 6654 21522 5478 9087  3803 4693 19546 6175 7655  2709 3236 14712 3658 4661  1773 2363 9309 2337 3429  1483 1610 8837 2945 2951  
14507 13222 81171 20186 19140  2930 7872 12551 6802 13926  504 1598 2867 773 2112  58 180 584 230 361  5 63 82 54 146  
13598 17994 66397 19346 26962  3214 3936 19561 5442 6542  842 613 7632 2606 1539  261 220 2763 449 359  66 141 589 112 222  
5986 8211 27885 10334 13941  4465 5823 23053 5852 8168  2709 2779 15879 4667 4682  1578 1566 9684 2773 2700  1247 1592 7569 1692 2211  
8277 10573 40579 13351 17213  4021 5477 20144 6802 9002  2658 2499 17219 3425 3326  1232 1335 7772 2130 2203  864 1355 5234 1120 1787  
11614 12318 62677 13987 16084  4234 6988 20882 7379 11439  1356 2358 7393 2925 4456  520 621 4037 1965 1583  174 433 1121 745 1173  
9917 12375 49066 16245 20385  4520 6143 24508 5391 8047  2031 2435 12574 2864 3522  880 1003 6105 1609 1662  358 528 2528 1134 1211  
13613 17366 67209 20942 27364  2993 3689 18486 5555 6215  1062 1498 7864 1022 1604  242 288 2383 250 330  68 80 811 132 134  
11469 10885 63659 15375 15282  4300 6607 21990 6757 9731  1406 2591 7435 2958 4283  568 1780 2678 1681 3632  175 641 917 630 1410  
12005 12607 64722 16126 17882  3877 6160 19957 5587 8798  1331 2265 7701 4389 5426  490 835 3160 1139 1511  196 577 1118 544 1154  
8760 10829 44329 12255 15988  4211 4522 24103 5420 6069  2069 3701 9679 4077 6670  1225 1782 6722 1665 2608  807 740 5861 2034 1524  
11076 9912 62443 14506 13544  4507 6822 22803 7228 10105  1637 3759 7765 3485 6498  503 1356 2712 1937 3271  180 597 1012 592 1264  
2792 2514 15124 5202 4810  2892 3766 14494 4339 5807  1946 1920 10650 3468 3483  1982 2734 10130 2832 4044  1483 1571 8457 2197 2384  
16230 16195 89206 19530 20904  1496 3946 6839 5559 6985  276 2488 863 1851 5758  14 281 347 1065 1841  0 36 20 43 173  
1518 2116 7060 2541 3516  1538 1808 7899 2483 2951  1420 1807 7189 2124 2780  1263 1434 6716 2031 2328  1171 1485 6124 1512 2066  
14715 15241 80014 17425 19565  2903 6220 14278 8200 12228  308 1191 1704 1053 2474  75 267 912 1016 1221  6 25 278 251 161  
9637 8900 53328 14848 14157  4835 7266 24766 6345 9948  2013 3836 10021 3819 6616  856 1444 5038 1315 2082  314 665 1857 1027 1536  
4915 4662 27106 7355 7213  3694 5186 18073 5791 8203  2678 3737 13767 3512 5232  1853 2162 10364 3296 3700  1240 1226 7521 2003 1923  
13535 17379 67592 17015 24052  3317 4409 19193 7226 8814  836 869 6452 1934 1815  215 226 2161 1258 846  80 36 1371 379 102  
13652 20741 59320 23410 34842  4063 2054 31987 4426 897  294 151 5395 219 16  6 11 469 27 1  0 1 65 1 0  
1726 1831 9272 2443 2706  1383 1690 6881 2501 2995  1339 1512 7020 2263 2557  1119 1404 5585 2025 2476  1074 1448 5506 1100 1762  
13204 18201 63137 18300 26898  3604 3466 23630 5557 5572  818 1026 5732 2444 2474  270 197 2914 1277 639  72 48 986 320 135  
16169 18266 85467 17903 22772  1741 4267 9333 7294 10275  99 421 1766 2252 2554  6 4 486 452 137  0 0 90 65 10  
14363 19853 66001 25663 34484  2815 2941 18949 1877 1246  720 163 8974 394 25  96 0 2306 136 0  17 0 929 5 0  
1641 2265 7897 2195 3274  1523 1899 7644 2465 3095  1442 1635 7721 1996 2372  1279 1426 6947 1694 1996  1135 1232 6187 1869 2027  
7026 8348 36227 9519 12035  3885 3938 22097 4947 5182  2426 3141 12810 5347 6237  1652 2068 9320 3111 3630  1044 1966 5165 1935 3360  
4927 6158 24341 8128 10195  3180 2965 17778 5597 5312  2490 2694 13717 4104 4506  2093 3049 11124 2273 3747  1492 2370 7691 2085 3429  
8818 12104 40877 15494 20798  4408 4150 25969 7254 6880  2723 3931 15807 2751 4536  1058 1355 6788 1513 1938  539 800 3714 585 939  
9539 12802 46704 10852 16832  4583 4853 26225 6533 7260  2190 2937 12350 4618 5632  951 1056 6536 2661 2319  437 689 3027 1786 1868  
7928 11039 37190 12458 17621  4684 5749 25034 7073 8790  2636 2730 16415 3887 4029  1166 1351 7270 2283 2381  698 781 4832 1160 1214  
15075 16344 79095 24421 26920  2571 5581 15073 2690 6809  311 753 2517 569 1212  47 187 488 266 477  2 50 94 114 218  
8145 12439 35261 13960 20886  5374 6189 29658 7353 8690  2016 2327 11540 3368 3602  1366 1126 10276 1898 1499  565 516 4534 686 615  
16483 19429 83381 27510 32566  1302 3080 10455 551 3005  227 422 3190 17 162  2 24 166 3 22  0 1 83 0 0  
12895 12391 70302 20694 20412  3748 7362 18375 5747 11279  806 1726 4613 1271 2645  377 922 2542 289 961  126 355 998 59 300  
16070 16265 85829 26844 27639  1649 5537 8859 1218 7251  219 919 1594 23 781  62 190 756 0 72  12 33 224 0 8  
15660 17797 82272 20524 24965  1878 4456 10298 5974 9567  380 580 3320 1321 1075  80 84 1143 223 109  10 26 183 28 31  
9520 11461 47391 16490 19726  4472 6807 22542 5742 9352  2257 2146 15162 3280 3134  895 1055 6005 1496 1669  478 868 3027 561 1089  
1641 1733 8889 1945 2234  1414 1286 8009 1811 1705  1336 1318 7334 2184 2175  1229 1451 6525 1456 1873  1117 1232 6097 1443 1658  
5194 6340 26229 7936 9946  3604 3750 19936 5541 5873  2141 3682 9466 3347 5792  2041 2459 11531 2674 3387  1211 1427 6831 2506 2709  
13790 16404 70180 21510 26133  2855 4834 15630 4753 7573  949 1361 6746 991 1482  290 276 2764 572 448  90 44 1454 147 54  
15570 20624 76773 16708 26191  1928 2284 12530 8339 9181  520 48 7309 2656 343  1 1 389 191 28  0 0 167 101 8  
16873 22570 82149 23098 33038  1117 330 13770 3859 2081  28 49 1231 1101 584  0 9 99 21 53  0 0 19 1 0  
5612 8752 24345 8732 13881  4667 5259 25226 7338 8325  2222 3276 10512 3636 5210  1948 1992 11862 3224 3180  1290 1443 8178 1539 1850  
12124 14253 62925 15535 19755  3913 4968 22243 8381 9417  1232 2435 6674 1796 3607  482 898 3051 1323 1949  172 219 1581 641 544  
13257 15563 69035 15331 20135  3583 4300 21421 8639 8616  793 1367 4913 2402 2730  287 1226 1391 1272 3045  59 290 388 315 712  
15857 19064 81153 22359 28263  1672 2025 13174 3748 3420  409 1655 2079 1267 3278  65 177 683 584 668  5 27 133 66 79  
1606 2263 7559 2363 3470  1338 1841 6529 1352 2290  1324 1867 6321 1955 2870  1209 1615 5933 2019 2669  1196 1248 6648 1902 1999  
3351 4524 16253 4577 6616  2622 3334 13049 4478 5622  2335 2574 12886 3219 3709  1794 2239 9429 3047 3726  1425 1952 7320 2335 3147  
9856 13094 48426 11947 17819  4384 5485 23545 6305 8448  2095 2456 12523 4141 4628  979 1082 6853 2980 2630  389 466 2922 1149 1084  
16401 17705 88038 19024 22567  1578 4532 8442 7751 10705  37 615 341 501 1590  1 102 353 665 837  0 2 67 76 35  
7017 8583 35567 10166 12976  4301 5240 22946 6446 8005  2433 3525 12459 4111 5780  1499 2140 8176 1916 2967  1050 1236 6501 2072 2205  
9773 11416 49512 16544 19357  4607 5109 27134 5548 6540  2088 3528 11110 3373 5436  838 1432 4918 1535 2340  395 712 2558 600 1007  
17089 17578 92582 23673 25512  740 3184 4131 3212 5281  138 1396 508 1089 3276  33 439 57 78 801  13 321 8 22 738  
1699 2083 8693 2100 2836  1407 1860 7018 1536 2380  1422 1769 7244 2287 2863  1230 1239 6794 2066 2085  1146 1283 6172 1924 2139  
11485 15491 55943 14218 21381  4156 4100 25409 6310 6401  1591 1803 10581 4519 4051  520 833 3536 1801 1972  171 492 1048 670 1214  
7027 7900 36871 10129 11873  4278 5213 22759 6573 8079  2207 3700 10364 3909 6237  1603 2144 9101 1837 2720  1075 1503 6135 2088 2635  
12394 11032 68841 19999 18378  4339 8102 21608 5728 11179  826 1631 4822 1434 2406  347 1502 1526 598 2349  77 454 358 196 839  
1688 2036 8709 2049 2730  1540 1968 7783 2002 2778  1354 1735 6885 1665 2365  1295 1610 6696 1846 2402  1158 1323 6196 1953 2208  
4657 6345 21925 7757 10525  3800 3988 21003 5754 6186  2189 2353 11886 4178 4396  1770 2863 8433 2660 4324  1348 1922 6986 2135 2982  
7377 10132 35705 7351 12491  4859 6173 25059 7470 9933  2437 3286 12694 4628 6092  1515 1658 9373 3604 3487  873 687 6713 1982 1364  
11862 12706 63730 14952 17197  3403 6167 15818 4078 8516  1845 2747 10647 5186 6299  562 621 4307 1742 1404  207 430 1413 839 1132  
9623 13188 45541 15185 21112  4929 5301 28969 6952 7655  1874 1881 12368 3336 3112  910 1281 5905 1257 1724  376 703 2365 559 990  
10663 12874 52613 19154 22770  4789 6970 26145 5129 8477  1696 1673 12179 2413 2403  501 588 3802 875 935  233 451 1678 301 582  
5059 6343 25098 8024 10213  3775 4199 20601 5302 6135  2117 2310 11421 4236 4461  1761 2402 9109 3068 4057  1479 2229 7938 1693 2839  
12206 11861 64053 23806 23323  3469 5123 18337 3475 7459  1727 4657 9367 686 4248  362 667 3181 92 434  192 478 1848 16 212  
10496 12386 54323 13919 17581  4350 5911 23112 7865 10116  1710 2624 9544 2462 3873  776 1031 4997 1343 1690  365 433 2743 945 863  
13985 17095 70739 20723 26252  3142 4393 19331 5121 6772  655 1006 4959 1150 1543  168 352 1365 571 789  40 47 665 350 182  
4489 3645 25885 5768 4824  3947 5210 19862 6194 8218  2675 3494 14057 3433 4738  1982 2791 10323 2941 4173  1378 1729 7688 2560 2962  
2961 4418 13294 4619 7017  2526 3163 12501 4470 5466  2416 2939 12779 3354 4284  1952 2361 10593 2660 3381  1500 1872 8031 2443 3010  
14154 20519 65641 19277 30130  3253 1929 24708 7685 4725  531 401 5675 946 718  66 82 1022 142 142  5 17 188 19 30  
5154 5366 27731 7478 8093  3594 4180 18946 5947 6901  2490 2792 13679 4097 4572  1935 3088 9633 2772 4557  1236 1479 7003 2209 2543  
16439 17328 86857 27092 29006  1455 4905 9253 944 5902  73 436 759 48 593  39 252 288 0 241  5 20 65 0 10  
13326 13197 72410 20394 20814  3160 4870 17203 5628 7995  1006 3126 4616 1615 4964  377 1072 2313 231 952  80 371 420 162 650  
15251 15666 82036 23216 24575  2262 5215 12225 4204 8307  362 1160 2357 521 1595  72 491 342 120 850  51 346 258 13 341  
15781 22808 73267 21757 33715  2149 151 20781 5375 1889  73 1 2030 623 140  13 0 797 177 9  0 0 273 94 2  
6073 9086 27545 8412 13494  4666 5101 25824 6781 7683  2202 3219 10622 4183 5687  1950 2029 11988 3271 3279  1005 1256 5822 1953 2191  
4703 6725 22133 5814 9350  3632 4685 18432 4794 6744  2745 3134 15128 3904 4665  1893 2484 9978 3458 4343  1348 1692 7473 2738 3137  
10468 14980 47824 17315 24682  4681 5537 26665 5648 7134  1887 1578 13710 3385 2629  658 534 5779 1142 823  200 210 1886 383 328  
11863 13811 61925 14401 18426  4090 5526 22411 9229 10861  1294 2519 6928 2454 4313  524 692 3893 1206 1283  161 246 1378 505 520  
3453 3678 18536 4730 5300  2787 3159 14890 3769 4486  2013 1851 11546 2824 2603  1793 2795 8541 2916 4518  1383 2109 6828 1681 2884  
6747 7624 35629 8163 10099  4010 6089 18964 6106 9552  2827 3149 16174 4791 5169  1647 2361 8824 3213 4223  1082 1346 6534 2115 2371  
1686 1720 9123 2556 2686  1279 964 7549 1618 1223  1452 1851 7431 1962 2650  1158 1616 5534 2079 2808  1210 1492 6361 1747 2220  
6025 5297 33401 10120 9186  4149 4427 22608 6492 7079  2873 3740 15454 3957 5294  1806 3163 8901 2937 5043  995 1728 5057 1776 2950  
6524 8020 33348 7364 10314  4257 5405 22054 5794 7856  2765 3492 14938 4598 5728  1693 1930 9989 3159 3326  1071 1367 6381 2405 2631  
14345 20106 67191 22009 31624  2965 2275 21897 5258 3555  568 498 5702 652 513  112 63 1940 94 46  15 7 448 43 11  
14931 15148 78566 27062 27643  2248 5154 12253 947 6333  522 1604 3703 66 1291  246 921 1746 6 469  53 118 715 0 18  
13890 11746 78674 20723 18157  3594 9165 15495 6019 13955  428 1326 2605 1039 2252  81 496 429 229 902  12 170 62 57 388  
9896 11401 50540 16523 19148  4055 5301 21490 6782 8755  2134 2757 12806 2783 3796  967 1730 5542 1158 2241  557 996 3819 415 943  
10530 10665 55522 18943 19340  4850 6280 27530 5523 7966  1771 3930 8967 2323 5431  580 1346 3361 815 1892  185 458 1227 297 676  
1608 1472 9019 2227 2120  1488 1679 7936 1731 2144  1391 1455 7567 2134 2268  1288 1750 6376 2000 2760  1164 1572 5892 1598 2280  
4887 6762 23159 7280 10445  3293 3531 17567 6101 6413  2634 3684 13489 3095 4875  2075 2434 11678 3291 3848  1365 1886 7425 1684 2567  
7044 8323 36369 9696 12126  4214 5567 21572 6694 8865  2282 3149 12083 2515 4042  1519 1331 9723 3165 2547  1072 1250 6537 1856 1989  
9175 7592 52305 13363 11457  4500 5733 23375 8131 9900  2441 5173 11370 3789 7955  918 1545 5168 1507 2408  567 1593 2837 620 1987  
8478 9913 43309 13633 16160  4348 6065 22712 4954 7803  2258 2071 14228 3953 3464  1238 2429 5998 2064 3957  806 1008 5220 1446 1641  
6882 8174 35611 8674 11213  4200 5299 21998 5716 7623  2560 3539 13363 3865 5477  1625 1944 9411 2744 3145  1001 1541 5408 2020 2847  
4505 3603 25912 6417 5308  3793 4310 20283 5310 6197  2637 3206 14133 3482 4324  1851 2424 9700 3674 4479  1423 2115 7465 1888 2848  
14522 16427 74381 24840 28164  2515 5484 13281 2460 6741  797 667 7934 628 540  132 277 1126 135 253  35 75 469 12 42  
5213 5636 27818 7196 8178  3549 5114 17240 4944 7544  2669 3524 13866 4109 5493  1884 2116 10773 3315 3571  1231 1708 6688 1488 2285  
13319 14517 69651 21808 24107  3636 5752 20973 4451 7534  774 1537 5008 1195 2154  218 902 1118 386 1428  45 127 390 152 258  
14224 19996 66386 22098 31698  3014 2651 21040 4163 3462  589 231 6629 1581 508  158 62 2566 143 61  20 11 465 52 19  
4465 3669 25735 5485 4647  3681 3947 19978 5112 5571  2693 3841 13538 3430 5219  2083 3076 10562 3435 4933  1487 2244 7707 2839 3934  
1637 1679 8955 1983 2188  1535 1907 7869 1910 2602  1256 1068 7210 1927 1665  1162 1078 6599 1528 1443  1063 998 6040 1519 1429  
10661 15123 49093 17390 24710  4068 4757 22394 6784 7471  2084 2009 14513 2558 2437  797 596 7322 878 642  272 297 2578 275 293  
13572 17272 68088 17038 23854  2991 4142 16723 4844 7052  1118 957 9516 4594 3057  239 384 1899 762 935  67 134 736 519 521  
11213 10138 62939 15301 14406  4501 6916 22797 7784 10959  1363 2447 7241 2327 3470  534 1545 2580 1775 3449  254 1038 1118 562 1848  
5141 6367 25733 7975 10096  3485 3714 18946 5834 6236  2554 2607 14759 3416 3597  1751 2843 8400 2971 4663  1445 2038 7948 1796 2704  
4879 6836 23107 6778 10128  3561 4788 17612 5313 7381  2795 3081 15734 4010 4571  1965 2336 10992 3239 3782  1402 1558 8375 2191 2399  
7515 11219 33850 11244 17398  5083 5307 29258 6825 7520  2433 3071 13635 3401 4506  1420 1605 8878 2985 3005  668 864 4160 1430 1611  
4667 6650 22039 5575 9076  2911 4482 12737 5198 7721  2841 3505 15005 4012 5214  2166 2420 12349 3308 3752  1376 1709 7543 2522 2949  
2854 4235 12712 4784 7021  2588 3071 13153 4532 5296  2182 2364 11790 3681 3993  1889 2106 10409 2944 3331  1521 1760 8410 2377 2775  
8170 7663 45235 12018 11678  4491 5470 24220 5907 7353  2560 4660 12273 4620 7841  1351 2197 7350 2376 3533  644 1048 3740 1466 1966  
12851 17641 60775 20168 28146  3755 4134 23312 5593 5954  989 822 8292 1789 1259  306 223 3501 406 260  68 80 850 95 92  
10045 12881 49308 15875 20670  4492 5939 24383 6059 8395  1914 1791 12971 3449 3030  828 927 5755 1467 1505  359 633 2272 724 1102  
1626 2270 7715 2353 3442  1455 1776 7528 1597 2246  1402 1464 7633 2256 2380  1254 1631 6407 1598 2268  1189 1348 6446 1794 2070  
5023 5598 26083 8196 9256  3614 5141 17735 4867 7396  2536 2446 14914 3418 3382  1953 2822 10126 2822 4190  1301 1788 6974 2560 3231  
6736 6712 36685 9902 10228  4258 5759 21505 7008 9374  2618 3837 13677 3192 5096  1499 2081 8109 3131 3925  1074 1711 5918 1378 2332  
10787 9070 61245 15876 13831  4088 4974 22114 5619 6364  1888 4553 8314 4489 8735  787 2211 3671 1056 2889  249 815 1182 594 1450  
10000 10988 53352 11912 14325  4649 6451 24157 7772 10400  1879 2373 11207 4347 4576  841 1522 4723 1820 2711  343 818 1861 786 1508  
13713 20213 62272 20599 31409  3488 2410 25002 4767 3412  611 291 6161 2008 828  156 36 2428 363 75  35 4 1008 276 26  
11602 15006 57825 13942 20230  4103 4832 23394 6487 7818  1383 2153 7911 4228 5235  607 615 4725 1674 1362  214 201 2232 1037 605  
15379 18421 77893 24343 29655  1951 3606 12229 3111 5323  584 673 6140 432 493  75 160 822 162 187  11 77 93 16 86  
15189 15185 82663 22236 23051  2471 6611 11916 4562 10280  314 985 2159 925 1895  34 132 401 197 327  2 26 112 104 113  
5664 5401 30173 10603 10261  4238 5885 20787 6782 9500  2772 4079 13980 4077 6125  1811 2111 10618 2559 3101  1145 1631 6465 1580 2330  
13396 15101 69209 21910 24998  3413 4932 20296 4715 6994  887 1741 5866 990 2085  227 888 1220 339 1302  63 194 512 85 239  
9987 13332 48207 15202 20858  4247 5157 23921 4714 6536  2083 2624 12200 4248 4859  980 880 7375 2018 1585  349 401 2694 1118 943  
14076 15833 71820 24828 27839  2846 3563 19177 2559 4169  768 2912 3463 536 3319  203 394 1590 136 312  65 136 690 13 74  
4473 6302 20577 7565 10538  3907 4771 20565 5122 6702  2822 3190 15790 3971 4647  1641 2400 8094 2963 4091  1500 1584 9162 2285 2387  
9712 13552 45797 14421 20890  4778 5235 27787 6459 7442  2006 2351 12365 3280 3738  763 1014 4778 1302 1701  435 395 3716 1419 964  
8665 9418 45844 13010 14597  4277 5128 23103 7238 8519  1977 3044 10067 3784 5447  1400 2201 7848 1977 3153  783 1562 4321 850 1904  
10424 11240 55652 14379 16305  4376 5677 23768 7029 8801  1728 3367 8567 3724 6222  762 1378 4339 930 1789  379 643 2480 1182 1444  
3060 2639 17445 3798 3410  2730 3108 14256 4695 5309  2363 2860 12487 3410 4235  1822 2222 9646 3095 3708  1558 2272 7923 2328 3441  
3087 4551 14158 4297 6770  2564 3122 13373 2694 3867  2160 2831 10942 2638 3905  1782 2443 8816 3081 4141  1586 1915 8614 2393 2964  
9360 13410 44005 11437 18531  4395 5620 22617 8020 10056  2402 2311 15427 4340 4035  834 914 5304 1915 1812  503 411 4008 1082 761  
9815 10376 51751 16301 17478  4558 5451 25790 5945 7417  2020 3135 11187 2804 4288  771 1671 3927 1777 3222  445 930 2578 583 1191  
8613 7792 46821 15634 14516  4219 5401 21592 7069 9383  2519 3075 15258 2408 3341  1453 3079 7437 1664 3941  637 1932 2969 750 2592  
15467 19947 76855 20774 28773  2040 2302 14766 3839 4262  407 634 3606 2293 2266  79 59 1294 636 304  13 10 536 434 130  
3396 3446 18479 4784 5065  2739 2983 14839 3616 4136  2163 2400 11802 2807 3239  1867 2292 9932 2932 3574  1524 2211 7721 2438 3506  
16829 17498 89883 26424 28154  1024 3931 6808 1400 5106  147 1461 455 225 2460  9 34 97 30 21  6 30 38 1 12  
1660 1974 8623 1940 2576  1531 1575 8383 2090 2245  1317 1919 6196 1976 2979  1231 1196 6901 1924 1894  1161 1345 6258 1544 1883  
7017 8494 35899 9539 12289  3914 3762 22572 5341 5218  2539 3221 13617 5140 6001  1715 2832 8769 2441 4137  1086 1519 6229 1983 2540  
15422 18871 75859 27334 32985  2331 3853 16912 706 2699  208 166 3290 42 58  37 61 601 0 15  10 5 540 0 0  
6123 8758 28881 7053 11730  4211 5286 21736 5416 7570  2891 3486 15741 5380 6237  1819 2083 10673 3253 3598  1095 1312 6582 2160 2400  
6493 8709 31772 7747 11762  4390 5515 22795 6686 8641  2603 2533 15644 3847 3737  1745 2007 10288 3426 3585  1056 1571 5870 1963 2701  
11887 12013 64552 17143 18014  3774 4967 20736 6854 8287  1515 3466 7447 2767 5720  490 1115 2805 821 1691  231 921 1113 287 1261  
4634 6588 21416 7369 10590  3896 4293 21222 5805 6565  2661 3412 13964 4177 5358  1813 2562 9359 2687 3860  1447 1672 8608 1946 2332  
9854 11029 49422 18943 20821  4463 4959 25502 6022 7420  2324 3893 13433 2124 4444  916 1861 5889 629 1775  269 734 1653 243 841  
12270 17905 56009 18682 28045  3945 4002 24028 5360 5645  1167 823 9013 2397 1584  456 137 5735 1293 332  104 59 1243 237 115  
8403 9773 42922 13693 16099  3926 6438 18241 5540 9494  2532 2886 14724 4310 4739  1438 1854 8848 1609 2301  831 867 5911 1248 1263  
7028 7939 36911 9766 11610  4215 5346 21951 6975 8733  2392 2534 14048 3151 3357  1484 1636 8708 2785 2822  1005 1427 5610 1969 2515  
11892 15123 59674 14978 20929  3878 3555 24513 7286 6220  1528 2657 8507 3714 5232  428 668 2894 1034 1180  174 595 903 416 1113  
3204 4218 15412 5283 6963  2742 3462 13831 4330 5524  2014 2455 10301 3582 4258  1734 1636 10080 2753 2657  1592 2109 8566 1957 2809  
3319 3978 16731 5476 6602  2744 3181 14347 4400 5156  2136 2076 12111 3221 3211  1794 2454 9089 2888 3932  1551 1910 8546 2126 2712  
1672 1651 9192 2324 2395  1524 1616 8174 2402 2593  1398 1856 6924 2174 2931  1221 1354 6516 2041 2266  1117 1470 5770 1314 1926  
3104 4464 14325 4773 7029  2533 3359 12691 2708 4270  2195 2961 10823 3533 4786  1927 2165 10731 2559 3052  1493 1545 8569 2830 2795  
12638 15821 64074 13477 19751  3527 4939 18395 5778 8593  1450 1438 11145 6029 4571  311 551 2651 2030 2042  59 160 613 507 619  
2509 2274 13305 5136 4760  2925 3198 15748 4219 4800  2408 2965 12643 3546 4490  1745 2237 8978 2978 3775  1477 1540 8500 2071 2219  
6088 5726 33052 10514 10111  4597 5884 23945 6598 8754  2499 2604 14587 3282 3467  1468 2349 7278 2964 4389  1295 2229 6958 1560 2860  
3414 4451 16788 5002 6791  2804 3388 14654 3661 4757  2113 2368 11294 3809 4173  1648 2512 7912 2183 3615  1518 1908 8213 2037 2717  
1595 2149 7807 1844 2854  1603 1833 8441 2303 2744  1441 1727 7534 2040 2555  1105 1665 5075 1794 2706  1166 1335 6326 1545 1874  
8567 9340 45732 10990 12837  4309 5342 23097 5725 7344  2364 3763 11950 3850 6011  1086 992 7033 2360 1698  738 1543 3636 1461 2770  
12013 12461 64701 17421 18781  3338 5213 16980 7270 10009  1711 3243 9632 1552 3524  607 1412 3294 1060 2322  214 410 1473 493 765  
9397 13658 43600 12531 19821  4910 5321 28066 7321 8270  2174 2027 14538 4372 3755  824 1010 5427 1402 1647  388 523 2729 1001 1092  
5235 5772 27772 7189 8353  3446 5095 16358 5249 7944  2720 3270 14821 3914 4836  1900 2370 10424 3335 3986  1189 1184 7194 2340 2194  
10335 12888 50023 18915 23025  4932 6725 27064 5910 8684  1634 1419 12234 2059 1849  671 912 4831 778 1100  263 691 1588 240 757  
13155 17269 63688 20967 27859  3573 3402 24331 5410 4976  960 1394 7048 1084 1590  228 657 1395 458 1033  53 115 523 120 170  
3448 4042 17687 5378 6436  2799 3090 15040 4170 4733  2186 2795 11430 2612 3687  1805 2030 9925 2960 3301  1482 1744 8208 2294 2687  
15636 18418 81061 20226 25696  1913 3708 11765 6661 8762  407 638 3738 985 984  50 168 536 153 264  2 16 140 45 39  
12309 16273 60763 12876 20371  4396 4174 27698 10176 8934  978 1481 6438 2966 3284  252 771 1647 1498 2379  55 202 448 346 582  
17578 21281 89470 25505 32196  425 1635 6502 2073 3298  14 45 835 334 246  0 0 400 167 17  0 0 52 1 0  
15380 16750 82123 19566 22879  2224 5088 11858 7270 10923  346 994 2286 801 1584  51 110 583 245 291  11 10 289 117 53  
13190 14570 66997 24576 26861  3793 6614 21161 3048 7570  841 1224 7366 387 921  101 278 877 55 257  59 160 679 5 84  
6092 8206 28705 10469 13908  4463 5649 23240 6471 8428  2881 3428 16430 3699 4667  1521 2221 7981 2341 3397  1119 1318 6867 1859 2082  
1601 2226 7578 2473 3511  1530 2040 7514 2142 3024  1371 1503 7314 2284 2510  1132 1333 5818 2068 2375  916 1440 4048 1535 2361  
9919 11687 50231 16497 19537  3964 5966 19643 6384 9446  2279 2418 14842 2969 3231  995 1242 6751 1250 1586  490 920 3162 528 1063  
16061 15423 87484 25950 25564  1545 5893 6885 2093 8959  378 1309 2861 34 840  19 167 51 2 152  6 115 6 1 175  
1339 1234 7163 2607 2450  1568 2023 7802 2403 3170  1316 1516 6803 2265 2605  1174 1037 6787 1690 1541  1158 1354 6136 1850 2185  
6700 8548 32972 10622 13747  4127 3997 23753 6293 6210  2668 3474 14366 4348 5567  1426 1643 8246 2574 2881  1102 1864 5847 1639 2770  
12634 16549 62652 13827 21189  3515 5049 18126 8337 11076  1361 1079 10271 3773 2631  319 201 3032 782 478  141 60 2161 934 279  
15855 22419 73915 24134 35093  1866 488 18132 2151 475  281 51 4220 1448 175  12 1 699 302 15  0 0 156 33 0  
3261 3835 16506 5509 6485  2843 3522 14773 3655 4885  2168 2582 11368 3709 4361  1687 2461 8200 2728 3948  1522 1727 8675 1906 2295  
7989 7812 43182 13194 13186  4648 5562 25530 5839 7354  2502 3583 13474 3547 5034  1305 2093 7062 2142 3156  747 1656 3745 1321 2646  
14411 18051 73034 15777 22885  2931 2805 19952 8099 6423  542 1275 3365 2556 3220  99 739 508 988 2672  19 58 335 466 347  
4857 4831 26188 7935 8062  3599 4474 18433 5923 7369  2546 3898 12313 3866 5995  1849 2087 10461 2992 3373  1449 1753 8424 1986 2464  
11850 14406 60760 14399 19366  3849 5917 19512 7026 10410  1327 1655 8036 2338 2995  527 591 3579 1220 1367  276 240 2571 1213 816  
13647 14442 72630 21034 22870  3178 6680 15685 4860 10043  894 1283 6403 1194 1677  197 339 1626 779 826  62 107 660 153 184  
14675 16082 78395 16698 20285  2676 5438 12955 6118 9937  560 869 5039 3913 3181  89 445 722 1041 1753  6 84 120 190 360  
12324 18058 57002 15597 25505  4410 3280 30163 8021 6196  959 1218 6642 2526 2669  223 278 1961 829 761  73 84 1115 827 442  
15459 18174 78973 24324 29148  2084 3677 13898 3299 5410  414 897 3732 349 898  32 116 404 98 205  15 81 200 5 75  
3427 3818 18194 4361 5225  2847 3534 14590 4275 5446  1963 2897 9449 2245 3876  1810 2508 9073 2848 3993  1546 1815 8556 2378 2808  
11613 12732 62009 13706 16481  4204 5259 23341 8319 9186  1355 3312 6222 2633 5767  535 817 3592 1693 1804  183 368 1380 1069 1139  
12223 15129 61533 17935 23082  3612 3572 22788 6372 5985  1396 2525 7828 2575 4209  482 839 3235 766 1229  169 499 1014 293 782  
17069 21654 85689 21727 30158  867 1285 8811 4848 5127  72 20 1819 1125 453  10 0 706 335 18  0 0 204 37 0  
10241 13296 48620 18631 23536  5266 5670 32274 5995 6956  1424 1790 9143 2324 2743  730 1327 4798 701 1442  199 425 1389 289 582  
10875 15680 50919 13366 21754  4663 4577 27965 9913 9254  1392 1815 8374 2671 3253  696 613 5633 1179 975  244 188 2387 524 342  
1491 2101 7135 1581 2685  1586 1728 8529 2167 2485  1388 1882 6819 2001 2843  1269 1572 6606 1647 2204  1053 1457 5226 1269 1996  
8096 7428 43301 15655 14666  5538 7489 29218 7173 10572  2281 3425 12649 3025 4874  1094 1882 6443 1219 2352  524 1494 2611 564 1909  
2893 3920 13461 5204 6850  2742 3619 13535 4207 5654  2029 2291 10663 3637 4036  1770 1705 10192 2834 2793  1432 1929 7311 2330 3101  
5928 8973 26473 8783 13842  4561 5457 24157 6761 8328  2213 3162 10653 3816 5243  1939 2030 11938 2446 2759  1212 1238 7726 2337 2176  
