# NumberOfHospitals NumberOfScenarios TimeHorizon
5 100 5
# DemandeScenario_0_Hospital_0_Period_0 DemandeScenario_0_Hospital_1_Period_0 ... DemandeScenario_0_Hospital_0_Period_1 DemandeScenario_0_Hospital_1_Period_1 ...
# DemandeScenario_1_Hospital_0_Period_0 DemandeScenario_1_Hospital_1_Period_0 ... DemandeScenario_1_Hospital_0_Period_1 DemandeScenario_1_Hospital_1_Period_1 ...
# ...
# ...
# ...
9660 12467 46882 16059 20710  4300 3839 26515 6510 5939  2122 3832 10752 2909 5390  1094 1641 6834 1242 1997  471 653 3349 606 847  
11574 11669 63354 14462 15556  4232 5905 22435 7779 9652  1202 1706 6847 2532 2613  627 1917 2944 2219 4383  214 683 1058 530 1158  
4598 6654 21522 5478 9087  3803 4693 19546 6175 7655  2709 3236 14712 3658 4661  1773 2363 9309 2337 3429  1483 1610 8837 2945 2951  
14507 13222 81171 20186 19140  2930 7872 12551 6802 13926  504 1598 2867 773 2112  58 180 584 230 361  5 63 82 54 146  
13598 17994 66397 19346 26962  3214 3936 19561 5442 6542  842 613 7632 2606 1539  261 220 2763 449 359  66 141 589 112 222  
5986 8211 27885 10334 13941  4465 5823 23053 5852 8168  2709 2779 15879 4667 4682  1578 1566 9684 2773 2700  1247 1592 7569 1692 2211  
8277 10573 40579 13351 17213  4021 5477 20144 6802 9002  2658 2499 17219 3425 3326  1232 1335 7772 2130 2203  864 1355 5234 1120 1787  
11614 12318 62677 13987 16084  4234 6988 20882 7379 11439  1356 2358 7393 2925 4456  520 621 4037 1965 1583  174 433 1121 745 1173  
9917 12375 49066 16245 20385  4520 6143 24508 5391 8047  2031 2435 12574 2864 3522  880 1003 6105 1609 1662  358 528 2528 1134 1211  
13613 17366 67209 20942 27364  2993 3689 18486 5555 6215  1062 1498 7864 1022 1604  242 288 2383 250 330  68 80 811 132 134  
11469 10885 63659 15375 15282  4300 6607 21990 6757 9731  1406 2591 7435 2958 4283  568 1780 2678 1681 3632  175 641 917 630 1410  
12005 12607 64722 16126 17882  3877 6160 19957 5587 8798  1331 2265 7701 4389 5426  490 835 3160 1139 1511  196 577 1118 544 1154  
8760 10829 44329 12255 15988  4211 4522 24103 5420 6069  2069 3701 9679 4077 6670  1225 1782 6722 1665 2608  807 740 5861 2034 1524  
11076 9912 62443 14506 13544  4507 6822 22803 7228 10105  1637 3759 7765 3485 6498  503 1356 2712 1937 3271  180 597 1012 592 1264  
2792 2514 15124 5202 4810  2892 3766 14494 4339 5807  1946 1920 10650 3468 3483  1982 2734 10130 2832 4044  1483 1571 8457 2197 2384  
16230 16195 89206 19530 20904  1496 3946 6839 5559 6985  276 2488 863 1851 5758  14 281 347 1065 1841  0 36 20 43 173  
1518 2116 7060 2541 3516  1538 1808 7899 2483 2951  1420 1807 7189 2124 2780  1263 1434 6716 2031 2328  1171 1485 6124 1512 2066  
14715 15241 80014 17425 19565  2903 6220 14278 8200 12228  308 1191 1704 1053 2474  75 267 912 1016 1221  6 25 278 251 161  
9637 8900 53328 14848 14157  4835 7266 24766 6345 9948  2013 3836 10021 3819 6616  856 1444 5038 1315 2082  314 665 1857 1027 1536  
4915 4662 27106 7355 7213  3694 5186 18073 5791 8203  2678 3737 13767 3512 5232  1853 2162 10364 3296 3700  1240 1226 7521 2003 1923  
13535 17379 67592 17015 24052  3317 4409 19193 7226 8814  836 869 6452 1934 1815  215 226 2161 1258 846  80 36 1371 379 102  
13652 20741 59320 23410 34842  4063 2054 31987 4426 897  294 151 5395 219 16  6 11 469 27 1  0 1 65 1 0  
1726 1831 9272 2443 2706  1383 1690 6881 2501 2995  1339 1512 7020 2263 2557  1119 1404 5585 2025 2476  1074 1448 5506 1100 1762  
13204 18201 63137 18300 26898  3604 3466 23630 5557 5572  818 1026 5732 2444 2474  270 197 2914 1277 639  72 48 986 320 135  
16169 18266 85467 17903 22772  1741 4267 9333 7294 10275  99 421 1766 2252 2554  6 4 486 452 137  0 0 90 65 10  
14363 19853 66001 25663 34484  2815 2941 18949 1877 1246  720 163 8974 394 25  96 0 2306 136 0  17 0 929 5 0  
1641 2265 7897 2195 3274  1523 1899 7644 2465 3095  1442 1635 7721 1996 2372  1279 1426 6947 1694 1996  1135 1232 6187 1869 2027  
7026 8348 36227 9519 12035  3885 3938 22097 4947 5182  2426 3141 12810 5347 6237  1652 2068 9320 3111 3630  1044 1966 5165 1935 3360  
4927 6158 24341 8128 10195  3180 2965 17778 5597 5312  2490 2694 13717 4104 4506  2093 3049 11124 2273 3747  1492 2370 7691 2085 3429  
8818 12104 40877 15494 20798  4408 4150 25969 7254 6880  2723 3931 15807 2751 4536  1058 1355 6788 1513 1938  539 800 3714 585 939  
9539 12802 46704 10852 16832  4583 4853 26225 6533 7260  2190 2937 12350 4618 5632  951 1056 6536 2661 2319  437 689 3027 1786 1868  
7928 11039 37190 12458 17621  4684 5749 25034 7073 8790  2636 2730 16415 3887 4029  1166 1351 7270 2283 2381  698 781 4832 1160 1214  
15075 16344 79095 24421 26920  2571 5581 15073 2690 6809  311 753 2517 569 1212  47 187 488 266 477  2 50 94 114 218  
8145 12439 35261 13960 20886  5374 6189 29658 7353 8690  2016 2327 11540 3368 3602  1366 1126 10276 1898 1499  565 516 4534 686 615  
16483 19429 83381 27510 32566  1302 3080 10455 551 3005  227 422 3190 17 162  2 24 166 3 22  0 1 83 0 0  
12895 12391 70302 20694 20412  3748 7362 18375 5747 11279  806 1726 4613 1271 2645  377 922 2542 289 961  126 355 998 59 300  
16070 16265 85829 26844 27639  1649 5537 8859 1218 7251  219 919 1594 23 781  62 190 756 0 72  12 33 224 0 8  
15660 17797 82272 20524 24965  1878 4456 10298 5974 9567  380 580 3320 1321 1075  80 84 1143 223 109  10 26 183 28 31  
9520 11461 47391 16490 19726  4472 6807 22542 5742 9352  2257 2146 15162 3280 3134  895 1055 6005 1496 1669  478 868 3027 561 1089  
1641 1733 8889 1945 2234  1414 1286 8009 1811 1705  1336 1318 7334 2184 2175  1229 1451 6525 1456 1873  1117 1232 6097 1443 1658  
5194 6340 26229 7936 9946  3604 3750 19936 5541 5873  2141 3682 9466 3347 5792  2041 2459 11531 2674 3387  1211 1427 6831 2506 2709  
13790 16404 70180 21510 26133  2855 4834 15630 4753 7573  949 1361 6746 991 1482  290 276 2764 572 448  90 44 1454 147 54  
15570 20624 76773 16708 26191  1928 2284 12530 8339 9181  520 48 7309 2656 343  1 1 389 191 28  0 0 167 101 8  
16873 22570 82149 23098 33038  1117 330 13770 3859 2081  28 49 1231 1101 584  0 9 99 21 53  0 0 19 1 0  
5612 8752 24345 8732 13881  4667 5259 25226 7338 8325  2222 3276 10512 3636 5210  1948 1992 11862 3224 3180  1290 1443 8178 1539 1850  
12124 14253 62925 15535 19755  3913 4968 22243 8381 9417  1232 2435 6674 1796 3607  482 898 3051 1323 1949  172 219 1581 641 544  
13257 15563 69035 15331 20135  3583 4300 21421 8639 8616  793 1367 4913 2402 2730  287 1226 1391 1272 3045  59 290 388 315 712  
15857 19064 81153 22359 28263  1672 2025 13174 3748 3420  409 1655 2079 1267 3278  65 177 683 584 668  5 27 133 66 79  
1606 2263 7559 2363 3470  1338 1841 6529 1352 2290  1324 1867 6321 1955 2870  1209 1615 5933 2019 2669  1196 1248 6648 1902 1999  
3351 4524 16253 4577 6616  2622 3334 13049 4478 5622  2335 2574 12886 3219 3709  1794 2239 9429 3047 3726  1425 1952 7320 2335 3147  
9856 13094 48426 11947 17819  4384 5485 23545 6305 8448  2095 2456 12523 4141 4628  979 1082 6853 2980 2630  389 466 2922 1149 1084  
16401 17705 88038 19024 22567  1578 4532 8442 7751 10705  37 615 341 501 1590  1 102 353 665 837  0 2 67 76 35  
7017 8583 35567 10166 12976  4301 5240 22946 6446 8005  2433 3525 12459 4111 5780  1499 2140 8176 1916 2967  1050 1236 6501 2072 2205  
9773 11416 49512 16544 19357  4607 5109 27134 5548 6540  2088 3528 11110 3373 5436  838 1432 4918 1535 2340  395 712 2558 600 1007  
17089 17578 92582 23673 25512  740 3184 4131 3212 5281  138 1396 508 1089 3276  33 439 57 78 801  13 321 8 22 738  
1699 2083 8693 2100 2836  1407 1860 7018 1536 2380  1422 1769 7244 2287 2863  1230 1239 6794 2066 2085  1146 1283 6172 1924 2139  
11485 15491 55943 14218 21381  4156 4100 25409 6310 6401  1591 1803 10581 4519 4051  520 833 3536 1801 1972  171 492 1048 670 1214  
7027 7900 36871 10129 11873  4278 5213 22759 6573 8079  2207 3700 10364 3909 6237  1603 2144 9101 1837 2720  1075 1503 6135 2088 2635  
12394 11032 68841 19999 18378  4339 8102 21608 5728 11179  826 1631 4822 1434 2406  347 1502 1526 598 2349  77 454 358 196 839  
1688 2036 8709 2049 2730  1540 1968 7783 2002 2778  1354 1735 6885 1665 2365  1295 1610 6696 1846 2402  1158 1323 6196 1953 2208  
4657 6345 21925 7757 10525  3800 3988 21003 5754 6186  2189 2353 11886 4178 4396  1770 2863 8433 2660 4324  1348 1922 6986 2135 2982  
7377 10132 35705 7351 12491  4859 6173 25059 7470 9933  2437 3286 12694 4628 6092  1515 1658 9373 3604 3487  873 687 6713 1982 1364  
11862 12706 63730 14952 17197  3403 6167 15818 4078 8516  1845 2747 10647 5186 6299  562 621 4307 1742 1404  207 430 1413 839 1132  
9623 13188 45541 15185 21112  4929 5301 28969 6952 7655  1874 1881 12368 3336 3112  910 1281 5905 1257 1724  376 703 2365 559 990  
10663 12874 52613 19154 22770  4789 6970 26145 5129 8477  1696 1673 12179 2413 2403  501 588 3802 875 935  233 451 1678 301 582  
5059 6343 25098 8024 10213  3775 4199 20601 5302 6135  2117 2310 11421 4236 4461  1761 2402 9109 3068 4057  1479 2229 7938 1693 2839  
12206 11861 64053 23806 23323  3469 5123 18337 3475 7459  1727 4657 9367 686 4248  362 667 3181 92 434  192 478 1848 16 212  
10496 12386 54323 13919 17581  4350 5911 23112 7865 10116  1710 2624 9544 2462 3873  776 1031 4997 1343 1690  365 433 2743 945 863  
13985 17095 70739 20723 26252  3142 4393 19331 5121 6772  655 1006 4959 1150 1543  168 352 1365 571 789  40 47 665 350 182  
4489 3645 25885 5768 4824  3947 5210 19862 6194 8218  2675 3494 14057 3433 4738  1982 2791 10323 2941 4173  1378 1729 7688 2560 2962  
2961 4418 13294 4619 7017  2526 3163 12501 4470 5466  2416 2939 12779 3354 4284  1952 2361 10593 2660 3381  1500 1872 8031 2443 3010  
14154 20519 65641 19277 30130  3253 1929 24708 7685 4725  531 401 5675 946 718  66 82 1022 142 142  5 17 188 19 30  
5154 5366 27731 7478 8093  3594 4180 18946 5947 6901  2490 2792 13679 4097 4572  1935 3088 9633 2772 4557  1236 1479 7003 2209 2543  
16439 17328 86857 27092 29006  1455 4905 9253 944 5902  73 436 759 48 593  39 252 288 0 241  5 20 65 0 10  
13326 13197 72410 20394 20814  3160 4870 17203 5628 7995  1006 3126 4616 1615 4964  377 1072 2313 231 952  80 371 420 162 650  
15251 15666 82036 23216 24575  2262 5215 12225 4204 8307  362 1160 2357 521 1595  72 491 342 120 850  51 346 258 13 341  
15781 22808 73267 21757 33715  2149 151 20781 5375 1889  73 1 2030 623 140  13 0 797 177 9  0 0 273 94 2  
6073 9086 27545 8412 13494  4666 5101 25824 6781 7683  2202 3219 10622 4183 5687  1950 2029 11988 3271 3279  1005 1256 5822 1953 2191  
4703 6725 22133 5814 9350  3632 4685 18432 4794 6744  2745 3134 15128 3904 4665  1893 2484 9978 3458 4343  1348 1692 7473 2738 3137  
10468 14980 47824 17315 24682  4681 5537 26665 5648 7134  1887 1578 13710 3385 2629  658 534 5779 1142 823  200 210 1886 383 328  
11863 13811 61925 14401 18426  4090 5526 22411 9229 10861  1294 2519 6928 2454 4313  524 692 3893 1206 1283  161 246 1378 505 520  
3453 3678 18536 4730 5300  2787 3159 14890 3769 4486  2013 1851 11546 2824 2603  1793 2795 8541 2916 4518  1383 2109 6828 1681 2884  
6747 7624 35629 8163 10099  4010 6089 18964 6106 9552  2827 3149 16174 4791 5169  1647 2361 8824 3213 4223  1082 1346 6534 2115 2371  
1686 1720 9123 2556 2686  1279 964 7549 1618 1223  1452 1851 7431 1962 2650  1158 1616 5534 2079 2808  1210 1492 6361 1747 2220  
6025 5297 33401 10120 9186  4149 4427 22608 6492 7079  2873 3740 15454 3957 5294  1806 3163 8901 2937 5043  995 1728 5057 1776 2950  
6524 8020 33348 7364 10314  4257 5405 22054 5794 7856  2765 3492 14938 4598 5728  1693 1930 9989 3159 3326  1071 1367 6381 2405 2631  
14345 20106 67191 22009 31624  2965 2275 21897 5258 3555  568 498 5702 652 513  112 63 1940 94 46  15 7 448 43 11  
14931 15148 78566 27062 27643  2248 5154 12253 947 6333  522 1604 3703 66 1291  246 921 1746 6 469  53 118 715 0 18  
13890 11746 78674 20723 18157  3594 9165 15495 6019 13955  428 1326 2605 1039 2252  81 496 429 229 902  12 170 62 57 388  
9896 11401 50540 16523 19148  4055 5301 21490 6782 8755  2134 2757 12806 2783 3796  967 1730 5542 1158 2241  557 996 3819 415 943  
10530 10665 55522 18943 19340  4850 6280 27530 5523 7966  1771 3930 8967 2323 5431  580 1346 3361 815 1892  185 458 1227 297 676  
1608 1472 9019 2227 2120  1488 1679 7936 1731 2144  1391 1455 7567 2134 2268  1288 1750 6376 2000 2760  1164 1572 5892 1598 2280  
4887 6762 23159 7280 10445  3293 3531 17567 6101 6413  2634 3684 13489 3095 4875  2075 2434 11678 3291 3848  1365 1886 7425 1684 2567  
7044 8323 36369 9696 12126  4214 5567 21572 6694 8865  2282 3149 12083 2515 4042  1519 1331 9723 3165 2547  1072 1250 6537 1856 1989  
9175 7592 52305 13363 11457  4500 5733 23375 8131 9900  2441 5173 11370 3789 7955  918 1545 5168 1507 2408  567 1593 2837 620 1987  
8478 9913 43309 13633 16160  4348 6065 22712 4954 7803  2258 2071 14228 3953 3464  1238 2429 5998 2064 3957  806 1008 5220 1446 1641  
6882 8174 35611 8674 11213  4200 5299 21998 5716 7623  2560 3539 13363 3865 5477  1625 1944 9411 2744 3145  1001 1541 5408 2020 2847  
4505 3603 25912 6417 5308  3793 4310 20283 5310 6197  2637 3206 14133 3482 4324  1851 2424 9700 3674 4479  1423 2115 7465 1888 2848  
14522 16427 74381 24840 28164  2515 5484 13281 2460 6741  797 667 7934 628 540  132 277 1126 135 253  35 75 469 12 42  
5213 5636 27818 7196 8178  3549 5114 17240 4944 7544  2669 3524 13866 4109 5493  1884 2116 10773 3315 3571  1231 1708 6688 1488 2285  
