# NumberOfHospitals NumberOfScenarios TimeHorizon
5 50 5
# DemandeScenario_0_Hospital_0_Period_0 DemandeScenario_0_Hospital_1_Period_0 ... DemandeScenario_0_Hospital_0_Period_1 DemandeScenario_0_Hospital_1_Period_1 ...
# DemandeScenario_1_Hospital_0_Period_0 DemandeScenario_1_Hospital_1_Period_0 ... DemandeScenario_1_Hospital_0_Period_1 DemandeScenario_1_Hospital_1_Period_1 ...
# ...
# ...
# ...
9660 12467 46882 16059 20710  4300 3839 26515 6510 5939  2122 3832 10752 2909 5390  1094 1641 6834 1242 1997  471 653 3349 606 847  
11574 11669 63354 14462 15556  4232 5905 22435 7779 9652  1202 1706 6847 2532 2613  627 1917 2944 2219 4383  214 683 1058 530 1158  
4598 6654 21522 5478 9087  3803 4693 19546 6175 7655  2709 3236 14712 3658 4661  1773 2363 9309 2337 3429  1483 1610 8837 2945 2951  
14507 13222 81171 20186 19140  2930 7872 12551 6802 13926  504 1598 2867 773 2112  58 180 584 230 361  5 63 82 54 146  
13598 17994 66397 19346 26962  3214 3936 19561 5442 6542  842 613 7632 2606 1539  261 220 2763 449 359  66 141 589 112 222  
5986 8211 27885 10334 13941  4465 5823 23053 5852 8168  2709 2779 15879 4667 4682  1578 1566 9684 2773 2700  1247 1592 7569 1692 2211  
8277 10573 40579 13351 17213  4021 5477 20144 6802 9002  2658 2499 17219 3425 3326  1232 1335 7772 2130 2203  864 1355 5234 1120 1787  
11614 12318 62677 13987 16084  4234 6988 20882 7379 11439  1356 2358 7393 2925 4456  520 621 4037 1965 1583  174 433 1121 745 1173  
9917 12375 49066 16245 20385  4520 6143 24508 5391 8047  2031 2435 12574 2864 3522  880 1003 6105 1609 1662  358 528 2528 1134 1211  
13613 17366 67209 20942 27364  2993 3689 18486 5555 6215  1062 1498 7864 1022 1604  242 288 2383 250 330  68 80 811 132 134  
11469 10885 63659 15375 15282  4300 6607 21990 6757 9731  1406 2591 7435 2958 4283  568 1780 2678 1681 3632  175 641 917 630 1410  
12005 12607 64722 16126 17882  3877 6160 19957 5587 8798  1331 2265 7701 4389 5426  490 835 3160 1139 1511  196 577 1118 544 1154  
8760 10829 44329 12255 15988  4211 4522 24103 5420 6069  2069 3701 9679 4077 6670  1225 1782 6722 1665 2608  807 740 5861 2034 1524  
11076 9912 62443 14506 13544  4507 6822 22803 7228 10105  1637 3759 7765 3485 6498  503 1356 2712 1937 3271  180 597 1012 592 1264  
2792 2514 15124 5202 4810  2892 3766 14494 4339 5807  1946 1920 10650 3468 3483  1982 2734 10130 2832 4044  1483 1571 8457 2197 2384  
16230 16195 89206 19530 20904  1496 3946 6839 5559 6985  276 2488 863 1851 5758  14 281 347 1065 1841  0 36 20 43 173  
1518 2116 7060 2541 3516  1538 1808 7899 2483 2951  1420 1807 7189 2124 2780  1263 1434 6716 2031 2328  1171 1485 6124 1512 2066  
14715 15241 80014 17425 19565  2903 6220 14278 8200 12228  308 1191 1704 1053 2474  75 267 912 1016 1221  6 25 278 251 161  
9637 8900 53328 14848 14157  4835 7266 24766 6345 9948  2013 3836 10021 3819 6616  856 1444 5038 1315 2082  314 665 1857 1027 1536  
4915 4662 27106 7355 7213  3694 5186 18073 5791 8203  2678 3737 13767 3512 5232  1853 2162 10364 3296 3700  1240 1226 7521 2003 1923  
13535 17379 67592 17015 24052  3317 4409 19193 7226 8814  836 869 6452 1934 1815  215 226 2161 1258 846  80 36 1371 379 102  
13652 20741 59320 23410 34842  4063 2054 31987 4426 897  294 151 5395 219 16  6 11 469 27 1  0 1 65 1 0  
1726 1831 9272 2443 2706  1383 1690 6881 2501 2995  1339 1512 7020 2263 2557  1119 1404 5585 2025 2476  1074 1448 5506 1100 1762  
13204 18201 63137 18300 26898  3604 3466 23630 5557 5572  818 1026 5732 2444 2474  270 197 2914 1277 639  72 48 986 320 135  
16169 18266 85467 17903 22772  1741 4267 9333 7294 10275  99 421 1766 2252 2554  6 4 486 452 137  0 0 90 65 10  
14363 19853 66001 25663 34484  2815 2941 18949 1877 1246  720 163 8974 394 25  96 0 2306 136 0  17 0 929 5 0  
1641 2265 7897 2195 3274  1523 1899 7644 2465 3095  1442 1635 7721 1996 2372  1279 1426 6947 1694 1996  1135 1232 6187 1869 2027  
7026 8348 36227 9519 12035  3885 3938 22097 4947 5182  2426 3141 12810 5347 6237  1652 2068 9320 3111 3630  1044 1966 5165 1935 3360  
4927 6158 24341 8128 10195  3180 2965 17778 5597 5312  2490 2694 13717 4104 4506  2093 3049 11124 2273 3747  1492 2370 7691 2085 3429  
8818 12104 40877 15494 20798  4408 4150 25969 7254 6880  2723 3931 15807 2751 4536  1058 1355 6788 1513 1938  539 800 3714 585 939  
9539 12802 46704 10852 16832  4583 4853 26225 6533 7260  2190 2937 12350 4618 5632  951 1056 6536 2661 2319  437 689 3027 1786 1868  
7928 11039 37190 12458 17621  4684 5749 25034 7073 8790  2636 2730 16415 3887 4029  1166 1351 7270 2283 2381  698 781 4832 1160 1214  
15075 16344 79095 24421 26920  2571 5581 15073 2690 6809  311 753 2517 569 1212  47 187 488 266 477  2 50 94 114 218  
8145 12439 35261 13960 20886  5374 6189 29658 7353 8690  2016 2327 11540 3368 3602  1366 1126 10276 1898 1499  565 516 4534 686 615  
16483 19429 83381 27510 32566  1302 3080 10455 551 3005  227 422 3190 17 162  2 24 166 3 22  0 1 83 0 0  
12895 12391 70302 20694 20412  3748 7362 18375 5747 11279  806 1726 4613 1271 2645  377 922 2542 289 961  126 355 998 59 300  
16070 16265 85829 26844 27639  1649 5537 8859 1218 7251  219 919 1594 23 781  62 190 756 0 72  12 33 224 0 8  
15660 17797 82272 20524 24965  1878 4456 10298 5974 9567  380 580 3320 1321 1075  80 84 1143 223 109  10 26 183 28 31  
9520 11461 47391 16490 19726  4472 6807 22542 5742 9352  2257 2146 15162 3280 3134  895 1055 6005 1496 1669  478 868 3027 561 1089  
1641 1733 8889 1945 2234  1414 1286 8009 1811 1705  1336 1318 7334 2184 2175  1229 1451 6525 1456 1873  1117 1232 6097 1443 1658  
5194 6340 26229 7936 9946  3604 3750 19936 5541 5873  2141 3682 9466 3347 5792  2041 2459 11531 2674 3387  1211 1427 6831 2506 2709  
13790 16404 70180 21510 26133  2855 4834 15630 4753 7573  949 1361 6746 991 1482  290 276 2764 572 448  90 44 1454 147 54  
15570 20624 76773 16708 26191  1928 2284 12530 8339 9181  520 48 7309 2656 343  1 1 389 191 28  0 0 167 101 8  
16873 22570 82149 23098 33038  1117 330 13770 3859 2081  28 49 1231 1101 584  0 9 99 21 53  0 0 19 1 0  
5612 8752 24345 8732 13881  4667 5259 25226 7338 8325  2222 3276 10512 3636 5210  1948 1992 11862 3224 3180  1290 1443 8178 1539 1850  
12124 14253 62925 15535 19755  3913 4968 22243 8381 9417  1232 2435 6674 1796 3607  482 898 3051 1323 1949  172 219 1581 641 544  
13257 15563 69035 15331 20135  3583 4300 21421 8639 8616  793 1367 4913 2402 2730  287 1226 1391 1272 3045  59 290 388 315 712  
15857 19064 81153 22359 28263  1672 2025 13174 3748 3420  409 1655 2079 1267 3278  65 177 683 584 668  5 27 133 66 79  
1606 2263 7559 2363 3470  1338 1841 6529 1352 2290  1324 1867 6321 1955 2870  1209 1615 5933 2019 2669  1196 1248 6648 1902 1999  
3351 4524 16253 4577 6616  2622 3334 13049 4478 5622  2335 2574 12886 3219 3709  1794 2239 9429 3047 3726  1425 1952 7320 2335 3147  
