# NumberOfHospitals NumberOfScenarios TimeHorizon
5 20 5
# DemandeScenario_0_Hospital_0_Period_0 DemandeScenario_0_Hospital_1_Period_0 ... DemandeScenario_0_Hospital_0_Period_1 DemandeScenario_0_Hospital_1_Period_1 ...
# DemandeScenario_1_Hospital_0_Period_0 DemandeScenario_1_Hospital_1_Period_0 ... DemandeScenario_1_Hospital_0_Period_1 DemandeScenario_1_Hospital_1_Period_1 ...
# ...
# ...
# ...
9660 12467 46882 16059 20710  4300 3839 26515 6510 5939  2122 3832 10752 2909 5390  1094 1641 6834 1242 1997  471 653 3349 606 847  
11574 11669 63354 14462 15556  4232 5905 22435 7779 9652  1202 1706 6847 2532 2613  627 1917 2944 2219 4383  214 683 1058 530 1158  
4598 6654 21522 5478 9087  3803 4693 19546 6175 7655  2709 3236 14712 3658 4661  1773 2363 9309 2337 3429  1483 1610 8837 2945 2951  
14507 13222 81171 20186 19140  2930 7872 12551 6802 13926  504 1598 2867 773 2112  58 180 584 230 361  5 63 82 54 146  
13598 17994 66397 19346 26962  3214 3936 19561 5442 6542  842 613 7632 2606 1539  261 220 2763 449 359  66 141 589 112 222  
5986 8211 27885 10334 13941  4465 5823 23053 5852 8168  2709 2779 15879 4667 4682  1578 1566 9684 2773 2700  1247 1592 7569 1692 2211  
8277 10573 40579 13351 17213  4021 5477 20144 6802 9002  2658 2499 17219 3425 3326  1232 1335 7772 2130 2203  864 1355 5234 1120 1787  
11614 12318 62677 13987 16084  4234 6988 20882 7379 11439  1356 2358 7393 2925 4456  520 621 4037 1965 1583  174 433 1121 745 1173  
9917 12375 49066 16245 20385  4520 6143 24508 5391 8047  2031 2435 12574 2864 3522  880 1003 6105 1609 1662  358 528 2528 1134 1211  
13613 17366 67209 20942 27364  2993 3689 18486 5555 6215  1062 1498 7864 1022 1604  242 288 2383 250 330  68 80 811 132 134  
11469 10885 63659 15375 15282  4300 6607 21990 6757 9731  1406 2591 7435 2958 4283  568 1780 2678 1681 3632  175 641 917 630 1410  
12005 12607 64722 16126 17882  3877 6160 19957 5587 8798  1331 2265 7701 4389 5426  490 835 3160 1139 1511  196 577 1118 544 1154  
8760 10829 44329 12255 15988  4211 4522 24103 5420 6069  2069 3701 9679 4077 6670  1225 1782 6722 1665 2608  807 740 5861 2034 1524  
11076 9912 62443 14506 13544  4507 6822 22803 7228 10105  1637 3759 7765 3485 6498  503 1356 2712 1937 3271  180 597 1012 592 1264  
2792 2514 15124 5202 4810  2892 3766 14494 4339 5807  1946 1920 10650 3468 3483  1982 2734 10130 2832 4044  1483 1571 8457 2197 2384  
16230 16195 89206 19530 20904  1496 3946 6839 5559 6985  276 2488 863 1851 5758  14 281 347 1065 1841  0 36 20 43 173  
1518 2116 7060 2541 3516  1538 1808 7899 2483 2951  1420 1807 7189 2124 2780  1263 1434 6716 2031 2328  1171 1485 6124 1512 2066  
14715 15241 80014 17425 19565  2903 6220 14278 8200 12228  308 1191 1704 1053 2474  75 267 912 1016 1221  6 25 278 251 161  
9637 8900 53328 14848 14157  4835 7266 24766 6345 9948  2013 3836 10021 3819 6616  856 1444 5038 1315 2082  314 665 1857 1027 1536  
4915 4662 27106 7355 7213  3694 5186 18073 5791 8203  2678 3737 13767 3512 5232  1853 2162 10364 3296 3700  1240 1226 7521 2003 1923  
