# NumberOfHospitals NumberOfScenarios TimeHorizon
3 200 3
# DemandeScenario_0_Hospital_0_Period_0 DemandeScenario_0_Hospital_1_Period_0 ... DemandeScenario_0_Hospital_0_Period_1 DemandeScenario_0_Hospital_1_Period_1 ...
# DemandeScenario_1_Hospital_0_Period_0 DemandeScenario_1_Hospital_1_Period_0 ... DemandeScenario_1_Hospital_0_Period_1 DemandeScenario_1_Hospital_1_Period_1 ...
# ...
# ...
# ...
89103 82561 80226  48938 37343 30804  13197 12999 14007  
101605 95615 93000  42972 33884 28647  21940 13691 10245  
96966 81117 68127  39527 37003 38930  22585 15909 13125  
49633 42341 37427  35839 29910 26006  24661 19929 17798  
126921 125892 131387  38045 21569 6025  6647 2097 161  
80298 85021 95484  54509 42401 31303  19658 11996 6699  
47818 37525 28652  36779 30505 26784  26021 20992 18163  
32011 33830 37481  31344 29787 28790  25882 21872 19864  
36472 32766 32560  36403 28891 24261  26404 23031 21557  
94779 76485 65242  39626 34947 34256  24632 21999 20832  
121835 112788 114578  50016 33292 19719  3412 2943 2761  
144239 126384 116410  25683 19253 17726  7624 3994 2607  
16578 14011 12158  12181 11909 12161  13419 10631 8945  
32549 27406 24339  23265 19340 17581  19101 18435 18597  
75713 66422 58308  42288 38228 38585  28343 21241 18075  
48067 39583 32386  36640 30147 26181  21693 20326 20173  
159804 120798 88223  14882 21932 33615  2335 4565 10144  
27270 26446 26748  23180 21348 19845  19138 17856 17647  
46482 39853 34123  35378 30586 27967  27195 21472 18346  
16444 12929 10462  14544 11038 8170  13604 11821 10745  
29942 32817 37191  36367 31309 28516  14452 16137 18010  
32112 27036 22862  25832 22848 21119  22376 17838 15260  
30815 27976 26309  27523 21490 17427  21982 17419 14025  
158513 119641 86655  14081 22199 37200  5162 6628 10256  
116168 106139 97600  38365 31224 30915  16773 9792 7024  
127496 121573 120451  43655 23980 13117  6677 4069 3084  
118846 117362 118988  41263 24670 13823  14117 7102 4210  
104129 96382 87184  50557 39349 38185  16504 9389 7271  
28211 23501 21300  19327 18138 18787  15881 14007 13859  
103955 103471 106065  37084 28308 22389  18319 11647 6813  
124875 118531 121901  44988 28319 14324  3998 2184 1018  
75770 65506 56302  44221 39359 39128  25025 19879 17777  
89899 81719 75501  47367 38497 35382  17721 15456 15389  
42450 39196 36305  37424 31231 28040  22148 20694 20488  
64851 52917 42973  41343 34340 30129  25405 21635 20308  
100674 82376 69506  39181 35113 35694  19468 18185 18852  
32282 26224 22427  27381 22119 18193  19608 17061 16361  
44372 41330 39972  37438 30647 26392  23299 20992 20617  
82321 64203 51079  42250 33829 27095  23555 22536 23912  
32727 28011 24550  23369 21991 21999  20613 17787 15753  
137275 131871 133284  24548 12243 3036  10859 4677 1010  
68581 64605 64960  47633 35905 28758  23459 20139 19018  
37222 37842 39536  36472 31311 28383  19052 18261 18786  
37151 33470 33245  36344 30753 27686  20152 20075 21113  
148840 115677 90409  23020 25400 31525  4624 5825 9730  
57954 50845 43992  34659 32532 32174  32141 23824 19745  
16368 13988 12554  13657 12264 11778  11662 11075 11017  
74163 70334 64850  50571 42367 39992  25978 20253 18818  
101043 90355 80279  47842 38513 36855  15703 12833 13245  
32599 33888 37244  23539 24121 25919  23612 21928 20894  
56652 54026 53485  38788 34387 32609  26752 21240 17175  
71553 72772 77714  52683 42495 34946  26557 19197 14547  
106127 96508 92655  32737 30381 29774  25354 15565 9684  
113502 105879 95940  46492 30224 27082  13709 10928 11929  
88853 82284 78181  48816 38345 33114  22886 16172 13232  
69084 80341 95108  53787 39817 28330  24837 17794 10249  
86497 78708 76772  49498 40556 34231  23418 17337 14510  
87000 81855 79424  47713 36473 29396  24342 18029 15884  
32842 25897 21061  26814 22429 19865  21778 19180 17883  
16280 13327 11479  13728 11479 10359  12769 10391 9065  
59243 54393 52892  33494 32433 32425  28371 22434 19354  
122278 107701 105181  39784 34515 29634  7728 5113 2120  
66786 64836 66302  40275 36545 34419  27860 19704 15283  
115549 95369 82387  41262 33914 30109  14005 12848 13920  
83529 67934 57198  40561 37951 37865  23305 19861 19445  
17548 19946 23457  24547 22011 21086  18116 17049 17018  
93770 82757 77423  34977 33531 34386  23616 15762 11583  
65117 67905 74700  52131 39593 31686  29161 23154 18208  
49703 41280 35846  33706 27877 24917  25306 22183 20086  
27809 26676 26209  25661 22594 20522  17825 17184 17349  
149618 120348 97322  21550 22986 31310  5485 4529 5581  
137224 125529 119092  33155 20921 15733  6892 3065 1830  
99262 91080 89621  35613 30127 27874  15928 13629 11791  
45237 40250 38274  37432 29875 24798  19975 18935 19799  
80567 78804 80148  54240 39676 30720  21813 17514 15551  
131484 107916 92804  28313 25959 27926  11553 10036 10212  
78811 75902 80025  37564 37067 36016  25594 19978 13945  
59768 53131 47352  41822 35032 31232  27730 23322 22272  
51375 59856 71022  36907 35780 34110  37902 25708 17050  
25838 24510 25059  19725 16844 16094  19440 17476 16972  
12576 11622 11748  13050 12320 12211  11721 10669 10457  
44248 40081 36592  34723 30707 28913  26900 22332 20052  
55474 57277 62533  47840 39984 35064  19715 18604 17691  
49315 41982 36577  34996 27311 21522  24735 22444 22625  
106166 98745 99267  51400 39204 29262  12739 8747 6995  
112088 102324 102579  37527 33036 28670  15613 9085 4348  
44162 38320 32803  34999 31306 30211  24718 21843 20738  
49625 40569 33400  35231 30918 28905  21879 20273 19817  
66859 66743 71852  54490 40573 31601  23008 20126 18358  
89457 87724 91166  52347 38612 29508  11779 10670 9815  
67317 65779 66796  47179 38100 33127  24291 19707 17508  
13116 12893 13282  14107 12630 11602  9803 10007 10648  
92749 84108 79307  47440 36481 30037  21023 15142 12553  
111819 109358 116426  49302 29850 15400  8943 6402 3703  
74490 64538 55328  47175 35901 29434  25370 19984 17872  
15032 13358 11931  13422 11533 9858  12976 11363 10295  
30146 27329 25218  25169 22492 21555  20378 17964 17183  
57401 54341 53574  42730 34562 30200  28103 22981 19814  
47917 42370 39143  27078 26701 28034  23104 21188 20474  
110932 92114 83401  34309 30313 30073  18072 17759 17576  
155992 131096 109231  17764 14461 22782  3001 2745 3693  
39364 42569 48295  37024 32614 30827  31192 26469 22706  
123341 110483 96827  42847 28913 27782  9248 8067 10002  
93268 82605 80068  29459 31352 34277  35282 21997 12749  
21250 21399 23319  16213 17191 19206  23486 19205 16698  
112476 104298 103445  43419 31932 24617  11647 9055 7136  
131731 101690 78570  34566 35715 41696  9196 9490 12393  
92649 89346 86348  46976 35810 30343  23053 15643 13241  
49904 39848 32775  34635 28738 24090  22796 20291 20409  
81516 88094 99120  59119 44171 29831  18351 10768 6089  
111947 89402 74924  39663 36732 37718  18024 15665 14703  
112442 96267 83445  39566 35019 36687  14030 11175 10677  
13687 11956 11411  13323 11926 11492  11850 10617 10287  
53573 50757 51461  33567 32292 32500  30101 24627 20858  
93612 83418 76032  40162 33620 30514  20863 17592 17746  
14515 13504 13288  11240 11386 11875  11216 9813 9434  
60531 55634 53228  43956 34276 27646  21468 19452 18593  
140390 119238 108129  27856 23467 22768  7754 6426 5877  
22299 23263 25420  23610 22009 21599  13726 14420 15733  
119597 101895 95374  43961 38946 35599  9848 6270 4381  
32105 25623 20086  26732 20765 16297  22060 17683 14735  
127652 115304 112287  37896 27648 20724  7535 5298 3774  
15109 13681 13143  10373 9669 9977  12492 11554 11061  
112120 85044 62453  42999 39818 41643  15078 15068 17819  
29328 25333 21522  26762 22815 20205  21683 16582 12868  
96682 93418 93337  35172 30141 27815  29747 17675 10271  
162984 141618 128045  14504 7949 8444  1498 974 946  
16643 13241 10604  14578 11266 8560  13590 11709 10521  
160332 122242 90331  16856 25176 41255  1376 2193 4224  
92528 82587 75020  47572 37792 33624  18084 15324 15281  
81564 66004 55928  42638 37271 35580  25546 21285 19089  
38968 38773 39841  33104 29704 27315  18865 18056 18718  
111349 92565 81681  42940 35450 31716  15601 13897 14193  
28031 25850 23825  27389 22333 18683  21546 18816 17459  
23399 22949 24299  23271 19000 16974  17385 17171 17854  
17544 19773 23209  21350 21329 21766  17588 16917 17056  
33503 27530 23409  27124 22333 19306  21596 16921 13423  
15392 13986 13226  15145 12376 10295  13066 10847 9704  
128273 116356 115584  44825 29817 18152  3001 2754 2967  
16676 13705 11451  14403 12640 11798  13775 11534 10116  
28274 26924 26802  25735 21497 19360  16405 16450 17292  
27955 25853 23903  26169 21718 18300  16921 15750 14906  
74692 67169 60910  41367 34540 30673  25721 19679 17316  
16365 13954 12158  14027 12198 10754  13892 11262 9583  
31165 32638 36288  28070 27895 28514  23793 19352 17279  
99057 77445 61737  43941 38191 35114  19423 19112 21868  
40310 37639 34824  34652 30479 28187  27364 21854 18649  
65163 50668 38749  42228 36877 34607  22702 20638 20153  
63393 56789 55964  40832 39257 39054  22611 17972 15821  
90512 79748 70370  46807 37965 34703  22752 18081 17578  
79880 92135 108215  54780 40213 24247  23625 11281 3700  
56421 51520 50604  36327 34228 33685  30385 24311 20353  
11941 11142 11426  14917 12581 11235  12464 10227 9075  
65074 64173 66319  33572 32128 32217  35210 25478 18514  
11763 11008 11330  13112 12085 11889  12783 10208 8750  
80055 70484 65031  45351 34762 28541  21699 19942 20655  
46515 50805 58451  41634 37586 35322  37046 27066 20051  
162133 134923 118497  15384 13767 15759  1478 1499 2471  
30565 26681 23340  27696 22946 19991  18428 17406 17138  
106512 94892 90080  42062 33002 28496  16352 13202 11900  
57155 51463 51660  40256 34418 32335  34695 27093 21679  
60702 57273 58958  39455 37774 37192  20081 18184 17170  
14885 13682 13280  15194 12500 10467  9575 9370 9982  
14810 12003 10461  11995 10396 9935  11322 10697 10850  
80660 70774 64703  45159 36754 31753  23605 18592 16210  
59241 53683 51885  38594 34780 32091  28554 22260 19165  
123931 119862 119348  39315 24845 15934  11315 4582 1857  
66436 61856 56787  43886 38465 36698  28115 22267 20233  
113431 93213 76408  36951 32204 32380  18192 16305 18747  
129663 122116 118012  40181 23699 16076  6818 3707 2870  
62532 56210 52820  41436 34168 30509  21050 18647 18580  
115806 110002 102905  41052 28383 25877  16165 9804 7634  
130587 121419 119445  40997 24575 14254  5762 3814 3384  
53127 46861 45290  37683 33397 32066  23634 18999 16917  
99077 77843 60916  38566 35662 35454  21890 17620 16916  
62632 50858 43837  42000 37485 35173  22164 19406 19219  
73073 60141 53442  31802 28758 29454  27829 24105 22427  
101469 98755 102552  41238 28723 20933  22538 16679 10899  
116333 91918 72864  39262 37170 40642  14867 13683 15084  
26710 25242 25583  17554 18658 20470  21245 18299 16890  
86432 86751 94114  56999 44947 33658  22888 12726 6862  
95894 84094 77619  45336 37417 33166  14922 13584 14416  
13535 13137 13012  14221 12629 11910  12971 11174 9787  
120025 97691 85247  41036 39223 39907  13300 9471 7698  
144024 120231 106401  24692 23637 26221  8287 5746 4291  
48747 39933 34420  31457 26382 24219  24984 22000 21024  
165937 140961 123888  10810 8670 13195  2126 679 330  
48982 41874 36555  35180 30067 27778  24405 21868 21193  
134338 120118 114878  23482 20674 18799  16892 8131 3244  
66258 56296 49788  39870 33177 28374  26383 22670 21968  
32582 27879 24344  27004 20884 16450  20356 18453 17561  
80457 64801 54834  39597 33686 31623  27543 23904 21912  
11008 11666 12811  12476 11666 11670  11684 11070 10692  
133866 107189 87919  32621 32004 36463  9286 7950 8537  
138092 129205 120997  37797 19525 14851  2736 1628 1633  
73405 80907 93565  55729 42982 31592  24451 15192 8288  
112086 98841 90056  43098 32614 27803  13351 11800 13007  
91694 92288 99200  36783 31105 25766  26132 16219 8690  
96931 93538 93334  38975 32885 29536  20797 13837 9663  
33195 28161 24693  25964 22486 20851  22304 18528 16130  
