# NumberOfHospitals NumberOfScenarios TimeHorizon
1 200 4
# DemandeScenario_0_Hospital_0_Period_0 DemandeScenario_0_Hospital_1_Period_0 ... DemandeScenario_0_Hospital_0_Period_1 DemandeScenario_0_Hospital_1_Period_1 ...
# DemandeScenario_1_Hospital_0_Period_0 DemandeScenario_1_Hospital_1_Period_0 ... DemandeScenario_1_Hospital_0_Period_1 DemandeScenario_1_Hospital_1_Period_1 ...
# ...
# ...
# ...
257365  107709  53816  24405  
341271  78571  31340  10600  
340540  80471  32182  9926  
336648  92662  27091  7587  
114156  78921  67065  43700  
84418  67269  56608  43914  
84606  67328  49786  48374  
338993  93268  21991  8859  
418766  43379  4411  886  
171653  107731  64839  42319  
124442  88356  66188  49033  
81476  67296  58587  42895  
237096  121617  49361  33205  
256306  97185  47723  33803  
295203  98777  43558  19127  
219538  101276  75785  30802  
375756  66825  19438  3847  
195662  117533  67205  34821  
391829  67988  5560  1666  
371267  66942  22792  4176  
267086  141547  23889  22598  
156018  106787  71546  47767  
160259  107789  71158  43194  
127621  85362  64795  48543  
191962  106443  65933  43466  
299894  106789  36330  15313  
285351  116570  41573  14735  
42884  37348  34471  29565  
38248  36799  32718  31538  
360221  79777  22780  3680  
138369  93615  69219  42183  
216101  109083  60175  33144  
156957  102744  73507  45119  
377253  64996  18015  4519  
245707  137481  51879  18064  
197021  119296  66880  36709  
146669  85620  83888  51613  
255646  102142  58557  27309  
163706  104743  73060  43856  
110623  90427  63701  48859  
218271  132743  52624  33990  
32188  30207  34709  30355  
241855  114070  60731  27597  
184911  114763  74785  37659  
125919  94294  66801  42561  
418312  44275  4135  721  
169713  100045  67343  47748  
85352  70314  56936  39964  
120796  95458  58883  50897  
127522  120179  59446  41473  
82779  67754  51636  42725  
77976  71294  58391  46372  
41661  36119  34233  31550  
78839  48788  60279  48837  
85630  66360  53101  44314  
161820  111723  69774  42439  
251049  113342  54764  26505  
380207  68890  12583  4055  
235769  122087  42127  36305  
41017  38214  33666  29016  
169094  90561  68834  50438  
177320  120603  77765  29279  
138297  91775  73949  57055  
371956  78894  10198  4931  
129319  92789  56207  47282  
40901  38332  35258  28322  
144235  111931  74604  49762  
249237  120675  49829  23801  
316628  107114  31161  7953  
78505  60016  57388  46045  
212799  110315  58668  36962  
299508  123097  32570  8542  
411453  41596  10750  2422  
233858  123221  50991  30955  
162935  116428  64344  41744  
265645  112441  47578  22615  
114870  93486  63866  46037  
202797  116697  64391  38124  
350795  69066  21996  22121  
250821  129041  42005  18837  
205969  105999  69888  38613  
190117  116684  60250  39659  
209693  115682  61063  33236  
214429  115760  62454  30028  
83269  61603  52938  40495  
199986  122848  59557  34273  
296264  106807  41074  13525  
240318  103803  55263  35382  
102122  81054  77401  52501  
320688  97871  30688  13052  
58629  62713  56478  42632  
41463  35988  35696  32595  
313055  111371  26951  9799  
211832  97909  70318  39827  
147599  102751  74188  48558  
279441  125422  39746  16319  
315740  105715  35081  5729  
232569  126512  54782  23700  
251794  111528  51823  28678  
120620  85293  71475  50695  
112425  86844  67696  53130  
364925  84178  12721  4280  
176709  96615  72822  49568  
172051  100212  70274  37868  
289986  96311  50915  17905  
305555  113403  31372  11767  
326647  91542  35968  9704  
34185  31346  32330  33683  
108862  82002  58466  42044  
353973  94616  16631  1311  
38622  36003  34981  32771  
40879  38849  34874  32461  
328564  101390  22075  7753  
387559  49874  12875  9849  
203799  139759  55737  26446  
84934  67310  47269  46777  
205261  77210  62550  51435  
147226  110382  73765  46092  
293193  107628  41838  14648  
80375  66509  58291  44501  
199597  118104  67823  35654  
39887  36330  35673  30000  
79867  54043  45571  45436  
166296  125084  62662  42960  
336918  86610  33031  6469  
192419  117497  71199  36137  
198344  120210  67434  34308  
160905  97340  75687  48625  
295624  100591  42423  18275  
281454  110319  46231  15862  
244492  117641  40792  34452  
39582  39025  34553  23771  
96083  96006  72158  51202  
82583  70557  54519  42463  
282831  105540  50268  15863  
291793  118169  34766  15744  
316318  70390  55725  17125  
75348  66587  56842  44408  
385915  66118  12285  2370  
39752  35260  35883  32807  
172350  105630  63434  43880  
360983  83008  14175  7290  
313337  119624  25978  4082  
296086  108245  37753  15767  
75336  71092  57103  44926  
212300  116610  55444  36771  
120272  91193  65453  51877  
33363  39232  34518  29454  
67235  61897  47957  33777  
219125  121496  60583  28339  
170741  99038  71165  45173  
38713  37324  34299  28693  
38271  37557  33150  32287  
263308  123325  51293  16546  
412424  35699  10254  5200  
316386  102168  34883  10202  
83631  67613  52773  45647  
273746  121553  45645  15368  
41203  32357  34774  31859  
126212  82743  59282  50146  
351600  81485  27083  5558  
210269  109536  64521  35651  
166299  113142  74346  40656  
302763  95816  39768  17576  
252786  113138  51093  25666  
336967  110033  10161  5300  
39641  39312  34791  30198  
272986  106944  51123  21454  
207677  113570  48311  33340  
362747  95535  7938  938  
296147  110214  38264  13990  
336603  108065  13419  6458  
381082  60252  15522  7459  
197255  114025  63843  37105  
425455  34625  4813  1998  
117287  80412  69248  54699  
429234  31386  5185  1508  
169705  101317  70466  38717  
383126  76400  4596  2555  
226898  110587  71213  29536  
242786  123434  55126  23689  
401304  57732  6586  1066  
285823  111849  44079  15185  
307467  110697  29210  13747  
159004  114836  65688  36682  
367459  78707  12539  5526  
42688  36296  35565  30361  
207745  119552  61649  42913  
431537  30777  4236  855  
370118  76308  14727  5054  
61212  63826  51912  44350  
159591  97415  76173  47441  
170082  133301  62713  40399  
218391  147256  44141  33180  
107304  91974  58569  52972  
256355  132139  50543  12737  
147010  117825  64773  48863  
357832  90867  11003  5749  
42113  38616  33129  32657  
377861  78352  7621  2145  
