# NumberOfHospitals NumberOfScenarios TimeHorizon
1 50 4
# DemandeScenario_0_Hospital_0_Period_0 DemandeScenario_0_Hospital_1_Period_0 ... DemandeScenario_0_Hospital_0_Period_1 DemandeScenario_0_Hospital_1_Period_1 ...
# DemandeScenario_1_Hospital_0_Period_0 DemandeScenario_1_Hospital_1_Period_0 ... DemandeScenario_1_Hospital_0_Period_1 DemandeScenario_1_Hospital_1_Period_1 ...
# ...
# ...
# ...
257365  107709  53816  24405  
341271  78571  31340  10600  
340540  80471  32182  9926  
336648  92662  27091  7587  
114156  78921  67065  43700  
84418  67269  56608  43914  
84606  67328  49786  48374  
338993  93268  21991  8859  
418766  43379  4411  886  
171653  107731  64839  42319  
124442  88356  66188  49033  
81476  67296  58587  42895  
237096  121617  49361  33205  
256306  97185  47723  33803  
295203  98777  43558  19127  
219538  101276  75785  30802  
375756  66825  19438  3847  
195662  117533  67205  34821  
391829  67988  5560  1666  
371267  66942  22792  4176  
267086  141547  23889  22598  
156018  106787  71546  47767  
160259  107789  71158  43194  
127621  85362  64795  48543  
191962  106443  65933  43466  
299894  106789  36330  15313  
285351  116570  41573  14735  
42884  37348  34471  29565  
38248  36799  32718  31538  
360221  79777  22780  3680  
138369  93615  69219  42183  
216101  109083  60175  33144  
156957  102744  73507  45119  
377253  64996  18015  4519  
245707  137481  51879  18064  
197021  119296  66880  36709  
146669  85620  83888  51613  
255646  102142  58557  27309  
163706  104743  73060  43856  
110623  90427  63701  48859  
218271  132743  52624  33990  
32188  30207  34709  30355  
241855  114070  60731  27597  
184911  114763  74785  37659  
125919  94294  66801  42561  
418312  44275  4135  721  
169713  100045  67343  47748  
85352  70314  56936  39964  
120796  95458  58883  50897  
127522  120179  59446  41473  
