# NumberOfHospitals NumberOfScenarios TimeHorizon
1 100 4
# DemandeScenario_0_Hospital_0_Period_0 DemandeScenario_0_Hospital_1_Period_0 ... DemandeScenario_0_Hospital_0_Period_1 DemandeScenario_0_Hospital_1_Period_1 ...
# DemandeScenario_1_Hospital_0_Period_0 DemandeScenario_1_Hospital_1_Period_0 ... DemandeScenario_1_Hospital_0_Period_1 DemandeScenario_1_Hospital_1_Period_1 ...
# ...
# ...
# ...
257365  107709  53816  24405  
341271  78571  31340  10600  
340540  80471  32182  9926  
336648  92662  27091  7587  
114156  78921  67065  43700  
84418  67269  56608  43914  
84606  67328  49786  48374  
338993  93268  21991  8859  
418766  43379  4411  886  
171653  107731  64839  42319  
124442  88356  66188  49033  
81476  67296  58587  42895  
237096  121617  49361  33205  
256306  97185  47723  33803  
295203  98777  43558  19127  
219538  101276  75785  30802  
375756  66825  19438  3847  
195662  117533  67205  34821  
391829  67988  5560  1666  
371267  66942  22792  4176  
267086  141547  23889  22598  
156018  106787  71546  47767  
160259  107789  71158  43194  
127621  85362  64795  48543  
191962  106443  65933  43466  
299894  106789  36330  15313  
285351  116570  41573  14735  
42884  37348  34471  29565  
38248  36799  32718  31538  
360221  79777  22780  3680  
138369  93615  69219  42183  
216101  109083  60175  33144  
156957  102744  73507  45119  
377253  64996  18015  4519  
245707  137481  51879  18064  
197021  119296  66880  36709  
146669  85620  83888  51613  
255646  102142  58557  27309  
163706  104743  73060  43856  
110623  90427  63701  48859  
218271  132743  52624  33990  
32188  30207  34709  30355  
241855  114070  60731  27597  
184911  114763  74785  37659  
125919  94294  66801  42561  
418312  44275  4135  721  
169713  100045  67343  47748  
85352  70314  56936  39964  
120796  95458  58883  50897  
127522  120179  59446  41473  
82779  67754  51636  42725  
77976  71294  58391  46372  
41661  36119  34233  31550  
78839  48788  60279  48837  
85630  66360  53101  44314  
161820  111723  69774  42439  
251049  113342  54764  26505  
380207  68890  12583  4055  
235769  122087  42127  36305  
41017  38214  33666  29016  
169094  90561  68834  50438  
177320  120603  77765  29279  
138297  91775  73949  57055  
371956  78894  10198  4931  
129319  92789  56207  47282  
40901  38332  35258  28322  
144235  111931  74604  49762  
249237  120675  49829  23801  
316628  107114  31161  7953  
78505  60016  57388  46045  
212799  110315  58668  36962  
299508  123097  32570  8542  
411453  41596  10750  2422  
233858  123221  50991  30955  
162935  116428  64344  41744  
265645  112441  47578  22615  
114870  93486  63866  46037  
202797  116697  64391  38124  
350795  69066  21996  22121  
250821  129041  42005  18837  
205969  105999  69888  38613  
190117  116684  60250  39659  
209693  115682  61063  33236  
214429  115760  62454  30028  
83269  61603  52938  40495  
199986  122848  59557  34273  
296264  106807  41074  13525  
240318  103803  55263  35382  
102122  81054  77401  52501  
320688  97871  30688  13052  
58629  62713  56478  42632  
41463  35988  35696  32595  
313055  111371  26951  9799  
211832  97909  70318  39827  
147599  102751  74188  48558  
279441  125422  39746  16319  
315740  105715  35081  5729  
232569  126512  54782  23700  
251794  111528  51823  28678  
120620  85293  71475  50695  
