# NumberOfHospitals NumberOfScenarios TimeHorizon
5 100 4
# DemandeScenario_0_Hospital_0_Period_0 DemandeScenario_0_Hospital_1_Period_0 ... DemandeScenario_0_Hospital_0_Period_1 DemandeScenario_0_Hospital_1_Period_1 ...
# DemandeScenario_1_Hospital_0_Period_0 DemandeScenario_1_Hospital_1_Period_0 ... DemandeScenario_1_Hospital_0_Period_1 DemandeScenario_1_Hospital_1_Period_1 ...
# ...
# ...
# ...
32646 36961 45286 84986 40386  17012 22540 20709 43761 18386  7176 9487 8630 18371 7552  3272 8438 3481 11282 2590  
49884 56740 60978 118817 56796  10470 18829 14984 34572 11861  2219 4911 4720 10451 2623  364 1604 591 2159 261  
34049 44277 44516 92298 38781  13209 22676 15458 38554 12872  7394 7056 11348 17236 10709  4221 4909 5464 9946 5025  
29786 35925 38272 76042 34407  14595 22970 17318 41332 14646  7962 12011 10198 22563 8649  5009 5118 7294 11974 6726  
34710 47660 42633 93561 37149  13845 19995 18832 39612 15974  8041 7909 11421 18313 10807  3262 3964 3806 7637 3483  
5739 7384 6909 14622 6217  5138 7054 6591 14206 5676  4624 6459 5906 12853 5076  4431 5051 5894 11113 5355  
11486 14293 13922 28774 12641  8723 10539 10385 21104 9627  7879 9204 10297 19767 9352  6349 9117 7844 17429 6787  
23987 17898 32966 50123 32292  16840 21988 20532 43842 18038  10352 16990 13204 31838 10454  5000 7683 6524 14987 5199  
29712 36236 33462 70274 31355  17985 25725 23458 50714 20180  8342 11853 12183 24532 10222  3659 5148 5691 10814 4772  
22653 23168 29940 53617 27923  15216 20078 19284 40478 16882  8891 11198 12208 24259 10497  5369 6137 7029 13581 6213  
56364 63479 77015 144541 69154  4333 13350 3156 15694 1904  1380 4869 883 4218 405  982 1409 489 2807 134  
47371 78755 55534 142700 44795  11847 4646 20643 20300 21002  2848 300 4273 3483 4674  842 10 933 886 983  
49765 64655 58192 125446 52632  10469 14103 16382 30245 14346  2089 4276 4452 9206 2895  625 513 2123 2185 1484  
11459 15659 14438 31292 12505  8716 11605 11674 24178 10068  7645 10473 9041 19872 8029  6138 7122 8594 15931 7690  
17839 22025 22917 46203 20451  12287 15551 14888 30859 13488  9314 11753 12197 24356 10820  6644 9316 8689 18375 7472  
27163 36010 35924 75181 30953  16368 18150 21712 39725 20024  8918 13935 10462 24339 9006  4947 6133 6351 12315 5702  
56427 64384 76910 145529 68866  6178 16759 4368 20049 2606  388 1891 242 1581 122  89 480 33 358 7  
11838 15224 14733 30801 13106  8155 12906 10013 24138 8235  7574 8038 9565 17527 9025  6422 6778 8588 15362 7966  
5684 7055 6852 14165 6243  4535 4159 5797 9846 5629  4806 6690 5793 12862 5079  4303 5205 5350 10695 4890  
31534 42103 35639 79386 32258  14698 13594 20089 32507 19606  9393 15504 13390 30460 10405  4103 7081 6431 14037 4815  
5289 6732 7192 14550 6234  4972 7044 6334 13952 5411  4859 5295 6440 11884 5919  4453 5058 5807 11014 5303  
16527 24099 19326 45105 16678  13099 15953 17340 33951 15493  8943 11757 12105 24425 10519  6436 9011 8438 17709 7296  
51538 54152 67561 123074 62757  8465 14312 10576 27196 7486  2611 12483 2595 14028 1072  394 1927 643 2463 240  
14788 24121 17058 43504 13980  12217 16485 16131 33688 13942  9564 11420 13103 24639 11782  7058 8728 9414 18101 8466  
48183 47425 61645 109003 58722  9350 18496 10667 29467 8547  4302 9584 7719 20329 3829  800 3521 935 4436 385  
17364 23365 21925 47002 19086  12699 15698 15743 31847 14280  9012 9696 12427 22238 11352  6483 9325 7800 17321 6834  
18974 31606 22124 57074 17858  14760 20223 18388 39595 16064  10174 12294 13514 25821 12198  6772 7415 9110 16212 8445  
16637 20491 19788 40918 18145  12997 15284 17086 32929 15436  8273 9733 10189 19910 9478  6993 9278 9298 18964 8087  
23421 31245 29270 62607 25648  14685 16199 19308 35612 17802  8684 11587 12121 24354 10350  5157 9453 6200 15815 5015  
38281 39551 53476 95194 48738  15272 27304 17511 45908 14143  6215 9883 6996 16615 5924  1887 3307 2246 5378 1833  
10946 15967 12696 29741 10985  8683 13072 10637 24814 8940  7977 10157 10062 20584 9005  6005 6683 7394 13996 6981  
5419 5384 6974 12377 6621  4746 4910 5895 10800 5615  3996 4920 4481 9434 4223  3777 4542 4380 8931 4126  
40555 47247 54250 104377 48609  14433 22711 16352 39135 14035  5272 7582 6990 14397 6010  1677 2970 2590 5603 1959  
28772 37521 34539 73862 30931  14312 22058 18592 42479 15323  9385 10389 13177 23101 12084  4449 5466 5580 10822 5147  
58472 75553 75127 155936 65983  4277 5463 6069 9541 5576  328 2122 293 1814 37  15 506 44 236 1  
39740 31707 54266 85141 52681  14857 23079 17410 43498 13627  5265 11396 6472 20024 3947  2267 10155 2278 11850 1001  
39939 54988 47567 105837 41813  12463 13526 15455 28268 14974  6920 9113 12258 21727 9784  2395 3966 3845 7593 3098  
11361 15793 14208 31242 12254  9626 11207 12197 23680 11178  7813 10418 10041 21003 8784  6190 8549 7508 16348 6624  
53586 58664 75183 138106 67388  7372 19152 5098 23094 3689  1550 5397 965 4927 420  317 327 197 668 80  
32970 46581 38045 87334 33417  15105 21344 20798 43731 17464  8256 8122 12790 19855 11863  3609 4304 5231 9151 4683  
58973 67623 77550 148456 70235  3412 13696 3582 16946 1187  596 1573 383 1633 178  108 574 33 503 4  
41653 52220 52406 107403 46853  14081 19674 18671 38580 16156  4752 6161 6849 12754 5915  1612 3740 2096 5592 1557  
35384 42643 44277 88683 40181  14573 15647 20293 36239 18375  6991 10416 9631 21032 7711  3381 6734 4181 11122 3161  
11019 16043 13508 30896 11496  9615 11880 12680 25168 11274  7363 10673 8698 19886 7560  6205 7320 8665 16206 7726  
26603 40629 31098 75066 26255  16107 20572 21443 42703 18928  9453 10093 12925 22478 12030  3641 5765 5164 11035 4222  
23358 25870 31003 58010 28271  14643 20319 18797 40401 16163  8735 11876 10114 22066 9085  5748 8706 7886 17002 6529  
51376 70282 61143 135493 53899  9679 10954 16402 26301 14487  1557 2013 3268 4746 2599  324 390 497 769 423  
35748 43136 45733 91011 41175  14593 23410 17967 42370 14996  6172 9855 8353 18287 6917  3131 3874 4824 8265 4249  
47622 43379 63278 106440 60484  13141 29254 15737 49364 9804  1963 7876 2110 9215 1150  256 1389 308 1506 137  
11627 13798 15463 30123 13812  8475 10123 11815 22739 10381  6736 10745 8388 19917 6950  6727 7948 8728 16819 7917  
40806 39304 51147 89877 49345  15093 26011 18850 46250 15321  4455 7151 7458 15843 5160  1554 5000 2048 7084 1122  
20176 25738 27819 56194 23953  15455 16959 20398 37551 18793  9507 13123 12180 25622 10649  6398 9588 7766 17293 6744  
15718 18006 22059 41588 19526  12379 13817 16725 31179 15139  9258 14332 11214 26132 9532  6667 7437 8838 16426 8038  
9331 15737 10846 28275 8706  9297 13165 11257 25249 9759  8079 10385 10370 21177 9206  6438 8504 8315 17142 7319  
35189 43595 49035 97038 42469  14181 20773 18086 37877 16340  7612 12847 8004 19634 7034  3679 3063 4165 7136 3945  
22615 28513 27007 56607 24523  14513 17982 18225 36633 16544  9611 13347 12627 26569 10896  5402 6499 7104 13442 6523  
15465 15820 18999 34727 18197  11793 12474 15057 27588 14146  9329 11329 12068 23804 10835  6240 6951 8275 15410 7514  
33688 40539 45503 89078 40227  16487 22891 19438 42447 17265  6611 8144 9276 17401 8169  3522 5914 4164 9918 3482  
15860 17736 22292 41430 19857  11405 14999 15368 31481 13322  9755 14431 11584 26391 10061  6150 9711 7729 17650 6559  
5871 6840 7760 14968 6993  4941 6142 6713 13353 5874  4544 4789 6290 11303 5730  4017 4152 5011 9173 4744  
34547 46791 46836 98743 39690  15534 20114 20449 38857 19008  8080 10671 9038 18833 8281  2353 3928 2645 6003 2348  
59530 73728 76204 154117 68002  3348 7389 4853 11244 3490  167 2329 439 2018 85  45 168 52 166 22  
22705 23228 30262 54091 28133  14979 18703 19451 39264 17147  9371 13268 12141 26252 10296  5887 10675 6791 17597 5549  
33444 45983 42814 92709 36782  15924 21352 20339 41526 18130  5974 7619 8913 15822 7991  3646 5042 4456 9056 4022  
46540 71712 56396 134995 46891  13005 9985 20193 26296 19957  2892 1645 3940 5082 3851  382 319 621 820 549  
24636 40109 28608 72648 23413  16464 18678 23581 42241 21277  9252 11982 11967 23738 10724  5334 6244 7049 12941 6460  
54698 81057 65558 153207 55710  6084 2554 12194 11631 11927  1229 95 2589 1649 2682  723 7 922 720 1015  
26658 29000 32488 61700 30693  15452 22897 18245 42014 15971  9498 11828 13622 25850 11834  4338 5923 5708 11504 5092  
39231 42399 49415 92508 46216  15796 25511 21018 48711 16797  4917 7863 6347 14009 5363  1989 4534 2799 7183 2034  
49346 70798 61772 138783 52522  10204 11251 14273 22858 13601  2180 1449 3499 4182 3428  1034 175 1563 1345 1636  
16447 16330 21360 37802 20201  11591 11271 15442 26949 14445  8497 10994 10030 21218 9117  7505 11439 9641 21907 7992  
51914 52879 64102 116705 61335  10087 22017 15964 41730 10083  929 7392 1046 7200 145  103 650 289 1047 30  
47363 68489 60381 135554 50867  9983 10609 15312 21378 15303  4057 3549 4510 7466 4387  1133 657 1016 1898 866  
11874 14534 14951 30170 13479  9385 11413 12586 24707 11141  7200 10074 9483 20300 8089  6490 8298 8095 16589 7259  
50263 56438 71788 133383 63480  10109 24587 7704 28632 6710  1854 1832 1588 3388 1240  532 591 333 1181 139  
17326 19354 23320 43706 21109  12801 17851 15802 34617 13744  9232 11660 11553 23477 10378  6218 6598 8560 15291 7778  
20487 24556 23592 48553 22071  13380 13090 17482 30143 16792  8747 10662 10874 21412 10122  6674 10828 8318 19577 7007  
28687 37631 39793 81712 33851  17079 25284 20779 45589 18437  7040 11196 8714 19001 7748  5283 5356 6452 11302 6130  
29729 37650 37582 77400 33429  15384 18247 19743 38163 17983  7420 10019 10958 21676 9116  4923 7380 6025 13288 5221  
43757 56403 58410 119731 50672  14162 17862 17534 33798 16301  3199 6924 3597 9506 2947  960 1907 1032 2649 848  
48549 73012 56690 135367 48229  11430 8785 18042 25020 17327  2477 1366 4845 5109 4654  517 413 1578 1614 1171  
42208 39182 55209 94097 52866  15695 29274 19384 51663 14412  3723 8493 5310 14642 3405  1007 3312 1221 4466 720  
19607 32046 22751 57965 18589  12580 19401 15658 36637 12997  11163 12179 14858 26691 13803  5828 7642 8029 15690 7035  
22508 30935 28650 62133 24666  12884 15501 18319 34485 16198  10280 12225 13144 25270 12002  5925 9704 6853 16487 5843  
45257 49805 56880 107684 52967  11468 13583 16946 31983 14169  4776 13174 5945 20323 3455  1161 4511 1245 5106 754  
15019 15983 17883 33785 17143  11607 11627 15006 26528 14262  10216 15068 12920 29020 10934  6396 9771 7460 17463 6534  
15565 13488 21066 34433 20210  13141 16429 16499 33730 14733  9245 11469 12514 24921 10847  6035 6335 7933 14643 7194  
45475 60744 53906 117731 48028  10117 11472 12723 23303 12513  4956 8897 8647 18689 6178  1760 1921 4494 5938 3362  
11130 11342 15356 27190 14114  9171 9792 11724 21725 10902  7388 8299 9256 17733 8552  6022 7944 8299 17033 7033  
5627 7303 6665 14283 6011  5161 7221 6497 14281 5589  4041 4223 4823 8974 4660  4173 4097 5595 9699 5264  
22774 31907 27267 61272 23762  14050 20041 17534 38751 15097  9506 9641 12770 21956 12070  5852 7961 7502 15531 6628  
54367 78021 68444 153501 58085  6643 4632 11422 10507 12185  1578 864 1414 2552 1208  444 174 248 880 115  
41954 50366 48837 100188 45483  12527 12131 19021 30153 17901  4835 7415 7530 15806 5571  2566 6977 4224 12727 2026  
21649 21779 30414 53318 27848  15634 21186 19243 41473 16853  9357 11608 11692 23668 10447  6122 10587 7412 18289 6059  
57853 78176 72817 156721 63335  4601 5063 7664 9644 7400  510 432 807 979 677  113 33 187 184 143  
11576 12429 15283 28124 14086  9279 13059 10942 24657 9610  7934 10514 10117 21172 8882  6241 6935 8541 15685 7723  
30572 25248 42296 67319 40601  13393 11364 17481 30531 15920  10368 21434 11460 34188 8493  4006 6915 5062 13190 3657  
22061 31744 27404 61865 23335  14926 17031 20435 37726 18525  8064 11622 10939 22895 9366  6422 8712 7550 16160 6762  
31212 39785 35515 76454 32647  14933 14818 20216 34139 19461  9415 16036 13262 30923 10225  3694 4434 6028 10381 5081  
38796 42950 47971 91615 44856  15289 19830 21539 42705 18333  5241 8088 7367 16413 5662  1863 5524 1871 6831 1334  
