# NumberOfHospitals NumberOfScenarios TimeHorizon
5 200 4
# DemandeScenario_0_Hospital_0_Period_0 DemandeScenario_0_Hospital_1_Period_0 ... DemandeScenario_0_Hospital_0_Period_1 DemandeScenario_0_Hospital_1_Period_1 ...
# DemandeScenario_1_Hospital_0_Period_0 DemandeScenario_1_Hospital_1_Period_0 ... DemandeScenario_1_Hospital_0_Period_1 DemandeScenario_1_Hospital_1_Period_1 ...
# ...
# ...
# ...
32646 36961 45286 84986 40386  17012 22540 20709 43761 18386  7176 9487 8630 18371 7552  3272 8438 3481 11282 2590  
49884 56740 60978 118817 56796  10470 18829 14984 34572 11861  2219 4911 4720 10451 2623  364 1604 591 2159 261  
34049 44277 44516 92298 38781  13209 22676 15458 38554 12872  7394 7056 11348 17236 10709  4221 4909 5464 9946 5025  
29786 35925 38272 76042 34407  14595 22970 17318 41332 14646  7962 12011 10198 22563 8649  5009 5118 7294 11974 6726  
34710 47660 42633 93561 37149  13845 19995 18832 39612 15974  8041 7909 11421 18313 10807  3262 3964 3806 7637 3483  
5739 7384 6909 14622 6217  5138 7054 6591 14206 5676  4624 6459 5906 12853 5076  4431 5051 5894 11113 5355  
11486 14293 13922 28774 12641  8723 10539 10385 21104 9627  7879 9204 10297 19767 9352  6349 9117 7844 17429 6787  
23987 17898 32966 50123 32292  16840 21988 20532 43842 18038  10352 16990 13204 31838 10454  5000 7683 6524 14987 5199  
29712 36236 33462 70274 31355  17985 25725 23458 50714 20180  8342 11853 12183 24532 10222  3659 5148 5691 10814 4772  
22653 23168 29940 53617 27923  15216 20078 19284 40478 16882  8891 11198 12208 24259 10497  5369 6137 7029 13581 6213  
56364 63479 77015 144541 69154  4333 13350 3156 15694 1904  1380 4869 883 4218 405  982 1409 489 2807 134  
47371 78755 55534 142700 44795  11847 4646 20643 20300 21002  2848 300 4273 3483 4674  842 10 933 886 983  
49765 64655 58192 125446 52632  10469 14103 16382 30245 14346  2089 4276 4452 9206 2895  625 513 2123 2185 1484  
11459 15659 14438 31292 12505  8716 11605 11674 24178 10068  7645 10473 9041 19872 8029  6138 7122 8594 15931 7690  
17839 22025 22917 46203 20451  12287 15551 14888 30859 13488  9314 11753 12197 24356 10820  6644 9316 8689 18375 7472  
27163 36010 35924 75181 30953  16368 18150 21712 39725 20024  8918 13935 10462 24339 9006  4947 6133 6351 12315 5702  
56427 64384 76910 145529 68866  6178 16759 4368 20049 2606  388 1891 242 1581 122  89 480 33 358 7  
11838 15224 14733 30801 13106  8155 12906 10013 24138 8235  7574 8038 9565 17527 9025  6422 6778 8588 15362 7966  
5684 7055 6852 14165 6243  4535 4159 5797 9846 5629  4806 6690 5793 12862 5079  4303 5205 5350 10695 4890  
31534 42103 35639 79386 32258  14698 13594 20089 32507 19606  9393 15504 13390 30460 10405  4103 7081 6431 14037 4815  
5289 6732 7192 14550 6234  4972 7044 6334 13952 5411  4859 5295 6440 11884 5919  4453 5058 5807 11014 5303  
16527 24099 19326 45105 16678  13099 15953 17340 33951 15493  8943 11757 12105 24425 10519  6436 9011 8438 17709 7296  
51538 54152 67561 123074 62757  8465 14312 10576 27196 7486  2611 12483 2595 14028 1072  394 1927 643 2463 240  
14788 24121 17058 43504 13980  12217 16485 16131 33688 13942  9564 11420 13103 24639 11782  7058 8728 9414 18101 8466  
48183 47425 61645 109003 58722  9350 18496 10667 29467 8547  4302 9584 7719 20329 3829  800 3521 935 4436 385  
17364 23365 21925 47002 19086  12699 15698 15743 31847 14280  9012 9696 12427 22238 11352  6483 9325 7800 17321 6834  
18974 31606 22124 57074 17858  14760 20223 18388 39595 16064  10174 12294 13514 25821 12198  6772 7415 9110 16212 8445  
16637 20491 19788 40918 18145  12997 15284 17086 32929 15436  8273 9733 10189 19910 9478  6993 9278 9298 18964 8087  
23421 31245 29270 62607 25648  14685 16199 19308 35612 17802  8684 11587 12121 24354 10350  5157 9453 6200 15815 5015  
38281 39551 53476 95194 48738  15272 27304 17511 45908 14143  6215 9883 6996 16615 5924  1887 3307 2246 5378 1833  
10946 15967 12696 29741 10985  8683 13072 10637 24814 8940  7977 10157 10062 20584 9005  6005 6683 7394 13996 6981  
5419 5384 6974 12377 6621  4746 4910 5895 10800 5615  3996 4920 4481 9434 4223  3777 4542 4380 8931 4126  
40555 47247 54250 104377 48609  14433 22711 16352 39135 14035  5272 7582 6990 14397 6010  1677 2970 2590 5603 1959  
28772 37521 34539 73862 30931  14312 22058 18592 42479 15323  9385 10389 13177 23101 12084  4449 5466 5580 10822 5147  
58472 75553 75127 155936 65983  4277 5463 6069 9541 5576  328 2122 293 1814 37  15 506 44 236 1  
39740 31707 54266 85141 52681  14857 23079 17410 43498 13627  5265 11396 6472 20024 3947  2267 10155 2278 11850 1001  
39939 54988 47567 105837 41813  12463 13526 15455 28268 14974  6920 9113 12258 21727 9784  2395 3966 3845 7593 3098  
11361 15793 14208 31242 12254  9626 11207 12197 23680 11178  7813 10418 10041 21003 8784  6190 8549 7508 16348 6624  
53586 58664 75183 138106 67388  7372 19152 5098 23094 3689  1550 5397 965 4927 420  317 327 197 668 80  
32970 46581 38045 87334 33417  15105 21344 20798 43731 17464  8256 8122 12790 19855 11863  3609 4304 5231 9151 4683  
58973 67623 77550 148456 70235  3412 13696 3582 16946 1187  596 1573 383 1633 178  108 574 33 503 4  
41653 52220 52406 107403 46853  14081 19674 18671 38580 16156  4752 6161 6849 12754 5915  1612 3740 2096 5592 1557  
35384 42643 44277 88683 40181  14573 15647 20293 36239 18375  6991 10416 9631 21032 7711  3381 6734 4181 11122 3161  
11019 16043 13508 30896 11496  9615 11880 12680 25168 11274  7363 10673 8698 19886 7560  6205 7320 8665 16206 7726  
26603 40629 31098 75066 26255  16107 20572 21443 42703 18928  9453 10093 12925 22478 12030  3641 5765 5164 11035 4222  
23358 25870 31003 58010 28271  14643 20319 18797 40401 16163  8735 11876 10114 22066 9085  5748 8706 7886 17002 6529  
51376 70282 61143 135493 53899  9679 10954 16402 26301 14487  1557 2013 3268 4746 2599  324 390 497 769 423  
35748 43136 45733 91011 41175  14593 23410 17967 42370 14996  6172 9855 8353 18287 6917  3131 3874 4824 8265 4249  
47622 43379 63278 106440 60484  13141 29254 15737 49364 9804  1963 7876 2110 9215 1150  256 1389 308 1506 137  
11627 13798 15463 30123 13812  8475 10123 11815 22739 10381  6736 10745 8388 19917 6950  6727 7948 8728 16819 7917  
40806 39304 51147 89877 49345  15093 26011 18850 46250 15321  4455 7151 7458 15843 5160  1554 5000 2048 7084 1122  
20176 25738 27819 56194 23953  15455 16959 20398 37551 18793  9507 13123 12180 25622 10649  6398 9588 7766 17293 6744  
15718 18006 22059 41588 19526  12379 13817 16725 31179 15139  9258 14332 11214 26132 9532  6667 7437 8838 16426 8038  
9331 15737 10846 28275 8706  9297 13165 11257 25249 9759  8079 10385 10370 21177 9206  6438 8504 8315 17142 7319  
35189 43595 49035 97038 42469  14181 20773 18086 37877 16340  7612 12847 8004 19634 7034  3679 3063 4165 7136 3945  
22615 28513 27007 56607 24523  14513 17982 18225 36633 16544  9611 13347 12627 26569 10896  5402 6499 7104 13442 6523  
15465 15820 18999 34727 18197  11793 12474 15057 27588 14146  9329 11329 12068 23804 10835  6240 6951 8275 15410 7514  
33688 40539 45503 89078 40227  16487 22891 19438 42447 17265  6611 8144 9276 17401 8169  3522 5914 4164 9918 3482  
15860 17736 22292 41430 19857  11405 14999 15368 31481 13322  9755 14431 11584 26391 10061  6150 9711 7729 17650 6559  
5871 6840 7760 14968 6993  4941 6142 6713 13353 5874  4544 4789 6290 11303 5730  4017 4152 5011 9173 4744  
34547 46791 46836 98743 39690  15534 20114 20449 38857 19008  8080 10671 9038 18833 8281  2353 3928 2645 6003 2348  
59530 73728 76204 154117 68002  3348 7389 4853 11244 3490  167 2329 439 2018 85  45 168 52 166 22  
22705 23228 30262 54091 28133  14979 18703 19451 39264 17147  9371 13268 12141 26252 10296  5887 10675 6791 17597 5549  
33444 45983 42814 92709 36782  15924 21352 20339 41526 18130  5974 7619 8913 15822 7991  3646 5042 4456 9056 4022  
46540 71712 56396 134995 46891  13005 9985 20193 26296 19957  2892 1645 3940 5082 3851  382 319 621 820 549  
24636 40109 28608 72648 23413  16464 18678 23581 42241 21277  9252 11982 11967 23738 10724  5334 6244 7049 12941 6460  
54698 81057 65558 153207 55710  6084 2554 12194 11631 11927  1229 95 2589 1649 2682  723 7 922 720 1015  
26658 29000 32488 61700 30693  15452 22897 18245 42014 15971  9498 11828 13622 25850 11834  4338 5923 5708 11504 5092  
39231 42399 49415 92508 46216  15796 25511 21018 48711 16797  4917 7863 6347 14009 5363  1989 4534 2799 7183 2034  
49346 70798 61772 138783 52522  10204 11251 14273 22858 13601  2180 1449 3499 4182 3428  1034 175 1563 1345 1636  
16447 16330 21360 37802 20201  11591 11271 15442 26949 14445  8497 10994 10030 21218 9117  7505 11439 9641 21907 7992  
51914 52879 64102 116705 61335  10087 22017 15964 41730 10083  929 7392 1046 7200 145  103 650 289 1047 30  
47363 68489 60381 135554 50867  9983 10609 15312 21378 15303  4057 3549 4510 7466 4387  1133 657 1016 1898 866  
11874 14534 14951 30170 13479  9385 11413 12586 24707 11141  7200 10074 9483 20300 8089  6490 8298 8095 16589 7259  
50263 56438 71788 133383 63480  10109 24587 7704 28632 6710  1854 1832 1588 3388 1240  532 591 333 1181 139  
17326 19354 23320 43706 21109  12801 17851 15802 34617 13744  9232 11660 11553 23477 10378  6218 6598 8560 15291 7778  
20487 24556 23592 48553 22071  13380 13090 17482 30143 16792  8747 10662 10874 21412 10122  6674 10828 8318 19577 7007  
28687 37631 39793 81712 33851  17079 25284 20779 45589 18437  7040 11196 8714 19001 7748  5283 5356 6452 11302 6130  
29729 37650 37582 77400 33429  15384 18247 19743 38163 17983  7420 10019 10958 21676 9116  4923 7380 6025 13288 5221  
43757 56403 58410 119731 50672  14162 17862 17534 33798 16301  3199 6924 3597 9506 2947  960 1907 1032 2649 848  
48549 73012 56690 135367 48229  11430 8785 18042 25020 17327  2477 1366 4845 5109 4654  517 413 1578 1614 1171  
42208 39182 55209 94097 52866  15695 29274 19384 51663 14412  3723 8493 5310 14642 3405  1007 3312 1221 4466 720  
19607 32046 22751 57965 18589  12580 19401 15658 36637 12997  11163 12179 14858 26691 13803  5828 7642 8029 15690 7035  
22508 30935 28650 62133 24666  12884 15501 18319 34485 16198  10280 12225 13144 25270 12002  5925 9704 6853 16487 5843  
45257 49805 56880 107684 52967  11468 13583 16946 31983 14169  4776 13174 5945 20323 3455  1161 4511 1245 5106 754  
15019 15983 17883 33785 17143  11607 11627 15006 26528 14262  10216 15068 12920 29020 10934  6396 9771 7460 17463 6534  
15565 13488 21066 34433 20210  13141 16429 16499 33730 14733  9245 11469 12514 24921 10847  6035 6335 7933 14643 7194  
45475 60744 53906 117731 48028  10117 11472 12723 23303 12513  4956 8897 8647 18689 6178  1760 1921 4494 5938 3362  
11130 11342 15356 27190 14114  9171 9792 11724 21725 10902  7388 8299 9256 17733 8552  6022 7944 8299 17033 7033  
5627 7303 6665 14283 6011  5161 7221 6497 14281 5589  4041 4223 4823 8974 4660  4173 4097 5595 9699 5264  
22774 31907 27267 61272 23762  14050 20041 17534 38751 15097  9506 9641 12770 21956 12070  5852 7961 7502 15531 6628  
54367 78021 68444 153501 58085  6643 4632 11422 10507 12185  1578 864 1414 2552 1208  444 174 248 880 115  
41954 50366 48837 100188 45483  12527 12131 19021 30153 17901  4835 7415 7530 15806 5571  2566 6977 4224 12727 2026  
21649 21779 30414 53318 27848  15634 21186 19243 41473 16853  9357 11608 11692 23668 10447  6122 10587 7412 18289 6059  
57853 78176 72817 156721 63335  4601 5063 7664 9644 7400  510 432 807 979 677  113 33 187 184 143  
11576 12429 15283 28124 14086  9279 13059 10942 24657 9610  7934 10514 10117 21172 8882  6241 6935 8541 15685 7723  
30572 25248 42296 67319 40601  13393 11364 17481 30531 15920  10368 21434 11460 34188 8493  4006 6915 5062 13190 3657  
22061 31744 27404 61865 23335  14926 17031 20435 37726 18525  8064 11622 10939 22895 9366  6422 8712 7550 16160 6762  
31212 39785 35515 76454 32647  14933 14818 20216 34139 19461  9415 16036 13262 30923 10225  3694 4434 6028 10381 5081  
38796 42950 47971 91615 44856  15289 19830 21539 42705 18333  5241 8088 7367 16413 5662  1863 5524 1871 6831 1334  
41245 50670 51231 104107 46317  13262 19838 16329 36430 14215  5624 7806 8902 16757 7338  1817 2632 3389 6076 2535  
17594 21750 21718 44406 19640  10675 13876 12001 26098 11097  9751 13084 13195 27158 11317  6948 9798 9217 19484 7881  
49073 59882 66834 131699 58644  11399 18561 12293 28907 11055  1985 3902 1967 5237 1604  430 1150 327 1266 218  
51308 53237 67586 122108 62871  8214 13368 9920 25540 7106  3106 13531 3396 16704 1383  354 1989 538 2281 208  
35023 39829 46672 88601 42175  13919 14188 17801 32416 16431  7628 16061 9185 25926 6834  3350 5803 4406 10261 3517  
46337 59080 56122 117861 50518  12127 15296 17386 32344 15452  3409 5847 6181 12439 4378  838 2177 1123 3035 834  
5701 7916 6819 15230 5971  4554 5836 5115 11091 4728  4475 4886 5544 10439 5232  4001 6298 4831 11696 4004  
11693 15299 14909 31272 13074  8053 10927 11005 22953 9363  7966 8746 10579 19472 9717  6510 8629 7821 16639 7004  
11113 10875 14990 26091 14028  9394 11474 11511 23357 10479  7179 7065 10021 17422 9177  6245 7101 8346 15864 7467  
29457 34946 33347 68649 31482  16799 19533 22493 41936 20765  8537 13562 11538 25731 9570  4006 6749 5916 12946 4690  
5514 6873 7434 14873 6509  4614 5482 6486 12445 5696  4815 6768 5777 12901 5052  4263 6214 5162 11742 4446  
16004 21675 21113 44835 18067  12218 18002 14381 33259 12438  8759 12614 11098 24265 9555  5489 6339 8379 14648 7486  
23055 24769 30973 56788 28354  12837 17399 17552 36618 14860  10102 12867 12480 25598 11165  6100 8009 7760 16002 6803  
27159 46610 31540 83415 25044  15758 17806 23733 40772 21482  9965 11226 12294 22932 11479  4781 4157 7144 10170 7002  
11835 13647 15356 29605 13956  9625 11854 12525 25014 11155  7223 10447 9353 20591 7915  6171 7988 8230 16599 7208  
39712 54986 49919 109272 43021  12893 18752 17329 35689 15050  6710 6082 8609 13947 8314  2245 2588 3374 5449 3084  
34698 40130 43352 84705 39875  14074 16940 17755 34724 16288  8133 13779 11514 26527 8858  3448 6068 4955 11191 3841  
50316 47157 63346 109545 61401  9822 22357 13178 37800 8849  2566 8799 4612 15798 1330  291 3482 273 2897 17  
34250 48077 41810 93374 36175  12417 20225 15615 37033 12816  8803 7948 13446 19996 12766  3962 4256 5316 9231 4902  
53821 62105 64375 127515 60147  6518 12977 10171 22541 8628  2247 4704 6013 12306 2721  443 2594 882 4107 100  
34652 30851 44236 74200 43135  13681 21944 14806 36580 13326  8521 11726 14087 28475 10279  3493 8815 4270 13374 2865  
11717 15542 14722 31310 12910  9311 12437 12040 25301 10473  7616 7999 10360 18485 9547  6386 8254 8339 16928 7347  
43388 40458 58760 99648 55490  13422 23395 16975 44576 12146  4498 12696 4348 16422 3005  1303 4085 1092 4623 744  
40383 58264 52535 116978 44008  14940 19431 18913 35811 17697  4333 3258 6672 8146 6854  2009 2128 2084 4271 1848  
5070 4530 6590 11027 6385  4995 4958 6585 11613 6192  4628 4777 6363 11388 5813  3801 3893 4699 8578 4482  
45298 55187 60742 120025 53625  12293 20942 14494 34364 12457  3983 4754 4785 9068 4337  1079 2030 1111 2955 879  
39463 44884 48751 94649 45240  15368 21160 21329 43773 18007  5255 9630 6938 16772 5425  1975 4873 2988 8062 1938  
33012 41482 46672 92890 40023  18830 27003 21927 47728 19904  6412 8152 8049 15257 7497  2162 3179 2592 5221 2366  
27071 31192 37504 71119 33291  15953 25021 18785 44570 16033  9076 9741 11931 21459 11031  4726 5740 6210 12005 5499  
5952 7273 7619 15274 6834  5061 6283 6057 12535 5539  4625 6754 5590 12813 4795  4286 4600 5904 10667 5381  
56061 80468 68399 155184 58628  4107 3025 9139 8922 8705  2437 214 3406 2942 3675  359 2 522 360 529  
33092 40988 39145 81415 35878  14007 18664 16736 35416 15448  7765 7869 12310 19815 11067  3752 6675 5054 11875 4085  
40436 55432 49006 107975 42914  14350 17943 20734 38603 18213  5171 5613 6717 11820 6297  1573 3179 2415 5435 1842  
39258 39834 53718 95059 49558  14726 22735 16359 40054 13784  5997 12699 7587 20945 5521  1696 2629 2164 4918 1734  
11127 15622 14048 30995 12029  9065 12057 11928 24817 10354  8048 9416 10251 19821 9380  6042 8973 7180 16530 6201  
27214 25802 37653 64152 35144  15087 19896 20141 42189 17059  9339 14909 11187 26729 9329  4893 6925 5398 12578 4653  
20433 19244 25919 44850 25029  15753 20196 20250 41569 17841  9124 10787 12083 23341 10761  6247 8917 8252 17781 6895  
33951 40895 45688 89564 40434  15205 19611 19950 39942 17686  7376 9482 8980 18498 7977  3654 7103 3900 10663 3162  
37087 33046 50642 83799 48135  16383 24700 20067 47568 16161  5703 11174 6435 18338 4778  2551 8821 2689 10952 1619  
5457 7611 7012 15306 5991  5355 6555 7014 13931 6254  4604 4899 6364 11471 5803  4130 5510 5465 11361 4737  
29030 33022 38876 73722 35068  15294 21068 17823 39348 15853  8475 13489 11199 25347 9200  4798 6439 6338 12668 5560  
5782 7640 6975 15015 6210  5181 7013 6213 13598 5504  4775 5580 6029 11753 5531  4084 6041 5142 11685 4333  
55327 76103 64159 144252 56900  7024 5358 14999 18269 13820  585 1682 1619 3556 696  127 533 577 1285 136  
29191 33391 36996 71479 33975  15499 18516 20527 39759 18334  8387 12262 10617 23300 9052  4664 8982 6087 15483 4638  
41016 61638 51395 119281 42795  14336 16872 19419 34009 18181  4485 3802 6781 9140 6698  2125 1069 2653 3515 2655  
35228 53413 44241 103257 36659  14673 20408 18423 38160 16416  6679 6223 10297 14878 9938  2837 1929 4563 5238 4714  
50732 58486 62316 122217 57710  9928 21569 13670 36594 9910  1712 2480 3166 5346 2624  544 696 1690 2165 1108  
52299 69483 63290 136611 56125  8886 9727 14317 22717 13020  1406 3929 2605 6534 1570  399 452 1113 1412 740  
4847 5986 6836 13469 5907  4598 7031 5774 13472 4802  4098 5667 5531 11697 4710  4261 5170 5764 11190 5133  
41181 63211 50354 119766 41829  15174 15743 20989 34630 19866  4182 3621 6588 9009 6318  1567 873 2177 2768 2153  
35587 43014 44841 89768 40558  15436 19749 20419 40725 17998  6321 9875 7758 17588 6647  3056 6135 4085 10257 3131  
15708 14166 20802 34839 19957  12878 16092 15975 32724 14364  9484 12370 12069 25025 10621  5687 5390 7744 13326 7146  
48683 61472 53751 116483 50078  10718 11182 19487 28729 18270  3029 7814 6217 16093 2833  482 2335 1324 4131 317  
5033 8061 5875 14696 4848  5162 7257 6220 13939 5412  4653 6590 5642 12650 4896  4313 5888 5473 11724 4763  
43921 47531 61073 111640 55095  14368 23149 15509 39314 12917  3510 7637 3768 11253 2842  860 3601 844 3743 526  
20801 24401 29111 55684 25613  13863 20981 17352 39409 14770  9801 10003 13081 22911 12217  6747 8567 8356 16947 7482  
29892 27435 37773 64533 36732  17836 23737 23652 49248 20212  8238 13325 11102 25839 8638  3489 6420 4495 11420 3364  
52310 45447 71777 117208 68443  10015 29118 9210 43398 3121  737 7541 534 6327 37  23 996 25 502 0  
35466 41331 46504 89957 41961  14405 19939 19384 40476 16491  6740 11734 8244 19759 6870  3616 5201 4018 9076 3511  
50706 41671 69634 110689 67088  11255 30140 11536 48650 4438  1022 8525 363 6937 76  90 2193 12 1040 0  
52309 62244 64854 129270 59279  8810 13937 13539 27956 10761  1566 5019 2329 7268 1287  331 1659 697 2375 241  
50412 66937 68448 142395 58400  8484 14469 9495 17943 10130  3459 1893 3210 5628 2900  385 346 243 837 114  
11293 11873 14556 26641 13608  9663 11471 12481 24462 11261  7726 9309 9831 19466 8885  5226 4564 6977 11512 6665  
52429 70294 59112 132186 53450  8187 8705 14511 21912 13840  2186 4527 6166 12138 3294  205 126 1075 812 752  
53528 74144 69627 150778 59317  7785 9252 9895 14618 10150  1155 283 1569 1366 1737  444 26 362 544 336  
52391 56418 63493 120088 60258  7276 10984 12847 24899 9930  2365 9538 3010 12728 1054  724 4386 1214 5740 249  
39288 56516 47216 107915 40633  12276 17717 17331 35544 14621  7565 5340 11011 14717 11018  2270 2746 3156 5647 2813  
40772 52336 45812 99621 42175  16540 19739 25943 46126 22619  3957 6147 6339 12599 4970  1147 2474 2064 4687 1305  
21998 32292 25813 60441 22180  14038 16080 17201 33273 16117  10144 12574 14293 27266 12523  5703 8824 7594 16839 6294  
50140 61362 67638 133828 59501  9698 13843 11370 23876 10399  2515 6082 2080 7402 1462  537 1604 361 1712 204  
47192 57442 65223 127903 56978  11668 21014 12368 30534 11268  2281 3958 2436 5382 2215  1342 1016 1143 2540 910  
11341 13472 15301 29721 13592  8519 10166 11847 22790 10433  7378 7047 9809 16949 9221  6315 8122 8330 16912 7294  
53334 48221 72336 120727 68718  8924 25695 8916 40140 2857  669 5847 223 4596 24  143 3107 56 1750 0  
37829 49147 52838 107664 44994  17851 20303 21571 39786 20837  5175 9620 5213 13949 4325  1497 3437 1331 4306 1011  
34260 42587 41329 85512 37585  16092 22824 21369 45399 18240  7102 8938 10174 18927 8950  3149 4687 4917 9616 3960  
21288 30102 27419 60397 23247  12488 19654 15600 36407 13047  9760 13158 11822 25072 10544  6376 6399 9516 15183 8925  
11548 13981 14170 28652 12931  9651 11279 12722 24502 11471  6588 5681 8852 14417 8507  6651 8979 8507 17965 7401  
17542 23441 21500 46361 18952  12743 16022 16797 33622 14855  8587 12750 10347 23657 8905  6744 8268 9230 17606 8209  
4897 5870 6947 13427 6048  4969 5652 6870 12900 6145  4145 6549 5135 12257 4245  4489 5254 5944 11400 5365  
34376 39419 42796 83285 39513  15012 16879 20695 38144 18547  7646 14586 10080 25899 7503  2824 4536 3335 7698 2882  
28116 19871 38997 57846 38391  16486 18713 21160 42192 18400  8776 13606 10754 26546 8308  4407 10646 4522 15199 3223  
40900 51334 56460 112863 48854  13980 20464 16995 35427 15751  4714 6787 5226 10894 4837  2374 3687 2037 5740 1577  
25085 35527 33073 72411 27802  17519 21020 22659 43437 20738  9224 12855 11273 23860 10028  4911 6724 6312 12700 5623  
10416 12111 12228 24502 11476  9275 9746 12148 22030 11323  7739 9924 9533 19785 8584  6390 8115 8098 16466 7259  
47952 58287 53214 112198 50166  13948 22047 24036 48018 19157  929 1928 3097 4522 1995  205 1231 822 2153 211  
11864 15128 14851 30819 13227  9094 13029 11391 25384 9738  7818 8811 10522 19561 9563  6239 6983 8517 15677 7712  
33518 33118 45059 78891 42109  15345 18759 20201 40838 17380  6764 9524 7990 18491 6627  3978 9993 4709 15307 3122  
46941 53467 62184 118334 56282  12011 22282 13797 36280 11019  2974 5892 3747 9294 2939  804 1466 1136 2470 887  
27584 29882 38265 70018 34547  15845 18450 19443 38445 17713  8634 13596 11109 25602 9114  5066 10097 5722 15595 4588  
32891 34977 45835 82933 41505  16751 26473 19685 47113 16633  7008 8364 8940 17485 7943  3007 5668 3697 9362 2927  
51098 66088 60804 129775 54769  8946 15201 13694 29606 10941  2351 2063 5420 6719 4494  581 219 1241 1037 1169  
23055 30479 29589 62362 25785  12188 20274 14470 36100 11885  8885 9112 13306 22008 12235  6463 7761 8761 16266 7945  
19982 23175 28399 53804 24930  15569 21989 19178 41978 16754  9551 12292 12464 24855 11127  6026 9834 7133 16821 6104  
51967 75730 66282 149591 55640  9340 6380 13981 14320 15224  849 1465 685 2119 402  595 123 424 998 248  
38810 38881 50624 89929 47678  15869 25421 19822 47160 16060  4945 9485 5958 15468 4703  2204 5358 3131 8650 2079  
39762 45814 53922 102735 48234  15127 24613 17351 42077 14728  5179 6390 6765 13007 5985  1846 4606 2072 6250 1549  
16726 16981 23028 40712 21197  12131 13435 15147 28888 14022  8260 7943 11218 19591 10315  6302 7331 7928 15639 7121  
5700 6241 7751 14326 7031  4816 6344 6476 13392 5579  4709 4934 6130 11154 5714  3961 3598 5473 9145 5142  
56963 77235 67600 149069 59855  5083 6156 12139 17295 9840  899 281 1492 1033 1625  96 39 250 131 217  
39354 54035 46197 103210 40844  15248 17970 21289 39107 19256  4424 7880 6728 15193 5066  2589 2185 4347 5875 4063  
