# NumberOfHospitals NumberOfScenarios TimeHorizon
5 50 4
# DemandeScenario_0_Hospital_0_Period_0 DemandeScenario_0_Hospital_1_Period_0 ... DemandeScenario_0_Hospital_0_Period_1 DemandeScenario_0_Hospital_1_Period_1 ...
# DemandeScenario_1_Hospital_0_Period_0 DemandeScenario_1_Hospital_1_Period_0 ... DemandeScenario_1_Hospital_0_Period_1 DemandeScenario_1_Hospital_1_Period_1 ...
# ...
# ...
# ...
32646 36961 45286 84986 40386  17012 22540 20709 43761 18386  7176 9487 8630 18371 7552  3272 8438 3481 11282 2590  
49884 56740 60978 118817 56796  10470 18829 14984 34572 11861  2219 4911 4720 10451 2623  364 1604 591 2159 261  
34049 44277 44516 92298 38781  13209 22676 15458 38554 12872  7394 7056 11348 17236 10709  4221 4909 5464 9946 5025  
29786 35925 38272 76042 34407  14595 22970 17318 41332 14646  7962 12011 10198 22563 8649  5009 5118 7294 11974 6726  
34710 47660 42633 93561 37149  13845 19995 18832 39612 15974  8041 7909 11421 18313 10807  3262 3964 3806 7637 3483  
5739 7384 6909 14622 6217  5138 7054 6591 14206 5676  4624 6459 5906 12853 5076  4431 5051 5894 11113 5355  
11486 14293 13922 28774 12641  8723 10539 10385 21104 9627  7879 9204 10297 19767 9352  6349 9117 7844 17429 6787  
23987 17898 32966 50123 32292  16840 21988 20532 43842 18038  10352 16990 13204 31838 10454  5000 7683 6524 14987 5199  
29712 36236 33462 70274 31355  17985 25725 23458 50714 20180  8342 11853 12183 24532 10222  3659 5148 5691 10814 4772  
22653 23168 29940 53617 27923  15216 20078 19284 40478 16882  8891 11198 12208 24259 10497  5369 6137 7029 13581 6213  
56364 63479 77015 144541 69154  4333 13350 3156 15694 1904  1380 4869 883 4218 405  982 1409 489 2807 134  
47371 78755 55534 142700 44795  11847 4646 20643 20300 21002  2848 300 4273 3483 4674  842 10 933 886 983  
49765 64655 58192 125446 52632  10469 14103 16382 30245 14346  2089 4276 4452 9206 2895  625 513 2123 2185 1484  
11459 15659 14438 31292 12505  8716 11605 11674 24178 10068  7645 10473 9041 19872 8029  6138 7122 8594 15931 7690  
17839 22025 22917 46203 20451  12287 15551 14888 30859 13488  9314 11753 12197 24356 10820  6644 9316 8689 18375 7472  
27163 36010 35924 75181 30953  16368 18150 21712 39725 20024  8918 13935 10462 24339 9006  4947 6133 6351 12315 5702  
56427 64384 76910 145529 68866  6178 16759 4368 20049 2606  388 1891 242 1581 122  89 480 33 358 7  
11838 15224 14733 30801 13106  8155 12906 10013 24138 8235  7574 8038 9565 17527 9025  6422 6778 8588 15362 7966  
5684 7055 6852 14165 6243  4535 4159 5797 9846 5629  4806 6690 5793 12862 5079  4303 5205 5350 10695 4890  
31534 42103 35639 79386 32258  14698 13594 20089 32507 19606  9393 15504 13390 30460 10405  4103 7081 6431 14037 4815  
5289 6732 7192 14550 6234  4972 7044 6334 13952 5411  4859 5295 6440 11884 5919  4453 5058 5807 11014 5303  
16527 24099 19326 45105 16678  13099 15953 17340 33951 15493  8943 11757 12105 24425 10519  6436 9011 8438 17709 7296  
51538 54152 67561 123074 62757  8465 14312 10576 27196 7486  2611 12483 2595 14028 1072  394 1927 643 2463 240  
14788 24121 17058 43504 13980  12217 16485 16131 33688 13942  9564 11420 13103 24639 11782  7058 8728 9414 18101 8466  
48183 47425 61645 109003 58722  9350 18496 10667 29467 8547  4302 9584 7719 20329 3829  800 3521 935 4436 385  
17364 23365 21925 47002 19086  12699 15698 15743 31847 14280  9012 9696 12427 22238 11352  6483 9325 7800 17321 6834  
18974 31606 22124 57074 17858  14760 20223 18388 39595 16064  10174 12294 13514 25821 12198  6772 7415 9110 16212 8445  
16637 20491 19788 40918 18145  12997 15284 17086 32929 15436  8273 9733 10189 19910 9478  6993 9278 9298 18964 8087  
23421 31245 29270 62607 25648  14685 16199 19308 35612 17802  8684 11587 12121 24354 10350  5157 9453 6200 15815 5015  
38281 39551 53476 95194 48738  15272 27304 17511 45908 14143  6215 9883 6996 16615 5924  1887 3307 2246 5378 1833  
10946 15967 12696 29741 10985  8683 13072 10637 24814 8940  7977 10157 10062 20584 9005  6005 6683 7394 13996 6981  
5419 5384 6974 12377 6621  4746 4910 5895 10800 5615  3996 4920 4481 9434 4223  3777 4542 4380 8931 4126  
40555 47247 54250 104377 48609  14433 22711 16352 39135 14035  5272 7582 6990 14397 6010  1677 2970 2590 5603 1959  
28772 37521 34539 73862 30931  14312 22058 18592 42479 15323  9385 10389 13177 23101 12084  4449 5466 5580 10822 5147  
58472 75553 75127 155936 65983  4277 5463 6069 9541 5576  328 2122 293 1814 37  15 506 44 236 1  
39740 31707 54266 85141 52681  14857 23079 17410 43498 13627  5265 11396 6472 20024 3947  2267 10155 2278 11850 1001  
39939 54988 47567 105837 41813  12463 13526 15455 28268 14974  6920 9113 12258 21727 9784  2395 3966 3845 7593 3098  
11361 15793 14208 31242 12254  9626 11207 12197 23680 11178  7813 10418 10041 21003 8784  6190 8549 7508 16348 6624  
53586 58664 75183 138106 67388  7372 19152 5098 23094 3689  1550 5397 965 4927 420  317 327 197 668 80  
32970 46581 38045 87334 33417  15105 21344 20798 43731 17464  8256 8122 12790 19855 11863  3609 4304 5231 9151 4683  
58973 67623 77550 148456 70235  3412 13696 3582 16946 1187  596 1573 383 1633 178  108 574 33 503 4  
41653 52220 52406 107403 46853  14081 19674 18671 38580 16156  4752 6161 6849 12754 5915  1612 3740 2096 5592 1557  
35384 42643 44277 88683 40181  14573 15647 20293 36239 18375  6991 10416 9631 21032 7711  3381 6734 4181 11122 3161  
11019 16043 13508 30896 11496  9615 11880 12680 25168 11274  7363 10673 8698 19886 7560  6205 7320 8665 16206 7726  
26603 40629 31098 75066 26255  16107 20572 21443 42703 18928  9453 10093 12925 22478 12030  3641 5765 5164 11035 4222  
23358 25870 31003 58010 28271  14643 20319 18797 40401 16163  8735 11876 10114 22066 9085  5748 8706 7886 17002 6529  
51376 70282 61143 135493 53899  9679 10954 16402 26301 14487  1557 2013 3268 4746 2599  324 390 497 769 423  
35748 43136 45733 91011 41175  14593 23410 17967 42370 14996  6172 9855 8353 18287 6917  3131 3874 4824 8265 4249  
47622 43379 63278 106440 60484  13141 29254 15737 49364 9804  1963 7876 2110 9215 1150  256 1389 308 1506 137  
11627 13798 15463 30123 13812  8475 10123 11815 22739 10381  6736 10745 8388 19917 6950  6727 7948 8728 16819 7917  
