# NumberOfHospitals NumberOfScenarios TimeHorizon
5 20 4
# DemandeScenario_0_Hospital_0_Period_0 DemandeScenario_0_Hospital_1_Period_0 ... DemandeScenario_0_Hospital_0_Period_1 DemandeScenario_0_Hospital_1_Period_1 ...
# DemandeScenario_1_Hospital_0_Period_0 DemandeScenario_1_Hospital_1_Period_0 ... DemandeScenario_1_Hospital_0_Period_1 DemandeScenario_1_Hospital_1_Period_1 ...
# ...
# ...
# ...
32646 36961 45286 84986 40386  17012 22540 20709 43761 18386  7176 9487 8630 18371 7552  3272 8438 3481 11282 2590  
49884 56740 60978 118817 56796  10470 18829 14984 34572 11861  2219 4911 4720 10451 2623  364 1604 591 2159 261  
34049 44277 44516 92298 38781  13209 22676 15458 38554 12872  7394 7056 11348 17236 10709  4221 4909 5464 9946 5025  
29786 35925 38272 76042 34407  14595 22970 17318 41332 14646  7962 12011 10198 22563 8649  5009 5118 7294 11974 6726  
34710 47660 42633 93561 37149  13845 19995 18832 39612 15974  8041 7909 11421 18313 10807  3262 3964 3806 7637 3483  
5739 7384 6909 14622 6217  5138 7054 6591 14206 5676  4624 6459 5906 12853 5076  4431 5051 5894 11113 5355  
11486 14293 13922 28774 12641  8723 10539 10385 21104 9627  7879 9204 10297 19767 9352  6349 9117 7844 17429 6787  
23987 17898 32966 50123 32292  16840 21988 20532 43842 18038  10352 16990 13204 31838 10454  5000 7683 6524 14987 5199  
29712 36236 33462 70274 31355  17985 25725 23458 50714 20180  8342 11853 12183 24532 10222  3659 5148 5691 10814 4772  
22653 23168 29940 53617 27923  15216 20078 19284 40478 16882  8891 11198 12208 24259 10497  5369 6137 7029 13581 6213  
56364 63479 77015 144541 69154  4333 13350 3156 15694 1904  1380 4869 883 4218 405  982 1409 489 2807 134  
47371 78755 55534 142700 44795  11847 4646 20643 20300 21002  2848 300 4273 3483 4674  842 10 933 886 983  
49765 64655 58192 125446 52632  10469 14103 16382 30245 14346  2089 4276 4452 9206 2895  625 513 2123 2185 1484  
11459 15659 14438 31292 12505  8716 11605 11674 24178 10068  7645 10473 9041 19872 8029  6138 7122 8594 15931 7690  
17839 22025 22917 46203 20451  12287 15551 14888 30859 13488  9314 11753 12197 24356 10820  6644 9316 8689 18375 7472  
27163 36010 35924 75181 30953  16368 18150 21712 39725 20024  8918 13935 10462 24339 9006  4947 6133 6351 12315 5702  
56427 64384 76910 145529 68866  6178 16759 4368 20049 2606  388 1891 242 1581 122  89 480 33 358 7  
11838 15224 14733 30801 13106  8155 12906 10013 24138 8235  7574 8038 9565 17527 9025  6422 6778 8588 15362 7966  
5684 7055 6852 14165 6243  4535 4159 5797 9846 5629  4806 6690 5793 12862 5079  4303 5205 5350 10695 4890  
31534 42103 35639 79386 32258  14698 13594 20089 32507 19606  9393 15504 13390 30460 10405  4103 7081 6431 14037 4815  
