# NumberOfHospitals NumberOfScenarios TimeHorizon
5 20 3
# DemandeScenario_0_Hospital_0_Period_0 DemandeScenario_0_Hospital_1_Period_0 ... DemandeScenario_0_Hospital_0_Period_1 DemandeScenario_0_Hospital_1_Period_1 ...
# DemandeScenario_1_Hospital_0_Period_0 DemandeScenario_1_Hospital_1_Period_0 ... DemandeScenario_1_Hospital_0_Period_1 DemandeScenario_1_Hospital_1_Period_1 ...
# ...
# ...
# ...
35100 45107 42856 90192 38366  14906 18726 21656 41322 18651  6895 11451 8426 19712 7125  
32917 33763 45900 81412 41941  15712 18416 19523 39204 17362  7763 12992 9115 23011 7302  
28666 36347 37675 76742 33055  15969 18490 20834 39471 18994  8662 11909 10828 22838 9491  
35552 47454 48046 100417 40984  14492 17163 19776 35397 18580  7835 11767 8548 19383 7637  
5920 7463 7382 15227 6614  5352 6300 6847 13387 6225  4675 5933 5665 11806 5130  
28701 36410 34569 72516 31235  15135 18078 19308 37515 17713  8887 11466 12499 24312 10824  
5243 5349 6524 11860 6233  5099 5445 6547 12084 6109  3866 4915 4231 9180 3982  
22707 23431 29857 53799 27835  12443 10842 16745 27799 15841  9916 16117 11431 28140 9636  
54332 70920 72347 149603 62537  7554 11809 8198 15916 8194  880 658 841 1308 801  
25261 20511 35066 55345 33723  16628 20831 21796 44879 18681  8764 12739 10046 23452 8584  
15536 24163 18511 44916 15403  13235 16589 16966 34151 15181  7912 12348 9740 22895 8130  
44740 69391 55388 132118 45605  13358 11716 20025 27241 19918  2904 2071 4123 5155 4197  
58441 70031 72599 145245 66165  3571 6184 6883 13250 4978  798 4324 1413 5592 386  
10709 16213 12768 30366 10767  8971 12854 11277 25099 9629  7277 10501 9110 20274 7800  
5726 6533 7743 14670 6963  5007 5846 6860 13120 6100  4909 6286 6256 12873 5549  
16715 17921 21062 39241 19744  12255 13170 17052 31002 15346  9326 11931 11684 24077 10394  
11134 14573 13065 28260 11775  9674 11736 12285 24458 11117  7919 10046 10148 20618 9041  
43427 64931 51028 121009 43451  10696 14164 15855 30312 13495  4976 3245 9246 10311 9055  
5287 6675 7207 14498 6257  5325 7229 6606 14277 5786  4226 6412 5319 12292 4444  
46673 41907 61379 102710 59079  13749 28833 17187 50601 11122  1649 3966 1986 6724 1109  
