# NumberOfHospitals NumberOfScenarios TimeHorizon
5 50 3
# DemandeScenario_0_Hospital_0_Period_0 DemandeScenario_0_Hospital_1_Period_0 ... DemandeScenario_0_Hospital_0_Period_1 DemandeScenario_0_Hospital_1_Period_1 ...
# DemandeScenario_1_Hospital_0_Period_0 DemandeScenario_1_Hospital_1_Period_0 ... DemandeScenario_1_Hospital_0_Period_1 DemandeScenario_1_Hospital_1_Period_1 ...
# ...
# ...
# ...
35100 45107 42856 90192 38366  14906 18726 21656 41322 18651  6895 11451 8426 19712 7125  
32917 33763 45900 81412 41941  15712 18416 19523 39204 17362  7763 12992 9115 23011 7302  
28666 36347 37675 76742 33055  15969 18490 20834 39471 18994  8662 11909 10828 22838 9491  
35552 47454 48046 100417 40984  14492 17163 19776 35397 18580  7835 11767 8548 19383 7637  
5920 7463 7382 15227 6614  5352 6300 6847 13387 6225  4675 5933 5665 11806 5130  
28701 36410 34569 72516 31235  15135 18078 19308 37515 17713  8887 11466 12499 24312 10824  
5243 5349 6524 11860 6233  5099 5445 6547 12084 6109  3866 4915 4231 9180 3982  
22707 23431 29857 53799 27835  12443 10842 16745 27799 15841  9916 16117 11431 28140 9636  
54332 70920 72347 149603 62537  7554 11809 8198 15916 8194  880 658 841 1308 801  
25261 20511 35066 55345 33723  16628 20831 21796 44879 18681  8764 12739 10046 23452 8584  
15536 24163 18511 44916 15403  13235 16589 16966 34151 15181  7912 12348 9740 22895 8130  
44740 69391 55388 132118 45605  13358 11716 20025 27241 19918  2904 2071 4123 5155 4197  
58441 70031 72599 145245 66165  3571 6184 6883 13250 4978  798 4324 1413 5592 386  
10709 16213 12768 30366 10767  8971 12854 11277 25099 9629  7277 10501 9110 20274 7800  
5726 6533 7743 14670 6963  5007 5846 6860 13120 6100  4909 6286 6256 12873 5549  
16715 17921 21062 39241 19744  12255 13170 17052 31002 15346  9326 11931 11684 24077 10394  
11134 14573 13065 28260 11775  9674 11736 12285 24458 11117  7919 10046 10148 20618 9041  
43427 64931 51028 121009 43451  10696 14164 15855 30312 13495  4976 3245 9246 10311 9055  
5287 6675 7207 14498 6257  5325 7229 6606 14277 5786  4226 6412 5319 12292 4444  
46673 41907 61379 102710 59079  13749 28833 17187 50601 11122  1649 3966 1986 6724 1109  
22730 28163 27370 56546 24936  13098 13230 16860 29802 16079  9849 16224 12525 30049 10121  
14663 18230 16315 34872 15252  13073 16891 16225 33808 14548  8686 11483 10440 22159 9493  
5474 5421 7619 13265 7033  4770 4247 6559 10869 6204  4614 4729 6243 11176 5742  
5787 7553 7459 15567 6531  5392 6526 6967 13807 6261  4661 6117 6118 12663 5330  
5896 7690 7313 15451 6486  5219 5557 6955 12677 6413  4822 5539 6246 11976 5697  
52182 70670 63216 138166 55629  8900 7785 14986 20834 14027  1600 3499 2430 5971 1572  
5903 7443 7331 15141 6577  5187 6116 7017 13519 6253  4585 5264 6309 11895 5634  
49095 57790 58718 117754 54525  8514 12847 11298 23143 10639  3993 8603 7308 16890 4760  
46450 59892 56267 119022 50444  12194 16085 19091 35482 16064  3222 4231 4340 8204 3842  
24189 28379 34615 65944 30205  14665 19068 19584 39235 17417  9174 14560 11015 25102 9671  
27473 27982 38263 67620 35038  16712 22682 20284 44016 17749  8400 13372 10697 24784 8807  
29425 38698 36969 78195 32511  15404 19301 20859 40717 18442  8162 10125 9915 19871 9061  
27399 40014 33659 77100 28575  14944 20098 20006 40720 17450  8669 10586 12000 22072 10877  
14189 10794 18973 29210 18731  11069 9401 14963 24570 14209  9042 11155 10955 22485 9921  
5136 6595 5805 12589 5340  5366 7042 6626 14047 5880  4655 6727 5622 12810 4844  
4909 5109 5848 10903 5642  4484 5416 5090 10554 4801  4240 3685 5703 9304 5501  
5803 7108 7662 15250 6794  5130 5254 6844 12225 6366  4609 4946 6324 11519 5746  
42037 50988 46093 97541 43669  15510 22169 22636 45120 20017  4509 7805 9624 18622 6430  
5607 6155 7036 13306 6569  5115 6126 6248 12544 5742  4763 5193 6445 11865 5865  
45339 52188 52516 105116 49657  13106 23170 17976 42070 14946  3187 3929 7176 10865 5510  
41719 50815 53097 106455 47741  13483 21100 16465 37868 14032  4659 7613 6224 13760 5186  
23565 27405 29942 58384 27336  12553 10777 17392 28172 16477  9506 17435 10858 29155 8707  
41585 64357 49749 120085 41435  13871 13186 22017 32518 20744  5039 4528 6790 10316 6609  
15477 18092 21734 41460 19118  9888 12364 14106 27547 12254  10554 13566 12967 26768 11653  
55971 79797 65918 150959 57304  6374 2835 12731 12983 12572  645 1042 2554 3484 1420  
14477 15691 16804 32387 16171  13047 14211 17517 32162 16034  8820 12963 10193 23543 9008  
11305 13997 15098 30163 13285  9261 13323 11341 25512 9767  7630 9397 10251 20074 9096  
38922 43382 44863 88184 42920  14829 22857 18857 41824 16840  5495 6883 9972 16897 8090  
52223 81153 60241 148139 50619  9338 2311 17262 16553 17380  1199 230 3189 2395 2892  
27237 29100 33858 63226 31920  14376 14151 19619 34034 18190  9138 12612 11976 25535 10089  
