# NumberOfHospitals NumberOfScenarios TimeHorizon
5 200 3
# DemandeScenario_0_Hospital_0_Period_0 DemandeScenario_0_Hospital_1_Period_0 ... DemandeScenario_0_Hospital_0_Period_1 DemandeScenario_0_Hospital_1_Period_1 ...
# DemandeScenario_1_Hospital_0_Period_0 DemandeScenario_1_Hospital_1_Period_0 ... DemandeScenario_1_Hospital_0_Period_1 DemandeScenario_1_Hospital_1_Period_1 ...
# ...
# ...
# ...
35100 45107 42856 90192 38366  14906 18726 21656 41322 18651  6895 11451 8426 19712 7125  
32917 33763 45900 81412 41941  15712 18416 19523 39204 17362  7763 12992 9115 23011 7302  
28666 36347 37675 76742 33055  15969 18490 20834 39471 18994  8662 11909 10828 22838 9491  
35552 47454 48046 100417 40984  14492 17163 19776 35397 18580  7835 11767 8548 19383 7637  
5920 7463 7382 15227 6614  5352 6300 6847 13387 6225  4675 5933 5665 11806 5130  
28701 36410 34569 72516 31235  15135 18078 19308 37515 17713  8887 11466 12499 24312 10824  
5243 5349 6524 11860 6233  5099 5445 6547 12084 6109  3866 4915 4231 9180 3982  
22707 23431 29857 53799 27835  12443 10842 16745 27799 15841  9916 16117 11431 28140 9636  
54332 70920 72347 149603 62537  7554 11809 8198 15916 8194  880 658 841 1308 801  
25261 20511 35066 55345 33723  16628 20831 21796 44879 18681  8764 12739 10046 23452 8584  
15536 24163 18511 44916 15403  13235 16589 16966 34151 15181  7912 12348 9740 22895 8130  
44740 69391 55388 132118 45605  13358 11716 20025 27241 19918  2904 2071 4123 5155 4197  
58441 70031 72599 145245 66165  3571 6184 6883 13250 4978  798 4324 1413 5592 386  
10709 16213 12768 30366 10767  8971 12854 11277 25099 9629  7277 10501 9110 20274 7800  
5726 6533 7743 14670 6963  5007 5846 6860 13120 6100  4909 6286 6256 12873 5549  
16715 17921 21062 39241 19744  12255 13170 17052 31002 15346  9326 11931 11684 24077 10394  
11134 14573 13065 28260 11775  9674 11736 12285 24458 11117  7919 10046 10148 20618 9041  
43427 64931 51028 121009 43451  10696 14164 15855 30312 13495  4976 3245 9246 10311 9055  
5287 6675 7207 14498 6257  5325 7229 6606 14277 5786  4226 6412 5319 12292 4444  
46673 41907 61379 102710 59079  13749 28833 17187 50601 11122  1649 3966 1986 6724 1109  
22730 28163 27370 56546 24936  13098 13230 16860 29802 16079  9849 16224 12525 30049 10121  
14663 18230 16315 34872 15252  13073 16891 16225 33808 14548  8686 11483 10440 22159 9493  
5474 5421 7619 13265 7033  4770 4247 6559 10869 6204  4614 4729 6243 11176 5742  
5787 7553 7459 15567 6531  5392 6526 6967 13807 6261  4661 6117 6118 12663 5330  
5896 7690 7313 15451 6486  5219 5557 6955 12677 6413  4822 5539 6246 11976 5697  
52182 70670 63216 138166 55629  8900 7785 14986 20834 14027  1600 3499 2430 5971 1572  
5903 7443 7331 15141 6577  5187 6116 7017 13519 6253  4585 5264 6309 11895 5634  
49095 57790 58718 117754 54525  8514 12847 11298 23143 10639  3993 8603 7308 16890 4760  
46450 59892 56267 119022 50444  12194 16085 19091 35482 16064  3222 4231 4340 8204 3842  
24189 28379 34615 65944 30205  14665 19068 19584 39235 17417  9174 14560 11015 25102 9671  
27473 27982 38263 67620 35038  16712 22682 20284 44016 17749  8400 13372 10697 24784 8807  
29425 38698 36969 78195 32511  15404 19301 20859 40717 18442  8162 10125 9915 19871 9061  
27399 40014 33659 77100 28575  14944 20098 20006 40720 17450  8669 10586 12000 22072 10877  
14189 10794 18973 29210 18731  11069 9401 14963 24570 14209  9042 11155 10955 22485 9921  
5136 6595 5805 12589 5340  5366 7042 6626 14047 5880  4655 6727 5622 12810 4844  
4909 5109 5848 10903 5642  4484 5416 5090 10554 4801  4240 3685 5703 9304 5501  
5803 7108 7662 15250 6794  5130 5254 6844 12225 6366  4609 4946 6324 11519 5746  
42037 50988 46093 97541 43669  15510 22169 22636 45120 20017  4509 7805 9624 18622 6430  
5607 6155 7036 13306 6569  5115 6126 6248 12544 5742  4763 5193 6445 11865 5865  
45339 52188 52516 105116 49657  13106 23170 17976 42070 14946  3187 3929 7176 10865 5510  
41719 50815 53097 106455 47741  13483 21100 16465 37868 14032  4659 7613 6224 13760 5186  
23565 27405 29942 58384 27336  12553 10777 17392 28172 16477  9506 17435 10858 29155 8707  
41585 64357 49749 120085 41435  13871 13186 22017 32518 20744  5039 4528 6790 10316 6609  
15477 18092 21734 41460 19118  9888 12364 14106 27547 12254  10554 13566 12967 26768 11653  
55971 79797 65918 150959 57304  6374 2835 12731 12983 12572  645 1042 2554 3484 1420  
14477 15691 16804 32387 16171  13047 14211 17517 32162 16034  8820 12963 10193 23543 9008  
11305 13997 15098 30163 13285  9261 13323 11341 25512 9767  7630 9397 10251 20074 9096  
38922 43382 44863 88184 42920  14829 22857 18857 41824 16840  5495 6883 9972 16897 8090  
52223 81153 60241 148139 50619  9338 2311 17262 16553 17380  1199 230 3189 2395 2892  
27237 29100 33858 63226 31920  14376 14151 19619 34034 18190  9138 12612 11976 25535 10089  
23322 31056 29442 62683 25735  13795 18655 16146 35292 14480  8891 12424 12333 25410 10448  
39363 32794 51738 83402 50564  14324 24936 16154 42174 13247  5575 9407 8444 19874 5655  
44433 54537 62430 122632 54070  15412 21275 16352 35516 15445  2497 6420 2199 7435 1688  
46236 51194 62204 115997 56443  11952 23555 13774 37848 10670  3119 6490 3699 9447 2957  
33255 45955 42573 92502 36501  16822 19835 21685 40967 19954  6484 7917 9435 16943 8390  
37246 52248 48218 105471 40938  12952 20410 16328 35903 14226  7582 6868 10542 15886 10316  
28929 35447 38278 76162 33890  15993 19465 20255 40017 18319  8287 10860 10266 21181 9141  
51981 67492 58799 128482 53775  9843 13095 18367 31412 15633  858 1809 2443 4081 1602  
4547 7791 5275 13940 4200  5247 7112 6676 14286 5803  4523 6644 5330 12405 4591  
35163 44620 39365 85079 36440  18161 23524 25996 50594 22593  5760 8076 8467 16370 7320  
38560 55599 44776 103986 38906  14269 18852 20628 40334 17618  6691 5087 10229 13835 10050  
10591 15048 13633 30134 11538  9623 12165 12552 25344 11124  6665 10791 7928 19463 6575  
23738 29864 30359 62024 26962  13386 12549 18074 30527 17069  9713 13284 12536 26476 10802  
54675 51709 74255 126783 69830  7212 19611 6790 31607 1738  969 6814 406 6299 35  
5851 7075 7706 15226 6872  5328 7032 6737 14202 5918  4713 5221 6014 11339 5572  
4697 5873 6662 13212 5725  5425 6663 7059 14086 6300  3857 5029 5426 10952 4648  
40597 50388 53409 107297 47179  14487 21755 17511 39019 15243  5211 6523 6681 12805 6023  
22634 26717 27628 55093 25459  12823 12822 16437 28987 15710  10342 14202 14210 29572 11927  
11773 15509 14713 31207 12959  8504 11713 11341 24086 9655  7588 10800 9058 20337 7914  
17633 21014 23221 45474 20782  10998 13593 15367 30057 13372  9071 10045 11096 21197 10332  
26640 39471 33010 76147 27766  15575 18307 21812 40087 19669  9477 11904 11421 23076 10412  
38462 63468 44942 114993 36436  14300 13739 23044 34172 21552  7390 4861 9672 13329 9780  
29095 37382 37651 77688 33059  13326 22063 16110 39267 13329  7659 11492 9869 21438 8458  
5043 8022 5969 14767 4927  5139 7033 6073 13473 5376  4498 6443 5732 12705 4875  
33742 48413 40653 92652 34998  14469 19765 19927 40333 17155  6141 8485 8830 16864 7733  
52024 56969 69921 129602 63662  8778 22988 8845 31550 5923  1765 3209 2110 5167 1536  
44982 47793 61785 112050 56260  12887 19377 14877 35894 12138  3488 9311 3560 12801 2378  
53335 68684 67209 140066 59494  6401 13067 8822 20822 7068  2755 1392 4079 4991 3953  
5282 7641 6723 15104 5672  4884 5498 6842 12705 6120  4420 4988 6185 11488 5534  
28641 30654 36988 68358 34377  16039 24741 19813 46137 16585  8360 12049 11554 24193 9653  
17189 20218 21186 42018 19481  12344 16436 14915 31988 13322  9070 10663 11861 22705 10787  
23002 24911 31041 57112 28311  14509 22375 17488 41168 14764  9444 11351 12571 24141 11242  
19965 29071 25942 58155 21659  13729 18546 18342 37541 16046  9995 12003 13343 24977 12215  
33807 46388 43041 93235 37074  14616 21478 18439 40119 15984  8122 8338 11226 18655 10567  
28398 29570 37044 67224 34554  14993 16892 19680 37378 17730  8807 15769 10138 26364 8266  
48945 75124 61699 145082 50770  9150 6102 15483 14019 17034  4074 2249 3802 6862 3436  
35271 36304 42673 78654 41025  17844 25326 24568 51795 20577  5906 11173 7707 19137 6022  
16608 18208 20621 39102 19313  11808 14287 14295 28818 13193  9193 11993 11533 23890 10305  
47625 58476 65444 129194 57127  11807 21828 12051 31112 10704  1982 1968 2723 3906 2751  
27702 30761 34210 65476 31978  13321 18338 15000 33410 13817  9943 15824 13167 30148 10765  
27069 37803 30906 70697 27373  16631 21451 22544 45121 19672  9103 10599 12947 23365 11631  
4947 7350 6367 14522 5292  4929 7378 5931 13881 5032  4488 6691 5323 12471 4548  
21302 29636 27700 60167 23562  14691 15175 20279 35426 18790  8256 11222 11251 22824 9775  
29735 35505 38473 75815 34617  15082 20684 18064 39236 16038  7628 13201 9881 23833 7889  
20138 30537 25289 59022 20957  15707 20013 19910 40328 17862  8088 10421 11678 22134 10263  
36524 44930 42066 88032 38997  15315 19719 20178 39856 18420  5579 8416 7638 15860 6817  
46243 60781 59424 124716 51869  12519 14299 16777 29736 15545  2582 5901 3449 8749 2613  
44412 47515 52355 99570 50274  14012 25816 18884 45837 15340  3457 5627 7486 13752 5014  
53220 69228 66332 139672 58714  6638 11739 10885 21723 8731  2690 2061 3337 4935 3278  
44679 60405 57736 123246 49768  13112 14702 17915 30569 16903  3986 5507 4450 9704 3839  
35210 39265 45899 86643 42040  15672 24385 19518 45202 16285  6412 8059 8199 16183 7315  
23681 29721 30448 62012 27016  12835 20494 15785 37697 13075  9503 12280 12640 25014 11206  
11381 13653 15290 29909 13562  9274 11979 12192 24958 10676  7370 8203 10117 18665 9138  
31280 48673 36013 88728 30262  16489 17703 21106 38449 19907  7078 9534 11390 21359 9332  
53589 66645 68398 138822 61014  7390 13409 9056 21529 7559  1757 2381 3414 5414 2681  
36360 47942 49019 101699 42037  14656 23559 17457 39925 15338  6369 8240 7841 15301 7205  
36431 32781 48002 80381 46150  16717 24873 22273 50695 17590  5610 10755 6115 17136 4790  
34189 42276 45495 90906 40080  14856 24096 17254 41642 14686  7187 8614 10224 18320 9211  
47078 56555 58839 117661 53473  12042 19199 16890 36886 13669  2640 5010 3289 7850 2736  
49977 64045 66444 135835 57844  10133 15980 12036 25298 11097  2236 2956 2447 4907 2186  
17000 18999 23182 43329 20884  12655 16393 16435 33781 14425  7616 10192 10536 21442 9049  
52584 81171 60803 148632 51225  8357 2353 17940 16342 17449  1355 180 1937 1788 2028  
32228 43719 36746 82434 32954  17125 19123 24179 43353 21981  7412 9166 10760 19958 9389  
37356 62767 43632 113219 35020  18581 15587 27179 39798 26375  4066 3873 6697 9429 6231  
38983 38373 52072 91115 48821  14890 21668 18121 41451 15113  5471 9694 7094 17992 5212  
45485 58935 62309 127322 53471  12468 18560 14534 29333 14136  3959 4879 3822 8331 3358  
32913 38991 45077 87127 39845  15691 22144 19834 42348 17371  7109 9159 8993 17889 8088  
54646 52493 72394 125268 68469  7658 23071 8206 34980 3032  714 6912 758 6176 88  
34636 41733 46109 90654 40958  14597 24418 16901 41794 14196  7769 8426 10274 18269 9496  
55686 60149 76895 140597 69579  5061 15522 3396 19114 1607  2227 6087 1239 6972 413  
10999 10967 14300 25353 13506  9126 9899 11659 21762 10828  6582 7843 7647 15480 7197  
14657 24016 17003 43402 13878  13358 16837 17049 34520 15243  9275 12376 11772 24591 10369  
57958 64377 77772 145388 70570  4643 14502 3176 17897 919  471 4256 571 4111 101  
17695 21808 23017 46183 20468  11690 11776 16348 28536 15001  9177 13134 10678 24162 9390  
40550 46471 54366 103526 48912  14590 23447 17552 41491 14731  4638 8647 5795 14004 4730  
39623 40573 53698 95683 49600  14213 21426 15989 38304 13575  5868 12437 6981 19586 5275  
50908 52831 66204 120015 61871  9985 20160 12727 35404 8596  1473 4837 1652 6452 870  
34016 41519 45563 90156 40218  13448 21465 17216 39204 14532  8554 9119 10690 19297 10014  
53635 48894 73049 122332 69170  8275 24612 7178 35418 2262  918 5064 1081 6456 157  
45556 72823 52465 131880 43465  11566 8951 20424 26880 19061  4016 1696 5916 6464 6151  
35583 42548 45029 89422 40808  14413 17185 20630 38833 17923  6954 9476 8471 18192 7363  
32084 35273 45026 82905 40309  17023 27332 19428 47271 16561  6665 9763 8863 18470 7667  
28197 28694 38321 68009 35418  14309 14471 18752 34093 17139  7430 7539 9459 18057 8378  
5492 7939 6377 14837 5544  5396 6859 6785 13993 6055  4622 6576 5789 12857 4959  
11080 11774 13978 25899 13135  7832 6067 10750 16648 10445  6717 6181 8751 14953 8342  
39868 45964 49308 96480 45554  14188 20964 17899 39360 15517  5314 9964 7182 17426 5664  
20063 19156 25017 43806 24238  14231 14605 19091 34118 17620  9352 10321 13136 24615 11398  
17443 21803 21306 44036 19265  10723 11729 12828 24403 12267  8825 9236 11852 21094 11010  
4592 5321 5092 10409 4886  4139 4895 4551 9423 4381  3953 4801 4410 9213 4203  
30432 41652 40680 86696 34505  17152 22170 22025 43532 20024  8261 8982 10652 18891 10007  
15996 19289 18759 38482 17408  12302 12488 16566 29157 15450  8557 10328 10542 20957 9717  
24750 22664 31188 53258 30377  17493 23632 22352 47386 19412  8244 11154 10368 21726 9164  
11681 13119 14993 28544 13785  8989 11063 12301 24257 10750  7836 11131 9689 21411 8386  
46743 52739 59747 114195 54915  11057 14132 15496 30844 12914  3773 9742 4341 14267 2833  
40036 48871 48622 99200 44389  14391 22235 18519 41657 15668  5204 6317 7857 13791 6988  
35075 41784 49476 95370 43195  16340 19488 20472 39630 18946  7490 12237 7734 19745 6523  
45615 48948 62011 113328 56537  12568 18936 14575 34997 11880  3387 8004 3378 11415 2365  
36785 55241 45399 105901 37999  15888 17027 22882 38134 21363  6173 7724 7565 14723 6898  
48569 52003 56793 108363 54685  11583 24026 16641 41560 13168  2351 4901 6118 12023 3335  
15163 16469 17997 34456 17171  12922 13990 17586 32119 16007  7996 10913 9007 19970 8274  
43479 51597 59736 115505 52711  13460 24103 14838 37672 12722  4012 4894 4993 9235 4591  
28247 31688 38569 72228 34682  16416 23116 19882 43782 17362  8416 11109 10997 22344 9614  
5719 5993 7651 13846 7070  4792 5293 5809 11145 5479  4388 4896 5354 10287 5031  
43561 45869 54484 100697 51441  14657 24384 20144 46874 15682  3615 8269 5295 14060 3525  
5759 7872 6952 15303 6110  5084 6565 6047 12865 5470  3974 6608 4665 11928 3782  
54656 69771 73254 149074 63676  7875 12394 7802 17211 7415  464 1413 427 1105 454  
16927 24171 20475 46436 17644  11675 16171 15436 32794 13199  8975 11026 12354 23622 10988  
21471 23571 30096 55376 26970  13066 20401 16535 38327 13812  10501 14733 12603 27400 11144  
42360 37640 58373 96312 55322  15239 27397 17551 48467 12881  3423 8349 3298 11639 2275  
49033 72815 57304 135544 49030  10721 9398 18000 25844 16608  2451 1277 4589 4803 4416  
33603 39634 40756 81427 37643  16354 24631 21210 47386 17807  7060 11148 9887 21441 8073  
45445 64261 54802 123592 47456  11493 15064 16642 31289 14544  3328 3337 5713 8214 5186  
21770 24310 26543 51191 24880  15544 21622 19980 43039 17173  8128 10386 9652 19937 8946  
30552 29747 38076 67412 36719  15856 18908 20785 40364 18682  8439 17283 9894 27823 7636  
58981 73334 76501 154481 67871  2410 8641 3720 9762 2753  1506 1613 1193 3013 877  
49546 68536 57236 129401 50704  10950 9723 18757 26740 17548  2021 4746 3893 9299 2288  
52460 80754 62563 150615 52294  6561 2765 12545 12369 12262  2644 173 5011 3073 5556  
41093 46645 54378 103301 49288  11848 18313 16180 35947 13136  5859 9349 6932 15887 5992  
29540 33939 38067 73370 34711  14432 21207 16622 38412 14604  8836 10881 12637 23875 10974  
26712 30988 37130 70652 32854  15625 22691 19622 43111 16981  9359 12026 11686 23531 10527  
29167 31918 38291 71354 35168  16010 22254 20302 43773 17492  8189 13970 9982 24341 8197  
23568 30111 30218 62305 26674  13268 17001 18287 36303 15909  9333 10012 12450 22426 11471  
15832 24369 18419 44808 15517  11562 16164 15337 32771 13042  9167 12458 11187 24049 9893  
33999 45783 40190 88348 35732  16266 19616 22149 42002 19892  7093 10175 10119 20508 8506  
9888 14646 12760 29007 10602  9199 13367 10894 25043 9425  7734 10719 9641 20893 8406  
24856 30471 34866 68458 30230  17056 21547 21775 43574 19633  9492 13378 11551 24757 10234  
46188 59194 60173 123722 52753  12458 14354 15603 29048 14455  3204 6053 4397 10144 3449  
45745 62494 57748 125085 49966  9567 16027 12554 27682 10668  4595 3834 7161 9709 6920  
11461 14026 15255 30281 13493  9210 13184 10825 24699 9450  7193 7752 10257 18355 9241  
10178 16194 11741 29383 9750  9354 11690 12641 25068 11112  7700 9953 9179 19402 8297  
58632 77845 71989 154472 63556  3613 3660 6133 8285 5986  773 1671 3060 3984 1979  
34144 55679 40129 101490 32698  16919 18263 24405 41425 22474  6346 6415 9298 14537 8797  
17361 21656 21139 43681 19147  12707 16679 15840 33263 14060  9066 10253 12725 23342 11374  
44394 37537 58000 94298 56654  15437 34503 18131 56028 12297  2185 4856 3692 9189 2157  
49303 46869 66557 114076 62658  11508 25861 12370 41130 7800  1776 7638 1804 8637 881  
4939 6263 5494 11897 5104  5290 5868 6810 12823 6291  4838 6681 5920 13004 5178  
20635 20027 25959 45759 24970  12820 16630 14577 31272 13559  8447 6800 12477 19350 11621  
33432 48416 39657 91555 34165  15245 20107 20978 41751 18217  7060 7840 10901 17918 9895  
11209 11852 14306 26341 13404  9434 10837 12037 23207 11021  7963 10417 10080 21012 8897  
45406 30515 62536 90871 62197  14892 38322 14815 57460 8267  1818 5276 2894 9663 970  
11737 15604 14514 31090 12782  9249 11336 11277 22919 10301  7931 9661 10457 20512 9345  
11461 12012 15169 27526 14058  8651 8191 11498 19777 10855  7520 8584 9532 18380 8730  
40912 50569 50318 103005 45551  14210 21281 19809 42303 16359  5015 7133 7445 14156 6351  
50170 78493 61140 147668 50363  9822 4604 17151 15638 18006  2256 603 2488 3320 2471  
22735 28435 27304 56813 24817  13585 19122 15898 35747 14128  8784 9129 11758 20514 11135  
16095 24184 19451 45757 16389  12869 15373 17376 33324 15550  8787 12826 10629 23966 9197  
39359 39773 51952 92459 48617  14240 18461 18770 39304 15693  5302 8948 6369 16524 4780  
48926 41130 63723 103365 62383  10323 23801 12242 38946 7733  3167 10654 4843 18168 1423  
28619 30284 37258 68263 34636  15751 19936 20160 41047 17811  8290 12932 9995 23267 8485  
41595 51844 53325 108226 47463  12435 21620 14787 36693 12231  5479 4865 8826 12850 8128  
