# NumberOfHospitals NumberOfScenarios TimeHorizon
5 100 3
# DemandeScenario_0_Hospital_0_Period_0 DemandeScenario_0_Hospital_1_Period_0 ... DemandeScenario_0_Hospital_0_Period_1 DemandeScenario_0_Hospital_1_Period_1 ...
# DemandeScenario_1_Hospital_0_Period_0 DemandeScenario_1_Hospital_1_Period_0 ... DemandeScenario_1_Hospital_0_Period_1 DemandeScenario_1_Hospital_1_Period_1 ...
# ...
# ...
# ...
35100 45107 42856 90192 38366  14906 18726 21656 41322 18651  6895 11451 8426 19712 7125  
32917 33763 45900 81412 41941  15712 18416 19523 39204 17362  7763 12992 9115 23011 7302  
28666 36347 37675 76742 33055  15969 18490 20834 39471 18994  8662 11909 10828 22838 9491  
35552 47454 48046 100417 40984  14492 17163 19776 35397 18580  7835 11767 8548 19383 7637  
5920 7463 7382 15227 6614  5352 6300 6847 13387 6225  4675 5933 5665 11806 5130  
28701 36410 34569 72516 31235  15135 18078 19308 37515 17713  8887 11466 12499 24312 10824  
5243 5349 6524 11860 6233  5099 5445 6547 12084 6109  3866 4915 4231 9180 3982  
22707 23431 29857 53799 27835  12443 10842 16745 27799 15841  9916 16117 11431 28140 9636  
54332 70920 72347 149603 62537  7554 11809 8198 15916 8194  880 658 841 1308 801  
25261 20511 35066 55345 33723  16628 20831 21796 44879 18681  8764 12739 10046 23452 8584  
15536 24163 18511 44916 15403  13235 16589 16966 34151 15181  7912 12348 9740 22895 8130  
44740 69391 55388 132118 45605  13358 11716 20025 27241 19918  2904 2071 4123 5155 4197  
58441 70031 72599 145245 66165  3571 6184 6883 13250 4978  798 4324 1413 5592 386  
10709 16213 12768 30366 10767  8971 12854 11277 25099 9629  7277 10501 9110 20274 7800  
5726 6533 7743 14670 6963  5007 5846 6860 13120 6100  4909 6286 6256 12873 5549  
16715 17921 21062 39241 19744  12255 13170 17052 31002 15346  9326 11931 11684 24077 10394  
11134 14573 13065 28260 11775  9674 11736 12285 24458 11117  7919 10046 10148 20618 9041  
43427 64931 51028 121009 43451  10696 14164 15855 30312 13495  4976 3245 9246 10311 9055  
5287 6675 7207 14498 6257  5325 7229 6606 14277 5786  4226 6412 5319 12292 4444  
46673 41907 61379 102710 59079  13749 28833 17187 50601 11122  1649 3966 1986 6724 1109  
22730 28163 27370 56546 24936  13098 13230 16860 29802 16079  9849 16224 12525 30049 10121  
14663 18230 16315 34872 15252  13073 16891 16225 33808 14548  8686 11483 10440 22159 9493  
5474 5421 7619 13265 7033  4770 4247 6559 10869 6204  4614 4729 6243 11176 5742  
5787 7553 7459 15567 6531  5392 6526 6967 13807 6261  4661 6117 6118 12663 5330  
5896 7690 7313 15451 6486  5219 5557 6955 12677 6413  4822 5539 6246 11976 5697  
52182 70670 63216 138166 55629  8900 7785 14986 20834 14027  1600 3499 2430 5971 1572  
5903 7443 7331 15141 6577  5187 6116 7017 13519 6253  4585 5264 6309 11895 5634  
49095 57790 58718 117754 54525  8514 12847 11298 23143 10639  3993 8603 7308 16890 4760  
46450 59892 56267 119022 50444  12194 16085 19091 35482 16064  3222 4231 4340 8204 3842  
24189 28379 34615 65944 30205  14665 19068 19584 39235 17417  9174 14560 11015 25102 9671  
27473 27982 38263 67620 35038  16712 22682 20284 44016 17749  8400 13372 10697 24784 8807  
29425 38698 36969 78195 32511  15404 19301 20859 40717 18442  8162 10125 9915 19871 9061  
27399 40014 33659 77100 28575  14944 20098 20006 40720 17450  8669 10586 12000 22072 10877  
14189 10794 18973 29210 18731  11069 9401 14963 24570 14209  9042 11155 10955 22485 9921  
5136 6595 5805 12589 5340  5366 7042 6626 14047 5880  4655 6727 5622 12810 4844  
4909 5109 5848 10903 5642  4484 5416 5090 10554 4801  4240 3685 5703 9304 5501  
5803 7108 7662 15250 6794  5130 5254 6844 12225 6366  4609 4946 6324 11519 5746  
42037 50988 46093 97541 43669  15510 22169 22636 45120 20017  4509 7805 9624 18622 6430  
5607 6155 7036 13306 6569  5115 6126 6248 12544 5742  4763 5193 6445 11865 5865  
45339 52188 52516 105116 49657  13106 23170 17976 42070 14946  3187 3929 7176 10865 5510  
41719 50815 53097 106455 47741  13483 21100 16465 37868 14032  4659 7613 6224 13760 5186  
23565 27405 29942 58384 27336  12553 10777 17392 28172 16477  9506 17435 10858 29155 8707  
41585 64357 49749 120085 41435  13871 13186 22017 32518 20744  5039 4528 6790 10316 6609  
15477 18092 21734 41460 19118  9888 12364 14106 27547 12254  10554 13566 12967 26768 11653  
55971 79797 65918 150959 57304  6374 2835 12731 12983 12572  645 1042 2554 3484 1420  
14477 15691 16804 32387 16171  13047 14211 17517 32162 16034  8820 12963 10193 23543 9008  
11305 13997 15098 30163 13285  9261 13323 11341 25512 9767  7630 9397 10251 20074 9096  
38922 43382 44863 88184 42920  14829 22857 18857 41824 16840  5495 6883 9972 16897 8090  
52223 81153 60241 148139 50619  9338 2311 17262 16553 17380  1199 230 3189 2395 2892  
27237 29100 33858 63226 31920  14376 14151 19619 34034 18190  9138 12612 11976 25535 10089  
23322 31056 29442 62683 25735  13795 18655 16146 35292 14480  8891 12424 12333 25410 10448  
39363 32794 51738 83402 50564  14324 24936 16154 42174 13247  5575 9407 8444 19874 5655  
44433 54537 62430 122632 54070  15412 21275 16352 35516 15445  2497 6420 2199 7435 1688  
46236 51194 62204 115997 56443  11952 23555 13774 37848 10670  3119 6490 3699 9447 2957  
33255 45955 42573 92502 36501  16822 19835 21685 40967 19954  6484 7917 9435 16943 8390  
37246 52248 48218 105471 40938  12952 20410 16328 35903 14226  7582 6868 10542 15886 10316  
28929 35447 38278 76162 33890  15993 19465 20255 40017 18319  8287 10860 10266 21181 9141  
51981 67492 58799 128482 53775  9843 13095 18367 31412 15633  858 1809 2443 4081 1602  
4547 7791 5275 13940 4200  5247 7112 6676 14286 5803  4523 6644 5330 12405 4591  
35163 44620 39365 85079 36440  18161 23524 25996 50594 22593  5760 8076 8467 16370 7320  
38560 55599 44776 103986 38906  14269 18852 20628 40334 17618  6691 5087 10229 13835 10050  
10591 15048 13633 30134 11538  9623 12165 12552 25344 11124  6665 10791 7928 19463 6575  
23738 29864 30359 62024 26962  13386 12549 18074 30527 17069  9713 13284 12536 26476 10802  
54675 51709 74255 126783 69830  7212 19611 6790 31607 1738  969 6814 406 6299 35  
5851 7075 7706 15226 6872  5328 7032 6737 14202 5918  4713 5221 6014 11339 5572  
4697 5873 6662 13212 5725  5425 6663 7059 14086 6300  3857 5029 5426 10952 4648  
40597 50388 53409 107297 47179  14487 21755 17511 39019 15243  5211 6523 6681 12805 6023  
22634 26717 27628 55093 25459  12823 12822 16437 28987 15710  10342 14202 14210 29572 11927  
11773 15509 14713 31207 12959  8504 11713 11341 24086 9655  7588 10800 9058 20337 7914  
17633 21014 23221 45474 20782  10998 13593 15367 30057 13372  9071 10045 11096 21197 10332  
26640 39471 33010 76147 27766  15575 18307 21812 40087 19669  9477 11904 11421 23076 10412  
38462 63468 44942 114993 36436  14300 13739 23044 34172 21552  7390 4861 9672 13329 9780  
29095 37382 37651 77688 33059  13326 22063 16110 39267 13329  7659 11492 9869 21438 8458  
5043 8022 5969 14767 4927  5139 7033 6073 13473 5376  4498 6443 5732 12705 4875  
33742 48413 40653 92652 34998  14469 19765 19927 40333 17155  6141 8485 8830 16864 7733  
52024 56969 69921 129602 63662  8778 22988 8845 31550 5923  1765 3209 2110 5167 1536  
44982 47793 61785 112050 56260  12887 19377 14877 35894 12138  3488 9311 3560 12801 2378  
53335 68684 67209 140066 59494  6401 13067 8822 20822 7068  2755 1392 4079 4991 3953  
5282 7641 6723 15104 5672  4884 5498 6842 12705 6120  4420 4988 6185 11488 5534  
28641 30654 36988 68358 34377  16039 24741 19813 46137 16585  8360 12049 11554 24193 9653  
17189 20218 21186 42018 19481  12344 16436 14915 31988 13322  9070 10663 11861 22705 10787  
23002 24911 31041 57112 28311  14509 22375 17488 41168 14764  9444 11351 12571 24141 11242  
19965 29071 25942 58155 21659  13729 18546 18342 37541 16046  9995 12003 13343 24977 12215  
33807 46388 43041 93235 37074  14616 21478 18439 40119 15984  8122 8338 11226 18655 10567  
28398 29570 37044 67224 34554  14993 16892 19680 37378 17730  8807 15769 10138 26364 8266  
48945 75124 61699 145082 50770  9150 6102 15483 14019 17034  4074 2249 3802 6862 3436  
35271 36304 42673 78654 41025  17844 25326 24568 51795 20577  5906 11173 7707 19137 6022  
16608 18208 20621 39102 19313  11808 14287 14295 28818 13193  9193 11993 11533 23890 10305  
47625 58476 65444 129194 57127  11807 21828 12051 31112 10704  1982 1968 2723 3906 2751  
27702 30761 34210 65476 31978  13321 18338 15000 33410 13817  9943 15824 13167 30148 10765  
27069 37803 30906 70697 27373  16631 21451 22544 45121 19672  9103 10599 12947 23365 11631  
4947 7350 6367 14522 5292  4929 7378 5931 13881 5032  4488 6691 5323 12471 4548  
21302 29636 27700 60167 23562  14691 15175 20279 35426 18790  8256 11222 11251 22824 9775  
29735 35505 38473 75815 34617  15082 20684 18064 39236 16038  7628 13201 9881 23833 7889  
20138 30537 25289 59022 20957  15707 20013 19910 40328 17862  8088 10421 11678 22134 10263  
36524 44930 42066 88032 38997  15315 19719 20178 39856 18420  5579 8416 7638 15860 6817  
46243 60781 59424 124716 51869  12519 14299 16777 29736 15545  2582 5901 3449 8749 2613  
44412 47515 52355 99570 50274  14012 25816 18884 45837 15340  3457 5627 7486 13752 5014  
53220 69228 66332 139672 58714  6638 11739 10885 21723 8731  2690 2061 3337 4935 3278  
44679 60405 57736 123246 49768  13112 14702 17915 30569 16903  3986 5507 4450 9704 3839  
