# NumberOfHospitals NumberOfScenarios TimeHorizon
3 300 5
# DemandeScenario_0_Hospital_0_Period_0 DemandeScenario_0_Hospital_1_Period_0 ... DemandeScenario_0_Hospital_0_Period_1 DemandeScenario_0_Hospital_1_Period_1 ...
# DemandeScenario_1_Hospital_0_Period_0 DemandeScenario_1_Hospital_1_Period_0 ... DemandeScenario_1_Hospital_0_Period_1 DemandeScenario_1_Hospital_1_Period_1 ...
# ...
# ...
# ...
19012 19573 8517  9785 9247 4700  2890 6463 1872  2086 2300 903  1127 1549 643  
19426 21473 9406  8480 9614 4406  3777 4449 1873  2335 2175 749  1086 1148 430  
2949 3662 1474  2771 2882 1216  2905 2351 1265  2514 2503 1131  1790 2528 1064  
22265 28287 10260  7941 8826 3952  3069 2857 1810  1685 448 705  390 140 263  
11541 18372 6951  8940 10234 4344  5671 4902 2636  3471 3023 1432  2233 1514 822  
24661 32430 11686  8577 6340 3873  2034 1609 1273  350 190 248  252 16 124  
31036 24100 13463  4078 12685 3216  682 2086 427  90 1009 113  12 540 16  
2455 3707 1431  2718 3263 1452  1573 2931 980  1834 2681 943  2182 2417 985  
23705 16920 9707  7703 11411 4786  2915 7407 1805  1054 2252 561  308 1546 217  
27260 20096 11841  5346 9313 3587  2485 6262 1330  594 2177 320  156 1321 108  
21441 29936 11960  8276 7291 3658  3902 2277 893  1501 711 540  468 266 103  
13299 17904 7640  10727 8967 4491  4304 6321 2103  3389 3129 1286  1861 1687 809  
9980 14913 5716  5505 9003 3345  5220 5739 2194  5154 3887 2034  3001 2277 1073  
27789 33225 14042  4731 5403 1680  1819 1542 833  1053 359 520  422 38 119  
31642 24744 15001  3661 7292 1661  502 6737 547  71 941 28  18 482 3  
11190 21294 7296  9721 10444 4836  6993 4811 2439  3635 2165 1389  1186 981 471  
19516 11103 7822  9345 11334 4703  4004 7867 2413  1754 4551 1242  698 2755 598  
22500 26754 9896  10102 9290 4925  2351 3629 1726  447 668 314  281 183 201  
2680 3554 1532  2709 3258 1445  1909 3012 1144  2147 2419 1163  2524 2270 1101  
29013 26612 15050  6187 7564 1815  525 2662 290  155 2072 74  20 1390 13  
6529 7135 3236  4629 5445 2105  4508 4086 2197  3705 4075 1730  2296 3587 1231  
9582 10534 4892  6346 7666 2926  5726 5217 2624  3518 4286 1601  3051 3010 1374  
26048 21039 12265  7528 11464 3670  1747 3789 888  410 1605 263  127 1831 118  
13262 14096 6446  8433 8933 3914  3406 6325 2102  3283 3472 1300  2270 2805 1218  
7694 7375 4249  8022 7807 3652  4981 6647 2593  3678 4935 1856  3078 2536 1300  
20865 17898 10493  7682 9609 3956  4578 4476 1608  1831 4500 782  517 2089 256  
3329 2143 1383  3001 3122 1375  2730 2506 1322  2197 2135 1148  2324 1828 969  
15822 25474 9718  12071 8368 4934  3670 4077 1490  2464 1264 712  623 864 176  
13025 13760 6059  8821 7761 3945  5312 6070 2715  2769 4792 1567  2192 2814 1078  
6727 5932 2888  5593 4923 2477  4024 5414 2177  3714 3027 1591  2967 3590 1497  
19226 32558 11347  9395 6570 3769  3357 1171 1269  2014 236 496  1214 42 185  
30764 24066 12925  3965 13330 3393  1021 1980 723  131 695 168  14 257 22  
28787 30113 14650  4847 5091 1992  1939 3030 449  207 750 103  80 610 29  
16210 17475 7644  9143 8545 4460  4803 6230 2420  2690 2697 1222  1423 2341 693  
26477 23890 11345  7114 10944 4302  1680 3160 992  454 1711 455  124 607 99  
16522 16929 8172  9226 9282 4235  4299 5566 2241  2815 3284 1167  1224 2499 640  
10653 14379 5417  8610 9367 4393  4119 5893 2045  3663 4044 1769  2848 2127 1020  
16759 16780 7705  7567 9657 4335  4154 6187 2266  3399 2977 1379  1910 1755 655  
30652 27022 14329  3773 11173 2368  1112 1834 450  307 265 84  40 217 7  
9837 9326 4292  7548 6685 3457  5306 5912 2616  3581 4872 1851  1985 3723 1142  
3036 3332 1602  3086 3135 1465  2704 2308 1277  1924 2922 1055  2227 2416 1115  
19051 22750 8750  10775 10827 5418  3111 4316 1597  1237 1277 482  788 772 399  
21205 33223 12602  10357 5652 3724  1471 1304 429  2221 275 406  199 106 29  
12352 12352 6359  7800 7960 3919  5970 4785 2326  3164 5693 1658  2146 2874 1082  
14768 16036 7907  10006 10095 4283  5222 5088 2324  2454 2988 1213  1130 2812 626  
24952 33398 13838  5849 5766 2222  2757 1159 541  1528 212 389  422 46 161  
27174 19425 11203  5827 12958 3653  1920 4582 1348  609 2116 553  269 860 306  
31556 29895 13446  4179 7001 3192  156 2959 520  13 675 68  5 38 14  
24550 29638 12537  4986 7848 2574  2746 2230 1133  1714 636 511  1014 162 220  
7090 10936 4280  6454 8013 3428  3021 5538 1877  4921 4167 2136  3470 2839 1514  
6653 6757 3264  4378 6011 2481  4611 2847 1784  3031 3332 1668  2892 3875 1485  
26426 27515 12329  7289 7806 3509  1621 3385 1059  248 1366 181  147 362 72  
16167 22256 8547  10546 9751 4735  3917 4382 2069  2668 2255 1008  823 1051 326  
18330 26019 10436  9267 8881 3542  5293 3355 2002  1528 1462 756  892 489 329  
3412 3329 1604  2967 2928 1466  2757 1853 1124  2354 2587 1218  2027 2484 941  
17586 20063 8099  7848 11413 4538  5959 4331 2572  2519 2362 1131  824 1159 334  
2889 2752 1514  2671 2334 1350  2867 2147 1221  2557 1931 1109  2356 2600 1107  
23658 18647 10721  7845 12656 4338  2251 4612 1338  1425 2096 530  484 1306 195  
18976 20052 9741  9647 7308 3780  3651 7201 1946  2047 2889 944  628 1728 386  
26603 31065 14372  7447 7275 2413  1590 1131 378  188 908 62  63 114 12  
6739 5171 3025  5297 4724 2551  4549 4255 1975  3686 4179 1746  2836 3563 1339  
16024 16528 8867  10600 10962 4703  4427 5252 1966  2731 2664 872  1019 2709 459  
13255 8185 5388  8419 9251 4347  5462 6996 2672  3194 3397 1592  2098 4032 1217  
22719 35781 12521  7342 3936 2596  2789 717 1035  2328 148 879  466 7 128  
2792 3669 1427  3030 2832 1314  1856 3058 1148  2568 2554 1150  2032 2144 868  
33266 33290 16323  2334 6349 821  274 646 99  20 253 1  11 41 0  
24098 18420 10313  7093 13523 4552  3014 4740 1572  1034 2284 527  433 842 179  
10004 10298 4678  6643 6335 3400  3907 6515 2285  4077 4437 1945  2802 3562 1317  
18413 19934 8371  9887 9713 4992  3352 5712 1745  1905 2905 1064  972 1289 501  
16379 19749 7590  9718 10868 4756  4898 4245 2077  2637 2969 1487  1225 1346 666  
15280 25569 9356  11260 9481 4419  4491 3568 1902  2251 1265 816  1278 451 387  
9984 8449 4701  7430 7232 3297  4142 4377 2302  3960 3055 1623  2234 3230 1329  
16296 16132 7254  9163 8333 4525  4229 6758 2140  2054 4295 1286  1617 2330 874  
6097 7418 3151  4309 4652 2413  3087 5131 1746  3714 4079 1636  3455 2908 1547  
15651 12041 7424  8498 11171 4537  5384 4211 2066  2961 3581 1315  1429 3900 885  
11742 13697 6367  8718 9499 3990  5525 6049 2435  3296 4008 1639  2509 1961 1018  
31119 26068 13982  3965 11244 2670  675 2391 503  125 402 70  12 391 13  
12872 14298 6210  5351 9355 3145  5051 5570 2759  4766 3505 1917  2819 2367 1012  
20301 13951 8523  8826 10109 4567  3676 8272 2368  1730 4102 1013  784 1821 424  
6282 7306 3212  5113 4809 2560  3896 5237 2044  3970 3477 1693  3156 2724 1293  
4860 7365 2695  3724 5951 2133  4931 4812 2297  3330 3474 1379  3256 3442 1584  
1936 3571 1253  2753 3410 1424  1531 2911 990  1983 2763 1124  2013 2574 1047  
14517 17657 7934  10100 7762 4212  3360 6781 1950  3402 3765 1421  1929 2073 756  
23388 29767 12044  5505 7682 2702  4113 2295 1680  1223 591 333  680 177 203  
24309 28625 13762  9753 8586 2959  1395 2153 438  317 839 67  106 184 8  
4735 7162 2545  4479 5871 2231  2971 4912 1811  3846 4164 1888  2345 3274 1211  
11267 14703 6224  7735 6460 3802  5614 7004 2647  4229 3818 1713  1702 3096 806  
22908 21679 12051  8467 13029 3875  3271 3225 985  791 1821 243  339 493 63  
21584 20186 10940  9663 10143 3941  3085 5781 1489  841 1932 527  459 1403 224  
23205 29766 11973  8453 6885 3926  3267 2308 974  738 916 242  113 448 47  
21734 32968 11982  9605 6051 3521  3634 1242 1396  660 226 202  122 75 60  
15489 25427 9592  9994 8837 4624  6468 3874 1877  2317 1295 747  821 753 207  
17883 21032 8529  9522 10513 4793  4924 3751 2057  1980 2674 1016  804 1409 454  
8895 14600 5187  8035 9426 3864  3925 5849 2289  2619 3694 1454  3647 2513 1328  
23275 29596 11876  6575 6923 2571  3675 2990 1992  1280 793 517  387 204 138  
27377 20744 11474  6249 13487 4373  1738 3934 1030  403 1155 258  99 727 73  
25655 26149 12983  7086 9951 3205  1934 2151 749  930 1292 225  182 660 56  
34197 27671 15450  1606 9577 1664  92 2200 118  8 449 7  3 354 1  
6290 7337 3183  4775 6053 2552  4250 4281 1805  3449 3556 1476  3047 3437 1489  
3045 2644 1520  2753 2290 1351  2857 2541 1309  2504 1736 1058  2381 2218 1055  
18468 29394 10615  12162 7571 4356  3698 2514 1688  1036 742 429  325 247 105  
20198 26228 10752  10172 7825 3824  3177 3452 1726  1246 1971 519  704 653 260  
28037 31923 13411  5307 7128 3012  1786 1159 494  532 308 252  84 59 28  
19980 24145 11035  8038 9791 3810  4195 3567 1510  1896 1851 537  1175 632 224  
6643 4199 2743  5488 6094 2732  4103 4716 2182  3581 3755 1549  3084 3000 1432  
14296 16484 6552  10092 10109 5020  4994 6184 2642  2243 3304 1036  1570 1764 654  
13669 12965 6204  7942 9403 3825  5175 6240 2550  3291 3732 1530  1944 3009 1121  
18319 24665 9178  8593 7858 3378  5668 4661 2780  1923 2183 1160  579 703 291  
2820 3279 1289  2404 3089 1153  2504 3007 1219  2718 2280 1212  2149 2642 1106  
17005 15414 8019  8872 10123 4079  4092 6552 2369  2652 3551 1307  1357 1603 658  
6870 10928 3889  7778 7920 3665  4637 5972 2342  3016 4278 1679  2647 3142 1275  
20776 17729 9160  8106 8245 4226  3769 5364 2033  1803 2955 891  796 3289 507  
16489 18626 7302  10991 9970 5127  3566 6231 2089  2043 3206 1277  1614 1077 740  
3397 2732 1540  2916 3370 1446  2753 2734 1339  2295 2717 1207  1973 2065 1042  
30336 31321 15874  4203 5812 1205  1197 2004 151  107 1195 15  37 227 0  
15748 19872 7429  6846 10880 3928  5856 5482 2889  4058 2103 1496  1793 1006 680  
13518 16305 6236  6727 11011 4119  6796 5960 3096  4251 2713 1669  1439 1752 589  
25960 32121 11983  7262 6861 3651  1262 1344 795  1303 176 627  86 62 114  
8961 8693 4654  6049 8335 3366  5324 6436 2490  4360 3219 1789  3103 2763 1342  
26773 22712 11275  5950 11706 3684  1868 4337 1355  842 1213 550  353 369 261  
22504 25052 11378  8969 7966 3565  2133 4672 1363  1305 1637 468  644 683 304  
2168 3598 1246  1551 3159 1058  2602 2969 1370  1623 2725 947  2031 2553 1002  
21646 20918 11048  9240 7558 3636  2907 7710 1654  1324 1812 563  526 1376 214  
2547 3735 1424  3093 2909 1357  2279 3075 1275  2351 2795 1211  1905 2155 820  
26627 25544 11823  5593 10860 3456  2852 2296 1376  543 1339 430  169 400 97  
8693 11027 4721  6907 7553 3090  4545 5427 2038  3523 4464 1741  2794 3350 1412  
22079 29884 12186  8774 7834 3466  1728 2002 724  2042 575 614  643 216 115  
29642 20488 13042  5235 12468 3420  895 5383 646  111 1108 97  16 721 26  
13875 17475 7796  8021 6923 3963  6490 6901 2508  2470 4250 1177  1977 1901 813  
24218 33157 13708  6420 6040 1962  1810 1087 691  2385 226 732  835 60 109  
16372 16583 7419  7457 11017 4326  4559 5975 2272  2370 2545 869  2471 1380 1043  
7472 11166 4309  7082 7499 3130  5778 5608 2575  4237 4208 2035  2119 3224 1091  
1907 3560 1244  2698 3322 1453  2657 3025 1346  1882 2789 1067  2408 2462 1124  
9544 9215 4796  7096 7923 3223  4113 6075 2409  4164 4347 1791  3153 2844 1308  
10188 7396 4198  7024 8770 3652  4743 6326 2349  3837 2543 1617  2775 2298 1299  
18990 26003 10640  9770 6696 4169  4014 3732 1541  1866 2553 576  763 778 201  
2519 3523 1492  2221 3349 1300  2584 3081 1312  1866 2682 1091  2099 2203 1086  
3043 3693 1588  2726 3334 1439  2407 2776 1092  2276 2417 1198  2062 1770 1029  
33839 31754 15067  2001 4937 1949  65 3047 217  1 548 10  0 247 0  
20287 14168 8655  8776 12138 4818  3915 6405 1978  1610 3765 1014  734 1987 436  
22248 25939 12406  9617 9058 3647  3007 3165 892  550 1725 198  351 243 66  
16824 15435 7362  9013 7685 3992  4598 7314 2587  2201 4678 1458  1234 2397 698  
26454 33011 14255  8096 4542 2493  1079 2396 403  219 472 74  41 130 8  
26413 32575 13059  8094 5736 3383  1212 1517 662  79 623 80  68 113 36  
27349 22801 12503  5011 9018 3208  2435 6437 1119  748 1379 309  209 521 72  
20634 19355 9435  8788 8578 3999  2756 6386 1626  2025 2945 1234  946 1177 502  
25555 33754 13734  5882 5322 1895  2309 1059 706  1531 390 716  327 44 78  
20683 18520 10570  8533 11094 4202  4497 5211 1522  1406 2732 608  475 1763 221  
6486 6750 3262  4510 4153 2364  4754 3766 1999  3829 3349 1688  3056 3525 1370  
31061 26411 13558  4191 8997 2993  501 2916 559  128 1580 103  16 486 18  
11246 11043 6017  9397 8692 4138  5484 7221 2681  3727 4154 1636  1975 2498 986  
24690 28306 11797  6198 8413 3034  2248 2098 853  1386 1299 853  1041 301 509  
11636 13908 5542  6693 9741 3680  5158 5993 2440  3591 3933 1698  2563 2432 1117  
17390 18728 9380  10710 9295 4170  3865 6799 2027  1585 3119 816  1141 1351 461  
22661 33603 12876  6906 5570 2849  5166 1065 1157  814 283 232  188 54 81  
13287 12688 5875  8076 8541 4237  5255 6818 2614  3228 4469 1675  1956 2941 1012  
9655 13553 4813  8549 9964 4415  6083 5880 2681  3754 4074 1804  2496 2431 1078  
23169 36874 13450  8789 3374 2725  3495 295 970  325 45 76  70 4 13  
30048 25209 14078  4958 8239 2376  737 4924 671  110 1072 88  40 869 22  
16904 19885 7807  8484 11500 4876  4487 4214 1721  3102 2446 1345  1018 1113 437  
11795 12212 5101  8800 9529 4262  5880 5774 2837  3182 4599 1699  1792 3023 1007  
27228 19232 11398  6394 9271 3829  1675 8550 1485  425 2235 396  124 603 90  
23952 17502 10172  8026 11420 4467  2394 7259 1711  1022 1966 530  325 1239 235  
6386 7279 3178  5303 5880 2549  4181 3797 2079  3716 3312 1725  2996 3511 1441  
11810 14303 5752  6254 9491 3748  4629 6116 2344  2247 3664 1313  3939 2432 1484  
3408 3269 1612  2720 2513 1385  2825 2324 1266  2197 2652 1191  2318 2382 1106  
21848 29542 10534  10960 8514 5063  2205 1889 1088  413 520 290  162 101 121  
2850 3119 1255  2509 2748 1086  2510 2893 1179  2600 2376 1143  2195 2670 1139  
27446 20416 11678  6126 7570 3384  1794 7450 1548  395 3410 439  94 1174 140  
14077 18684 7681  8517 10040 4224  6356 4609 2395  3349 2631 1309  1479 1988 642  
5735 5863 3070  5405 5456 2655  4740 4181 2093  3413 2936 1621  3182 3455 1438  
7807 11194 4427  4997 7908 2825  4693 5904 2355  4905 3914 1929  3263 2907 1295  
12578 21779 7781  9328 10254 4605  5011 4497 2252  4171 2221 1244  1520 992 497  
29717 35751 15992  3582 3923 908  1428 687 239  1047 99 103  110 112 0  
16744 20742 8034  9939 10755 5073  4326 4919 2214  2680 2024 972  1256 868 463  
21334 24855 11289  7753 7258 3654  4194 5289 1474  1209 1900 478  728 471 210  
17108 16312 7820  6703 10377 3449  4354 6077 2216  3620 3217 1694  1741 2070 933  
4488 7226 2780  5561 5353 2715  4252 4755 2172  3713 3913 1794  2579 3512 1332  
32756 29524 15896  2825 5231 1001  301 4010 317  20 1184 27  3 345 1  
2670 3746 1458  2731 3389 1412  2847 2807 1352  2083 2346 1150  2272 2430 1118  
3336 3484 1614  3030 2894 1464  2460 3021 1311  2529 2385 1197  2042 2459 946  
8932 10995 4770  7457 7456 3324  5388 5603 2444  3110 4144 1777  3065 2862 1246  
16895 25862 9978  11616 8143 4780  3029 4037 1326  2711 1541 709  1023 540 291  
32569 24749 15010  2947 12183 2100  356 3120 133  24 302 1  6 194 0  
9573 13870 4913  9550 9335 4623  5731 6250 2700  3934 3933 1815  2104 2297 864  
33761 27546 14137  1717 11952 2681  284 948 258  118 132 150  18 11 15  
7810 10774 4007  5438 8095 3012  4376 5720 2166  4773 3899 1949  2819 2653 1109  
17100 13142 7545  8353 10678 3941  4057 5525 2497  2900 4297 1339  1569 3043 874  
28658 25117 14029  5986 8695 2553  959 4517 557  244 1306 86  39 386 10  
15866 22349 8547  7900 9642 4333  5486 4037 2347  2755 2446 995  2195 984 563  
34232 29178 14766  1217 10388 1981  389 793 378  55 188 92  11 22 24  
3458 3045 1541  2955 3120 1484  2427 2956 1313  2574 2549 1194  2302 1926 1045  
22718 36669 13776  9468 3205 2906  3155 488 524  437 158 35  37 59 2  
24265 29478 12195  7101 7863 3097  1905 2364 1066  1458 644 507  840 132 219  
6735 5585 3117  5302 3241 2133  4601 4519 2136  3234 4827 1832  2910 3927 1463  
16566 14597 7029  8007 10660 4018  4181 6122 2156  3188 4005 1890  1867 1341 851  
5175 5120 2869  5225 6185 2689  4669 4462 2183  3710 4287 1791  3078 3130 1440  
21548 25558 11249  8575 9213 3527  1863 3561 1115  2319 1322 729  1038 516 406  
4537 7240 2553  4561 6112 2525  4249 4995 2076  2683 4009 1501  2732 3011 1161  
4854 6938 2475  3684 6012 2146  4814 4952 2335  4023 3996 1919  3436 3110 1487  
28377 28630 15228  6873 5923 1627  579 5125 381  60 430 8  9 292 0  
7997 7437 4313  6910 7240 3509  6031 5230 2507  3772 3445 1760  2841 3602 1399  
26351 28156 14125  7379 7361 2563  1369 3950 450  691 719 87  94 177 13  
13646 13317 6333  8454 8945 4047  4224 5555 2443  3584 3678 1635  2279 2494 1008  
16853 22500 8982  10597 9081 4429  4174 4836 2090  1661 2053 631  1240 1110 509  
20363 23830 8925  8578 12333 5151  4053 2577 1534  2138 1035 1027  528 480 355  
11406 18195 6461  8994 8371 3531  5391 6459 2844  4129 3460 1939  2200 1645 813  
18845 22037 9491  8221 10228 4115  4256 4530 1812  1857 2058 782  1028 919 499  
6002 6914 3207  5642 5604 2583  4634 3906 2065  3052 4371 1682  2931 2884 1421  
7025 11080 4059  7544 7977 3651  5160 5942 2508  4222 4197 1921  2945 2947 1223  
29657 31910 14346  5184 4544 2363  910 2958 446  121 534 68  23 493 12  
10376 8953 4577  7079 8195 3564  5203 4285 2361  3656 4447 1895  2320 3974 1217  
24726 23326 13812  9588 9881 2952  1365 3548 387  168 2041 76  46 1402 11  
33785 28225 15650  1435 5999 1212  602 3906 339  81 1953 41  1 295 0  
15869 17278 8148  6556 10621 3626  6050 5309 2329  2424 3360 1243  1695 1834 753  
18500 21191 9712  9808 7070 3952  3826 6692 1967  1700 1861 823  907 1000 384  
33687 32268 15108  1546 7107 1517  487 1159 516  99 47 46  66 8 37  
8391 11021 4296  5769 6552 2470  4894 6277 2539  3370 4083 1557  3574 3355 1772  
11993 14866 6139  8629 7967 3641  4003 6505 2342  3950 3634 1650  2114 2541 962  
15615 13717 7726  8599 8022 4117  4699 8331 2483  2986 4352 1368  1884 2522 711  
18518 21587 9693  9435 8927 3732  4594 3925 1997  1437 2254 922  1009 1958 446  
5733 6813 3153  5797 4847 2552  4220 4874 2167  3230 3881 1710  3131 3388 1369  
11122 14358 5546  6780 9592 3885  2955 5631 1924  4414 4049 1892  3926 2317 1483  
30579 30315 14528  3386 8199 2092  1358 1594 488  409 252 111  112 157 13  
11504 12539 6241  7969 6506 3755  5770 6536 2702  3464 4047 1626  2465 3919 1081  
1961 3584 1249  2628 3146 1230  2341 3107 1220  1989 2809 1124  1660 2494 983  
3385 2487 1481  2973 3095 1354  2720 2984 1359  2264 2539 1204  2196 2581 1112  
30969 29097 14233  4070 6044 2399  745 3715 492  93 1053 100  16 519 12  
17320 20391 9488  6622 10809 3577  5840 4083 2298  2749 2017 995  1743 1682 489  
30249 31012 14578  4305 7499 1977  1051 1256 594  248 548 80  44 149 9  
13725 18484 7151  9999 9670 4721  5710 4969 2358  2636 2892 1092  1100 2077 676  
23777 20258 10166  7371 12782 4602  3020 4387 1491  872 1748 440  422 900 279  
21976 29370 12323  10392 7381 3659  2547 2522 940  655 886 229  210 226 63  
23181 32874 13464  10818 5384 3161  1167 1959 384  544 276 192  78 81 15  
20732 18676 9327  8222 9913 3852  3934 5279 2069  1406 3714 1050  832 1587 485  
15676 22345 8502  9533 8928 4768  5748 4290 1896  2644 2596 1081  1104 1182 543  
6565 4211 2796  4997 5043 2594  4412 5382 2243  3657 4514 1795  3128 3065 1368  
3123 3614 1614  2748 3333 1445  2450 2614 1060  2208 2764 1195  2235 2481 1117  
21014 22378 11797  11086 8341 3744  2586 4380 1174  825 2635 373  292 1519 108  
16105 19979 9207  8943 8745 4251  5247 4824 2052  2493 3703 918  1135 1815 373  
10018 13606 4933  8772 9569 4210  6031 6127 2850  2776 3593 1273  2553 2849 1339  
6214 6136 3177  4793 5914 2585  4370 4178 2111  3618 4184 1765  3135 2166 1251  
27468 23576 13660  5816 12199 2941  2143 1865 428  393 1464 160  62 583 30  
6883 5550 3069  4815 6181 2628  4546 4772 2084  3356 3928 1763  3127 2831 1327  
8652 14506 5397  6505 9379 3481  7124 5929 2880  4562 3483 2038  2494 2645 1025  
10316 7909 4385  7178 8104 3457  5016 6490 2611  3595 4454 1921  2742 3446 1345  
25115 28977 12936  6480 8071 3048  3282 1552 897  368 1368 181  456 329 132  
30572 21347 12771  4529 13421 3774  655 4036 594  121 1421 86  18 287 11  
13243 13788 6534  7155 9417 3899  4032 6315 2180  4389 3201 1600  2259 2846 998  
20798 18785 10628  9909 8487 3772  2677 5071 1629  1613 2981 684  603 3038 350  
27799 27890 12083  5264 10679 3796  2462 1332 1090  251 570 196  54 96 33  
9356 9955 4242  7616 7155 3489  5303 5435 2442  3139 4973 1773  2844 3298 1378  
24736 25256 10870  8605 8201 4364  1977 3709 1404  360 2265 353  140 824 156  
8961 11078 4756  6338 8051 3131  5488 4279 2532  2400 4519 1477  3506 3161 1507  
34508 31840 15775  1273 6508 1388  106 1967 77  19 201 5  2 37 0  
9938 6788 4319  7061 7680 3610  5178 6705 2646  3906 4229 1706  2792 3639 1388  
4964 7346 2919  5826 5564 2665  4181 5071 2092  2048 3913 1317  2888 3303 1290  
16842 23659 8388  11174 8913 4593  4841 4298 2332  927 2263 730  999 963 653  
10369 9141 4615  7388 6964 3383  4689 5222 2521  3469 4576 1879  2256 3546 1037  
6821 6464 3230  4970 5072 2130  4408 4942 2112  3559 4240 1824  2712 3042 1458  
29028 37041 15687  5438 2560 1411  1134 915 109  156 73 19  131 0 17  
14841 15441 6458  8373 11032 4344  4198 6402 2402  4004 3108 1810  2045 1752 905  
27557 23344 11970  5222 10865 3054  2012 4726 1568  731 1187 465  292 233 123  
3315 3227 1621  3029 2764 1445  2672 2758 1330  2479 2589 1114  2294 1657 942  
13817 21168 7399  12385 9594 5272  5150 5213 2530  1615 1922 592  1207 1498 673  
16955 12500 7426  8631 8545 4273  4643 8684 2594  2590 4432 1265  1358 2485 785  
3409 2777 1546  3074 2912 1461  2701 2434 1295  2525 2035 1054  2027 2279 1082  
22795 23177 12234  7963 12296 3616  3546 2869 1041  1210 941 241  236 739 75  
29964 36574 15955  5385 2808 1222  404 1087 52  104 115 11  43 6 4  
26564 26620 13059  7147 8403 3097  1354 3989 685  620 1006 299  143 356 73  
25847 24062 11067  7240 11178 4300  2119 2763 1205  440 1796 411  174 550 175  
22840 24657 11420  7552 9219 3166  3481 3620 1508  1255 1788 755  305 820 198  
20007 12702 8172  9052 13650 4949  3940 5620 2123  1646 3139 1031  707 2234 522  
24797 31696 12165  5741 6992 2887  3058 1277 1043  1800 421 777  210 162 181  
20321 29882 11548  8168 7139 2827  4387 2522 2036  1319 742 368  1220 202 309  
24181 28130 13693  9900 8067 2987  1258 1932 431  434 1429 106  109 663 15  
14495 12370 7371  9420 11395 4650  5716 6020 2394  3012 3713 1235  1439 2277 714  
22243 24236 11412  8201 10252 3766  3655 2613 1199  934 2195 456  526 779 238  
16456 15558 8812  9969 12101 4738  5085 5800 2078  1920 3242 858  1418 1706 411  
12814 18277 6790  8962 10305 4542  6493 5137 2722  2487 2971 1320  1503 1754 683  
19299 18739 9652  7909 12032 4068  4516 4180 1954  2402 2246 842  880 1835 392  
1977 3578 1275  2568 3157 1429  2101 2981 1223  2294 2686 1207  2268 2494 1027  
16755 25973 9693  11269 8234 4035  4368 4107 2116  2001 1333 729  800 604 393  
18471 18239 9498  8429 10863 4271  5204 4920 1846  2068 2432 878  916 1616 408  
21695 29965 12015  6110 7464 2977  5841 2075 1470  932 757 307  989 207 353  
27569 24389 12197  6263 9354 3733  1453 4903 965  471 950 251  101 691 67  
13387 10336 6073  8102 10767 4137  5335 4542 2416  3344 3963 1665  1998 3960 1078  
28391 32847 14475  3166 5978 1637  3295 1269 700  848 335 373  71 124 26  
22720 22774 10163  6998 11449 4352  3868 3816 1656  1288 1423 524  466 571 199  
19094 25720 9884  8692 9492 4460  5375 2960 1798  1709 1357 725  684 564 232  
8134 10038 4622  6579 6859 3399  5845 4555 2469  4195 3373 1760  2461 4300 1297  
24880 33199 13873  7981 5397 2762  1273 1599 321  515 303 116  934 64 135  
15667 16958 8113  9642 8839 3973  4176 6781 2285  1848 3561 1078  2185 1486 812  
25003 27642 12993  7454 8676 2731  2617 2397 1131  603 805 273  144 749 79  
5903 6856 2766  5315 5935 2723  3609 5125 1951  3698 3363 1519  3027 3476 1516  
10163 14086 5996  8749 9101 4206  6114 4845 2591  3600 4010 1647  2220 2896 1004  
5875 6348 3148  5146 6017 2638  4791 3888 1996  3344 2873 1624  2715 3413 1433  
3360 2869 1573  2985 3089 1480  2756 2943 1301  2290 2605 1201  2353 2086 1016  
23802 18046 9866  7910 11121 4721  2796 6451 1724  922 2377 541  300 853 218  
21571 23989 11320  8223 9403 3834  3770 3607 1368  1202 2355 405  438 766 156  
