# NumberOfHospitals NumberOfScenarios TimeHorizon
5 300 3
# DemandeScenario_0_Hospital_0_Period_0 DemandeScenario_0_Hospital_1_Period_0 ... DemandeScenario_0_Hospital_0_Period_1 DemandeScenario_0_Hospital_1_Period_1 ...
# DemandeScenario_1_Hospital_0_Period_0 DemandeScenario_1_Hospital_1_Period_0 ... DemandeScenario_1_Hospital_0_Period_1 DemandeScenario_1_Hospital_1_Period_1 ...
# ...
# ...
# ...
7522 16092 7967 9681 8097  3518 7329 4133 4358 3218  2328 6225 1961 5424 1360  
6097 12632 6766 7290 6717  3656 9645 2745 7338 3097  2685 5733 3158 4431 1798  
12713 32454 8828 23812 10586  2894 4227 5525 4236 1819  147 141 1131 110 1015  
4991 9918 5791 5682 5238  3442 7714 3527 4998 3312  2781 6499 2688 5244 1771  
14468 28220 15610 20083 8479  1192 6921 696 5415 4935  148 1649 62 2364 185  
9803 21442 9833 14086 9167  3260 6972 4059 4620 2982  1765 4586 1716 4558 758  
11687 27843 9413 20807 8326  2934 5627 5198 3833 3946  896 2347 1297 2176 974  
10417 26664 7523 18371 10501  4307 7812 6188 6914 2545  861 1686 2091 1752 501  
10635 23015 9864 17384 6039  3514 8538 4161 6393 3901  1069 3101 1521 2252 2379  
4523 9895 4413 6907 3606  2559 6884 1666 5218 2245  2530 5639 2551 4416 1687  
4417 9228 4227 7028 2190  3106 6250 3451 4495 2064  2407 5726 2316 4343 1963  
4350 10098 3845 7154 3625  3074 7508 2455 5835 2182  2304 5198 2152 4258 1170  
1458 3061 1536 2038 1239  1353 3165 1116 2463 802  1248 2815 1192 2038 981  
1369 2538 1543 1786 733  1287 2487 1424 1751 786  1229 2689 1148 2079 667  
2733 6814 1961 5163 1949  2500 5175 2737 3595 1957  1976 4706 1712 3630 1416  
7530 16933 6984 12043 5915  3303 7468 3681 4864 3816  1899 5013 1647 4054 1729  
2685 4844 3151 3279 1568  2247 4561 2550 2854 2143  1991 4434 2035 3070 1783  
7553 15563 7873 10874 5381  3988 9333 3987 7034 3336  1800 4375 2077 2999 2325  
1509 3268 1498 2274 1192  1275 3139 975 2379 928  1178 2568 1227 1728 1087  
14507 30191 15415 19914 12440  1253 5679 912 6651 855  47 881 40 1510 180  
5863 11705 6427 7874 4419  3297 8087 3075 5488 3598  2112 4609 2450 2998 2150  
11422 21990 12969 14583 8333  3090 8388 2693 6851 3003  941 3911 565 3759 1388  
2087 4065 2537 1963 2638  2443 5541 2337 3851 2099  1677 3955 1589 2588 1745  
4039 10173 2763 7830 2707  3187 7112 2814 5676 1517  2104 5010 2100 3393 2545  
1531 3410 1386 2551 968  1267 2464 1478 1586 1047  1245 2805 1201 2011 1005  
11584 23546 11471 17802 5572  3060 9506 2638 7766 3256  859 2404 1761 1482 3267  
10930 22183 12165 13799 10252  3544 9637 3096 8085 2527  957 2977 857 3466 399  
7694 17091 7101 12519 5317  3746 9330 3228 7408 2830  1867 4477 2228 3145 2565  
2740 6727 2115 4915 2217  2273 5034 2315 3363 2196  1976 4259 2135 2953 1724  
5651 11015 6788 5733 6582  4502 9383 4754 6879 2772  2576 7059 2101 5843 2016  
15232 34635 13257 26035 9803  542 1740 3037 1515 3224  33 473 56 521 541  
11779 23393 13544 13938 11574  3512 10621 2405 10419 1477  388 2212 252 2555 482  
15192 32247 14592 24051 8810  579 4361 1126 3982 2991  33 183 656 111 1371  
10251 20263 10919 14473 6117  3726 9928 3629 7582 4261  1082 3366 1198 2484 2119  
13467 33897 9083 26335 8592  1680 2190 3426 1363 3651  367 363 1555 248 1126  
11640 27727 9004 21455 6999  3218 6281 5438 4445 3588  729 1913 1448 1480 1704  
2440 6239 1735 4442 2246  2038 4928 1726 3376 2059  2174 4643 2307 3394 1607  
9130 22999 6594 16830 7564  4482 9094 5444 7424 2773  1276 2609 2434 1792 2255  
2912 6055 3095 4011 2468  2349 4742 2449 3567 1245  1931 4921 1508 3825 1476  
8367 20483 5938 16130 4742  3974 8798 4034 6820 2461  2026 4146 3388 2757 2897  
10511 23321 10024 16348 8465  3564 8548 3735 7450 2237  1106 2611 1744 2178 1233  
13136 26442 14373 17565 10425  2076 7991 1366 7009 2754  475 1741 515 2138 390  
7241 14096 7878 9932 4403  3778 8456 4126 5648 4055  2188 6455 1518 5924 1340  
12143 25268 12507 17708 8732  2597 6574 3064 5277 2785  789 3230 626 2970 1462  
5746 12616 5688 8461 5146  3803 8140 3859 6449 2039  2385 5367 2614 4120 1894  
14387 30252 15140 19868 12684  1304 5674 1065 6283 881  112 731 175 1278 57  
8385 15980 10201 8659 8968  4808 12582 3859 10368 3033  1520 3937 1554 3338 1015  
2919 6862 2483 4975 2295  2507 5456 2446 4091 1614  2019 4535 1991 3396 1484  
2666 6106 2495 4030 2623  2311 5518 1988 4010 1944  1835 3738 2165 2390 1729  
4448 10232 3648 7957 2440  3239 7058 3473 4860 2974  2344 5420 2394 4002 2065  
3698 7080 4459 3951 3818  3172 6202 3505 4426 1933  2451 5879 2320 4274 2197  
7460 18463 5873 12714 7271  4691 9894 5360 7604 3416  2097 4462 2876 3717 1524  
5505 14738 3376 10518 5263  3473 8510 2482 6461 3111  3197 6413 3877 5273 1802  
14164 31981 13391 21676 12854  1591 4157 2912 4857 607  59 693 60 1579 93  
4466 9379 4642 6367 3606  2801 5930 3137 3689 2900  2342 5779 2094 4407 1956  
11045 27015 8580 19749 8872  3295 6403 5088 4729 3653  1096 2345 1984 2211 802  
1302 3249 983 2334 1136  1230 2874 1116 1967 1166  1012 2559 762 1834 951  
2713 6800 1905 5190 1884  2450 5290 2310 4114 1248  1623 4210 1205 3037 1651  
3655 9487 2436 6923 3157  3174 6917 3331 4692 3000  2129 4885 2141 3414 2121  
2617 5762 2638 3640 2680  2548 5747 2385 4276 1814  1833 3809 2099 2472 1723  
11053 27199 7699 21494 6177  3467 7055 4740 5079 3139  936 1796 2257 1173 1514  
15117 32189 15293 22296 11787  643 3778 955 4842 985  54 888 95 1011 627  
13691 29246 13013 21887 7925  1746 5310 2960 3910 4299  315 1981 272 1881 1112  
7003 16953 5035 13464 3685  3234 8261 2617 5754 3899  2667 5449 3574 4029 2398  
7047 15316 7129 10067 6523  3972 10046 3233 8172 2809  2006 4530 2431 3266 2102  
11691 28591 9665 18715 12642  2802 4576 4820 3858 988  943 2097 1418 2459 4  
9863 21396 10260 12870 10818  3627 10215 2478 9643 1777  1471 3310 1801 3368 719  
10296 23945 8245 18684 5647  3677 7527 5486 5071 4373  1162 3521 1193 2968 1510  
12314 26360 12034 19059 8353  2464 7863 2071 6888 2742  804 1931 1619 1565 1556  
7896 16637 8663 9192 9458  5276 13014 4564 11408 2513  1702 4012 2161 3620 977  
2087 4119 2503 2012 2651  2009 4324 2145 2538 2177  2098 4353 2275 3035 1548  
9677 21659 9602 13215 10777  4386 9149 5329 7431 1935  1304 4057 1098 4401 656  
10513 24356 9028 17979 7556  3469 6958 5030 5138 3109  1004 2943 1219 2136 2055  
10547 21661 11896 12061 12092  3591 9431 3094 7686 1378  1057 3026 959 3063 146  
6968 13000 8019 8771 4483  4255 10251 3949 7811 3504  2008 4715 2106 3765 1645  
6793 15637 5101 12829 2411  4106 9225 4104 6951 2625  2318 5650 2678 3955 2944  
6045 11680 7432 5398 7890  5154 12833 4308 10179 3276  2475 6342 2279 5728 1390  
1208 2897 1044 1890 1287  1126 2192 1356 1236 1176  1296 2954 1189 2207 919  
2992 6965 2546 5162 2134  2458 5327 2369 4064 1437  1918 4049 2176 2725 1799  
8525 20699 6294 16091 5150  3785 8535 3631 6817 2073  1953 4321 2861 2920 2956  
7507 18761 5718 13139 7068  4404 10032 3923 8620 2247  1426 3439 1302 2575 1923  
6223 12858 6909 7517 6694  3549 7437 4024 4475 3347  2377 6352 1941 5135 1747  
4610 11823 3313 8147 4657  3520 8269 3127 5997 3171  2608 6061 2326 5051 1654  
12259 26759 11348 20039 7414  2564 7344 3074 5405 4507  742 1868 1338 1869 712  
15110 30996 15584 22129 9853  684 5334 701 5119 3255  16 368 97 567 413  
5670 11233 6381 7224 4745  3316 8148 3033 5571 3473  2233 5594 2068 4159 2098  
5525 12302 5397 8111 5255  3696 8544 3586 6212 3140  2520 5492 2823 4301 1735  
2835 6458 2639 4414 2549  2438 5610 2070 4458 1316  1788 4101 1818 2751 1884  
7343 15258 7776 10186 6090  3196 7972 3012 5316 3704  2418 6414 1921 5979 1309  
1465 3258 1255 2557 701  1277 2977 998 2391 583  1233 2748 1239 1902 1103  
12957 30411 11570 20207 12949  2708 6011 3844 7197 522  143 426 839 682 132  
2741 6530 1963 5306 1164  2121 5039 1498 4171 704  1760 4523 1299 3311 1643  
11730 29422 8624 21352 9953  3392 6114 5324 5433 2648  552 1048 1632 1067 772  
5748 12143 6018 7984 5092  2701 5732 3133 3085 3349  2669 5793 2856 4486 1675  
3996 9933 3002 7226 3326  2908 7186 2240 5419 2363  2460 5165 2883 3627 2204  
10607 21969 10703 15951 6589  3301 7754 3782 6036 3027  1162 3411 1289 2778 1792  
3071 6836 2841 4986 2166  2156 5483 1566 4163 1684  1990 4629 1833 3477 1536  
2537 6413 1847 4611 2237  2388 5408 2290 3798 2090  2099 4631 2111 3451 1541  
3924 9065 3622 5965 3932  3414 7272 3590 5273 2484  1738 3544 2174 1914 2106  
9235 23780 6530 16498 9202  3938 7989 4477 6528 3105  1842 3566 2897 3588 820  
9523 18897 11324 9398 11962  4625 12614 3451 11077 1468  1354 3808 1377 4545 167  
4391 11501 2974 7915 4541  3575 8471 3039 6262 3087  2392 5627 2047 4513 1828  
9886 22084 8092 17745 3966  3749 9690 3739 6983 4185  1405 3284 2226 2296 2226  
4420 9563 3971 7427 2123  3145 6591 3245 4980 1791  2341 5577 2196 4302 1710  
10581 18771 12599 12557 6176  3996 12247 2873 9942 4619  933 3905 695 3490 1902  
11361 27995 9011 19355 10908  3615 6804 5446 6135 2247  671 1505 1492 1715 403  
5097 12686 3905 8943 4691  4044 8561 4444 6157 3214  2371 5539 2420 4246 2066  
5242 10835 5769 6578 5294  3209 7324 3253 4678 3312  2858 6799 2661 5760 1641  
4268 9601 3485 7686 1801  3321 6980 3689 4835 2800  2343 5181 2624 3609 2309  
4853 11785 4056 7817 5061  3170 7650 2735 5386 3106  2182 5460 1608 4477 1650  
5134 10181 5939 5967 5180  3832 8613 3838 6079 3177  2028 4849 2049 3204 2094  
1458 3463 1205 2555 1089  1317 3055 1065 2419 680  1192 2815 1055 2039 1000  
6480 12971 7411 7691 6500  4054 10175 3487 7661 3384  1937 4495 2131 3066 1858  
15240 34098 14121 24523 11426  420 2116 1465 2365 2102  124 613 422 1276 38  
13826 28374 15155 17885 12845  1823 7794 912 8894 665  111 402 211 656 123  
7259 14460 8029 9580 5686  4061 10595 3191 8701 2849  2162 5290 2344 4097 2167  
1109 2248 1286 1187 1337  1384 2865 1462 1996 1016  1205 2535 1293 1700 1025  
11676 27888 9220 21132 7848  3156 6119 5147 4695 2765  740 1909 1424 1583 1437  
9844 23178 8508 16289 8562  3907 7706 5412 5907 2784  1266 3639 1311 3241 1486  
2825 5351 3190 3674 1772  2500 5620 2287 4307 1538  1910 4528 1589 3680 977  
1249 2576 1393 1508 1335  1345 2728 1465 1859 1019  1091 2661 933 1853 1049  
2758 6668 1946 5365 1316  2334 5639 1827 4344 1527  1657 4222 1263 3033 1672  
1523 3314 1413 2494 891  1295 3133 987 2451 776  1109 2195 1329 1347 1089  
14832 34916 12050 26455 9754  846 1682 2678 1654 1468  119 271 1089 95 1502  
9332 16678 11256 10776 6217  4179 10954 3425 8952 3423  1478 5244 1003 4955 1487  
13714 29014 13871 20360 10137  1581 4903 2151 3865 2845  437 2171 314 2669 467  
6570 12871 7649 7668 6319  4206 9493 4207 6935 3241  2056 5311 1939 3908 1994  
14239 29203 15482 18875 12509  1455 6429 826 6802 1029  115 1080 70 2002 75  
1376 2543 1611 1684 920  1331 2683 1451 1842 979  1199 2426 1270 1764 739  
14401 27857 15774 19570 8723  1265 7124 546 6964 2946  135 1582 54 1204 1889  
15099 31345 15694 21726 11213  667 4979 503 6045 1378  46 506 158 352 968  
7214 15508 6437 12182 3131  3753 9005 3264 7206 1989  1951 3513 3194 2206 2250  
8378 17215 9416 9741 9395  4630 10285 4776 8015 2540  1890 5722 1445 5850 978  
10590 24318 9013 18389 6742  3479 7438 4630 5688 2955  947 3160 952 2373 2186  
13804 32896 11649 23138 12158  1983 3824 4133 4600 943  19 112 433 204 532  
7929 18836 6851 12826 7587  3691 8093 4160 5651 3555  2062 5246 1725 5165 1020  
10791 19532 12588 13287 6243  3734 10992 2952 8715 4514  855 3228 666 2770 1678  
2726 6555 1911 5327 1182  2546 5421 2652 3869 1912  1915 4223 1795 3341 946  
8178 17664 8416 11302 7954  4111 8522 4738 6432 2601  1952 5053 1902 4377 1479  
13803 29200 13754 20942 9436  1539 4508 2348 3737 2660  395 2731 177 2819 1158  
10563 24658 9507 16481 10351  3648 7939 4536 6552 2523  1148 2961 1463 3288 546  
11679 26427 10881 18347 9967  2917 6397 4138 4960 2711  793 2554 808 2588 739  
14960 30324 15901 21026 10576  792 5695 380 6476 1745  62 830 72 669 964  
5571 13588 3949 10768 3011  3285 7898 3051 5373 3761  2384 5399 2590 3900 2429  
13690 33767 10361 24875 10804  2070 2995 5073 3092 1918  51 116 864 186 786  
10585 24342 9200 17984 7494  2453 6695 2109 4915 3509  1460 3094 2146 2493 1677  
7697 19054 5985 13391 7104  4173 8036 5656 5391 3742  2176 5495 2024 5216 1230  
8461 16292 9073 11843 4339  4194 11403 3411 9128 3564  1675 3991 2307 2694 2818  
8546 18784 8467 12529 7769  3970 9721 3767 7692 3182  1686 4574 1420 4411 1052  
2689 6675 2019 4888 2188  2284 4857 2485 3156 2213  1922 4723 1479 3805 1192  
1484 3467 1207 2664 895  1327 2665 1394 1960 743  1201 2809 1103 1993 1063  
14243 29514 15306 19129 12648  1471 6803 836 7894 824  93 438 236 740 97  
6102 12912 6160 9089 4465  3318 6455 4051 4229 2816  2351 6228 2066 4758 2345  
2812 6498 2543 4477 2525  2350 4920 2568 3277 2066  1959 4432 1953 3165 1681  
5964 12330 5891 9192 3252  3593 9260 2812 7192 2811  2140 4118 3043 2617 2353  
15105 32672 14967 22717 11964  571 3321 1026 3598 1621  131 850 297 1777 31  
14929 33250 14184 23237 12207  714 2922 1551 3580 1324  141 599 412 1190 75  
5470 13352 3770 10741 2660  3945 8406 4526 5703 3857  2078 5040 1667 4306 809  
2855 6080 2970 3990 2569  2248 4717 2464 3042 2096  1530 4040 1137 2867 1584  
5750 13850 4545 10327 4196  3406 8103 3129 5818 3296  2213 5251 2118 4029 2010  
2655 6366 1817 5251 988  2524 5740 2327 4247 1825  1834 4332 1467 3491 868  
11913 26263 11936 16726 12031  2499 7354 1862 7488 1157  859 1546 1761 1286 398  
1254 3199 890 2316 1094  1099 2710 885 1847 1122  1053 2627 806 1899 950  
2703 6589 1839 5347 1219  2524 5228 2706 3743 1766  1883 4657 1472 3643 1265  
7737 19715 5344 14618 6188  4507 9685 4744 7706 2961  1789 3828 2550 2755 2401  
7238 14684 7192 11084 3496  4125 9584 4337 6850 4066  2137 5850 2059 4494 2541  
9497 23430 7643 15634 9947  3857 8860 3404 8206 2148  1395 2069 3367 1357 1218  
8479 19446 6640 15640 3611  4065 9757 4434 6662 5079  1736 3982 2112 3247 1207  
4101 9608 3629 6587 3795  3375 7703 3079 5972 2183  2422 5394 2550 4064 1880  
10565 23988 9566 17280 8068  3196 8333 2868 7068 2669  1198 2612 2042 1933 1918  
1130 2956 763 2069 1118  1394 3048 1381 2147 1107  1197 2883 926 2284 704  
8954 19677 8713 13621 7375  3624 7262 4465 5526 2311  1648 5146 1375 4118 2214  
8610 16523 10360 9206 8943  4480 12139 3467 9891 3125  1391 3987 1226 3431 1077  
1359 3344 925 2685 681  1259 3114 924 2389 855  1195 2766 1105 1953 1067  
8559 21672 6282 15234 8088  4569 9227 5694 7096 3574  1621 3792 1844 3796 897  
10055 26011 6593 19433 7936  3953 7884 4586 6514 2874  1308 2221 2829 1714 1394  
13074 27135 13927 17909 11141  2140 6096 2063 6129 1148  502 2644 339 2835 936  
13324 29837 12588 20777 11100  2165 5530 3220 5341 1841  240 1226 285 1610 468  
8947 18897 8482 14353 4648  3970 9504 4394 6768 4503  1607 4824 1480 3971 1969  
10151 21352 11159 11781 12158  3292 7243 3606 4584 1282  1947 6446 1205 8323 163  
4257 9765 3900 6722 3792  3329 7254 3221 5679 1856  2239 4743 2645 3218 2163  
8333 17534 8855 11205 7820  3981 9682 3843 7325 3341  1801 5255 1350 5130 1121  
7585 15690 7711 11302 4860  3817 8414 4244 5943 3573  2032 5237 2095 3917 2336  
7833 15367 9120 9103 7627  4566 10869 4083 9174 2457  1848 4718 1879 3943 1545  
8670 20824 6630 16048 5404  4098 8534 5334 5896 4289  1716 3720 2557 2744 1998  
2312 4530 2760 2415 2631  2431 5756 2144 4161 2018  1664 3463 1907 2046 1759  
12463 31357 9285 22118 11586  3122 4762 6151 4789 1813  206 629 813 955 213  
13337 31088 11453 22657 10160  1878 4134 3544 3375 3021  491 1395 855 1883 195  
13220 25584 15536 15292 12384  2449 9327 811 10018 892  107 1162 34 1701 211  
2994 6955 2563 5131 2167  2030 4276 2291 2563 2262  1857 4518 1616 3305 1650  
7286 17293 5656 13419 4286  3772 9130 3394 6838 3344  1945 4680 1946 3534 2102  
14045 30729 14063 20231 13077  1687 5608 1968 6812 460  76 501 294 992 79  
1341 3136 975 2584 473  1331 3095 1086 2418 730  1212 2893 1008 2179 878  
13075 31256 10097 24085 8090  2159 4351 4412 2861 4638  504 1035 1536 936 669  
10586 24096 9051 18382 6339  2994 7571 3449 5154 4732  1343 3241 1578 3101 729  
10631 20621 12454 12395 9892  3449 8792 3028 6678 2624  1279 4691 706 5184 690  
13752 31042 12408 22722 9800  1615 4740 2433 4183 2918  365 922 963 1095 547  
2683 5231 3123 3179 2468  2486 5450 2482 3860 1964  1882 3732 2124 2638 1280  
6701 13671 7449 8390 6507  4427 10454 3977 8640 2519  2243 5469 2354 4385 1883  
1521 3469 1331 2588 1021  1084 2797 770 1994 1032  1154 2830 903 2139 871  
10426 23907 9763 15588 10555  3880 8774 4480 7507 2317  1093 2622 1652 2643 537  
4188 8998 4323 5836 3928  3238 6674 3543 4712 2373  2081 4339 2420 2795 1991  
2750 6170 2658 4081 2624  2173 5302 1812 3789 1970  1949 3754 2360 2562 1416  
13017 27889 11704 21846 5720  2255 7320 2651 5405 3754  470 1369 1537 766 2815  
12950 31249 10063 23561 9041  2428 4658 4341 3922 2303  370 770 1613 514 1816  
8182 18718 6230 15332 2906  4178 8806 5001 6360 3035  1851 4723 2170 3476 2005  
6884 17101 4825 13258 4367  3802 9030 3381 6747 3345  2431 4765 3389 3643 1652  
9726 22470 7405 18231 3902  3904 9547 4354 6525 5013  1455 3158 2686 2126 2723  
8126 14770 9696 9567 5589  4205 11393 3498 8407 4553  1608 4081 1715 2806 1968  
4373 10282 3423 8042 2411  3163 6791 3092 5266 1634  2061 5398 1624 3985 2089  
12830 27682 13071 18264 11646  2359 6090 2891 5357 1573  541 2618 297 3854 248  
12043 29638 9722 19885 12425  3454 6723 4718 7766 820  199 299 934 344 319  
1260 3170 938 2255 1146  1052 2284 1121 1327 1238  996 2255 990 1403 1104  
9964 21777 10228 13262 10806  3389 8040 3541 6034 2242  1768 4414 1985 4599 427  
10105 19292 12146 11004 10039  4322 11649 3193 10823 1930  942 3879 673 3443 1304  
5806 13595 4537 10699 3052  3740 7398 4571 5132 2928  2156 5780 1873 4244 2550  
2734 5206 3216 3240 2292  1930 3896 2253 2146 2175  2033 4223 2102 3196 1185  
3700 7320 4321 4144 3928  3211 7934 2643 5934 2603  2239 4695 2584 3107 2022  
10182 20180 10662 14699 5594  3462 8119 3848 6127 3412  1400 4716 1204 4019 2015  
6084 13641 5625 9803 4590  3185 7254 3371 4748 3554  2218 5821 1683 4943 1537  
8452 22211 5307 16501 6928  3630 7814 3665 5766 3857  2020 3724 3072 3041 1710  
5835 13219 4808 10431 2806  3826 8918 3707 6533 3266  2282 4651 2923 3400 1802  
8375 20589 6263 15472 6080  4345 8908 5329 6750 3195  1750 3759 2708 2714 2280  
4801 10569 4900 6324 5409  3745 8107 3990 5513 3201  2333 5301 2463 3752 1984  
2989 6801 2519 5260 1657  2419 5438 2179 4206 1382  1976 4167 2235 2856 1778  
1452 3461 1125 2682 865  1329 3147 1075 2418 846  1170 2584 1028 2061 509  
11135 23904 11758 14292 12164  3690 8349 4130 7292 1040  762 2898 440 3459 299  
13430 31237 12127 21019 12895  1730 3519 3125 3595 734  622 2041 873 3409 3  
5381 11472 5660 7218 5315  3427 9001 2442 7120 2620  2532 5705 2733 4301 2123  
6090 13802 5299 10426 3805  2929 7875 2018 5844 2901  2506 4769 3568 3259 2230  
8578 19710 6774 15745 3885  3982 7835 5467 5354 3595  1857 4795 2164 3635 2299  
1274 3128 1027 2164 1217  1101 2369 1181 1409 1232  1266 2957 1065 2316 764  
13992 34246 10672 25494 10503  1492 2373 3002 2658 843  283 230 2048 47 2026  
4528 10381 3840 7902 2783  2856 7066 2406 5056 2777  2363 4866 2655 3778 1323  
13064 29640 12135 20532 11260  1755 4807 2068 4509 1906  825 1948 1578 2396 354  
11954 26818 11197 18868 9683  2299 6323 2350 5165 2835  1101 2452 1884 2396 842  
8314 19136 7860 11855 9328  4595 9268 5691 6913 2741  1816 4608 1883 4255 999  
5662 10753 6338 7460 3440  3405 7087 3898 4455 3522  2526 6451 2302 4892 2388  
4712 9706 5293 5438 5378  4168 8809 4332 6619 2574  2340 6317 1884 4967 2086  
1325 2804 1414 1740 1331  1048 2321 1080 1366 1220  1298 2962 1175 2241 882  
13105 26649 13029 20053 6491  2157 6583 2790 5207 3664  458 3006 346 2507 1856  
2674 5225 3107 3165 2486  2170 4448 2443 2737 2098  1665 3835 1661 2418 1797  
12125 27222 10572 20786 7031  2641 5642 4184 4280 2637  740 2710 865 2272 1393  
12026 21723 13853 15123 6297  2705 7885 2170 6370 3635  911 5639 271 5337 2069  
13010 32694 9504 23768 10995  1972 2340 4763 2045 2594  584 1222 1057 1692 33  
14684 34458 12465 25087 11339  1001 2213 2526 2990 787  110 210 984 125 1249  
9747 26086 6040 18394 9646  4680 7984 6879 6641 3266  1016 2068 1853 2383 481  
10610 25463 8923 17579 9920  4025 8028 5636 6793 2417  671 2022 777 1983 924  
11758 27650 10658 17400 13150  3051 6187 4181 5964 477  783 2035 1176 2778 6  
12107 27282 11130 19558 9286  2138 4806 3340 3043 3431  962 3022 916 3142 659  
1490 3370 1379 2382 1202  1086 2120 1313 1172 1186  1236 2696 1256 1877 1021  
10822 19593 12816 12951 6931  3458 9932 2780 7299 4640  1181 5311 565 5319 1422  
8324 19283 6302 15653 3344  4236 9979 4629 6916 4805  1859 4272 2545 3147 2241  
10497 23822 8895 18381 5864  3534 7557 4874 5454 3578  1157 3011 1703 2330 1835  
13108 26218 14428 17413 10285  2314 8244 1653 7564 2595  259 1539 193 1484 676  
11590 27826 8948 21300 7475  2926 6575 3454 5267 2510  760 1557 1833 911 2644  
5788 13265 4650 10518 2761  3775 7698 4564 5196 3441  2039 5750 1488 4440 2106  
1442 2819 1556 2012 838  1360 3197 1130 2459 858  1257 2878 1161 2124 939  
8294 17404 9088 9929 9453  4106 9499 4164 6817 2895  1807 5028 1517 4692 878  
5983 13809 4956 10615 3533  3392 8217 2656 6651 1774  2436 5110 2998 3753 1906  
5454 13075 3836 10636 2331  3703 8640 3219 6662 2272  2477 4921 3309 3486 1984  
4505 9328 4719 6414 3413  3159 6784 3362 4707 2670  2276 5205 2346 3760 2029  
4434 10330 3829 7495 3429  3233 6961 3175 5429 1752  1867 4857 1567 3417 2210  
7688 17140 7033 12615 5243  3556 8218 3884 5583 4040  1969 4258 2567 2984 2015  
6043 12834 5762 9644 3376  3718 8052 4090 5665 3277  2164 5858 1892 4392 2434  
8973 18130 9444 12829 5854  3863 9511 3598 7800 2681  1645 4384 1948 3176 2592  
6056 13673 5538 9833 4613  3636 7384 4111 5496 2306  2378 5854 2297 4630 1988  
2920 6051 2818 4612 1409  2242 5332 1702 4352 963  1806 4425 1347 3588 861  
13799 30688 12441 23016 8605  1639 5255 2317 4404 3109  313 753 1104 651 893  
6491 11378 7704 7752 3414  4411 10667 3929 8365 3213  2100 5379 2255 3572 3196  
1513 3364 1342 2568 859  1207 2811 898 2326 417  1199 2405 1290 1763 688  
14764 33555 12248 26252 7591  989 3090 3414 1736 5261  57 225 624 186 667  
8072 15929 9277 9709 7528  4304 11444 3439 9299 3266  1860 4231 2163 3639 1174  
7993 15452 9670 8071 9158  4930 11163 4649 9097 2352  1616 4713 1342 3793 1364  
9559 20633 10060 12111 10833  4048 10084 3754 8417 2176  1450 3829 1515 4165 475  
3004 6977 2522 5252 1993  2348 4675 2545 3449 1310  1802 4573 1286 3713 1026  
7029 15810 6714 10626 6476  3403 9078 2325 7385 2598  2364 4619 3404 3231 2137  
10202 22560 9927 15367 8872  3110 8047 2988 6252 3126  1584 4041 1697 4156 872  
12806 31141 9775 23499 8999  2601 4812 4798 3934 2698  322 780 1048 643 1207  
3073 6569 2999 4778 2028  2365 5725 1899 4424 1592  1809 4042 1933 2665 1934  
6043 13386 5358 10249 3354  3602 7357 4330 4928 3344  2245 5915 1807 4941 1514  
9300 21847 8237 14751 8966  3865 9552 3148 8796 1959  1778 3593 2852 2961 1430  
12530 30652 9650 22628 9713  2630 5088 3945 4802 1484  567 918 2297 575 1793  
2729 5579 3017 3477 2579  2388 4897 2611 3326 1883  2012 4373 2076 3157 1541  
4395 10370 3678 7600 3337  3274 7213 3130 5607 1902  2279 4604 2749 3334 1680  
9748 22883 8525 15912 8702  3534 6859 5103 4655 3225  1532 3577 1876 3057 1035  
13693 31475 10374 25731 5031  2046 4905 5210 2174 6966  66 314 740 180 880  
4070 8710 4252 5527 3977  3289 6737 3510 5002 1999  2461 5755 2373 4453 1835  
14873 30830 15676 20875 11820  882 5521 510 6894 1040  48 316 192 248 490  
9975 24057 7931 17744 7618  3925 8412 4829 6636 3246  920 2422 1006 2005 1434  
11844 27579 10211 20042 9105  2823 5686 4702 4127 3290  822 2518 815 2980 402  
6443 12536 7809 6214 7913  5203 11788 4986 9231 2967  2277 6109 2023 5308 1514  
9694 22373 8828 15233 8952  3968 9513 3722 8636 2041  1046 2151 1992 1317 1835  
3039 6718 2726 5107 1750  2388 5239 2465 3577 2168  1713 4480 1239 3415 1455  
13197 23367 15724 15641 7644  2549 12350 598 11022 4748  62 974 56 1146 1122  
2651 5496 2902 3370 2640  2402 4767 2651 3353 1597  1918 4114 2067 2780 1704  
3913 9706 3002 6920 3469  2803 6246 2894 4047 2978  2517 5832 2202 4920 1252  
10029 23120 7891 18441 4633  3724 9081 4277 6250 4969  1198 2974 1649 2204 2037  
8664 17830 9338 11686 7406  3850 8928 4029 6518 3389  1856 5288 1476 5326 919  
12977 28941 12485 19673 11489  1682 5310 1340 5402 1461  717 1252 1810 983 609  
