# NumberOfHospitals NumberOfScenarios TimeHorizon
5 20 3
# DemandeScenario_0_Hospital_0_Period_0 DemandeScenario_0_Hospital_1_Period_0 ... DemandeScenario_0_Hospital_0_Period_1 DemandeScenario_0_Hospital_1_Period_1 ...
# DemandeScenario_1_Hospital_0_Period_0 DemandeScenario_1_Hospital_1_Period_0 ... DemandeScenario_1_Hospital_0_Period_1 DemandeScenario_1_Hospital_1_Period_1 ...
# ...
# ...
# ...
7522 16092 7967 9681 8097  3518 7329 4133 4358 3218  2328 6225 1961 5424 1360  
6097 12632 6766 7290 6717  3656 9645 2745 7338 3097  2685 5733 3158 4431 1798  
12713 32454 8828 23812 10586  2894 4227 5525 4236 1819  147 141 1131 110 1015  
4991 9918 5791 5682 5238  3442 7714 3527 4998 3312  2781 6499 2688 5244 1771  
14468 28220 15610 20083 8479  1192 6921 696 5415 4935  148 1649 62 2364 185  
9803 21442 9833 14086 9167  3260 6972 4059 4620 2982  1765 4586 1716 4558 758  
11687 27843 9413 20807 8326  2934 5627 5198 3833 3946  896 2347 1297 2176 974  
10417 26664 7523 18371 10501  4307 7812 6188 6914 2545  861 1686 2091 1752 501  
10635 23015 9864 17384 6039  3514 8538 4161 6393 3901  1069 3101 1521 2252 2379  
4523 9895 4413 6907 3606  2559 6884 1666 5218 2245  2530 5639 2551 4416 1687  
4417 9228 4227 7028 2190  3106 6250 3451 4495 2064  2407 5726 2316 4343 1963  
4350 10098 3845 7154 3625  3074 7508 2455 5835 2182  2304 5198 2152 4258 1170  
1458 3061 1536 2038 1239  1353 3165 1116 2463 802  1248 2815 1192 2038 981  
1369 2538 1543 1786 733  1287 2487 1424 1751 786  1229 2689 1148 2079 667  
2733 6814 1961 5163 1949  2500 5175 2737 3595 1957  1976 4706 1712 3630 1416  
7530 16933 6984 12043 5915  3303 7468 3681 4864 3816  1899 5013 1647 4054 1729  
2685 4844 3151 3279 1568  2247 4561 2550 2854 2143  1991 4434 2035 3070 1783  
7553 15563 7873 10874 5381  3988 9333 3987 7034 3336  1800 4375 2077 2999 2325  
1509 3268 1498 2274 1192  1275 3139 975 2379 928  1178 2568 1227 1728 1087  
14507 30191 15415 19914 12440  1253 5679 912 6651 855  47 881 40 1510 180  
