# NumberOfHospitals NumberOfScenarios TimeHorizon
5 100 3
# DemandeScenario_0_Hospital_0_Period_0 DemandeScenario_0_Hospital_1_Period_0 ... DemandeScenario_0_Hospital_0_Period_1 DemandeScenario_0_Hospital_1_Period_1 ...
# DemandeScenario_1_Hospital_0_Period_0 DemandeScenario_1_Hospital_1_Period_0 ... DemandeScenario_1_Hospital_0_Period_1 DemandeScenario_1_Hospital_1_Period_1 ...
# ...
# ...
# ...
7522 16092 7967 9681 8097  3518 7329 4133 4358 3218  2328 6225 1961 5424 1360  
6097 12632 6766 7290 6717  3656 9645 2745 7338 3097  2685 5733 3158 4431 1798  
12713 32454 8828 23812 10586  2894 4227 5525 4236 1819  147 141 1131 110 1015  
4991 9918 5791 5682 5238  3442 7714 3527 4998 3312  2781 6499 2688 5244 1771  
14468 28220 15610 20083 8479  1192 6921 696 5415 4935  148 1649 62 2364 185  
9803 21442 9833 14086 9167  3260 6972 4059 4620 2982  1765 4586 1716 4558 758  
11687 27843 9413 20807 8326  2934 5627 5198 3833 3946  896 2347 1297 2176 974  
10417 26664 7523 18371 10501  4307 7812 6188 6914 2545  861 1686 2091 1752 501  
10635 23015 9864 17384 6039  3514 8538 4161 6393 3901  1069 3101 1521 2252 2379  
4523 9895 4413 6907 3606  2559 6884 1666 5218 2245  2530 5639 2551 4416 1687  
4417 9228 4227 7028 2190  3106 6250 3451 4495 2064  2407 5726 2316 4343 1963  
4350 10098 3845 7154 3625  3074 7508 2455 5835 2182  2304 5198 2152 4258 1170  
1458 3061 1536 2038 1239  1353 3165 1116 2463 802  1248 2815 1192 2038 981  
1369 2538 1543 1786 733  1287 2487 1424 1751 786  1229 2689 1148 2079 667  
2733 6814 1961 5163 1949  2500 5175 2737 3595 1957  1976 4706 1712 3630 1416  
7530 16933 6984 12043 5915  3303 7468 3681 4864 3816  1899 5013 1647 4054 1729  
2685 4844 3151 3279 1568  2247 4561 2550 2854 2143  1991 4434 2035 3070 1783  
7553 15563 7873 10874 5381  3988 9333 3987 7034 3336  1800 4375 2077 2999 2325  
1509 3268 1498 2274 1192  1275 3139 975 2379 928  1178 2568 1227 1728 1087  
14507 30191 15415 19914 12440  1253 5679 912 6651 855  47 881 40 1510 180  
5863 11705 6427 7874 4419  3297 8087 3075 5488 3598  2112 4609 2450 2998 2150  
11422 21990 12969 14583 8333  3090 8388 2693 6851 3003  941 3911 565 3759 1388  
2087 4065 2537 1963 2638  2443 5541 2337 3851 2099  1677 3955 1589 2588 1745  
4039 10173 2763 7830 2707  3187 7112 2814 5676 1517  2104 5010 2100 3393 2545  
1531 3410 1386 2551 968  1267 2464 1478 1586 1047  1245 2805 1201 2011 1005  
11584 23546 11471 17802 5572  3060 9506 2638 7766 3256  859 2404 1761 1482 3267  
10930 22183 12165 13799 10252  3544 9637 3096 8085 2527  957 2977 857 3466 399  
7694 17091 7101 12519 5317  3746 9330 3228 7408 2830  1867 4477 2228 3145 2565  
2740 6727 2115 4915 2217  2273 5034 2315 3363 2196  1976 4259 2135 2953 1724  
5651 11015 6788 5733 6582  4502 9383 4754 6879 2772  2576 7059 2101 5843 2016  
15232 34635 13257 26035 9803  542 1740 3037 1515 3224  33 473 56 521 541  
11779 23393 13544 13938 11574  3512 10621 2405 10419 1477  388 2212 252 2555 482  
15192 32247 14592 24051 8810  579 4361 1126 3982 2991  33 183 656 111 1371  
10251 20263 10919 14473 6117  3726 9928 3629 7582 4261  1082 3366 1198 2484 2119  
13467 33897 9083 26335 8592  1680 2190 3426 1363 3651  367 363 1555 248 1126  
11640 27727 9004 21455 6999  3218 6281 5438 4445 3588  729 1913 1448 1480 1704  
2440 6239 1735 4442 2246  2038 4928 1726 3376 2059  2174 4643 2307 3394 1607  
9130 22999 6594 16830 7564  4482 9094 5444 7424 2773  1276 2609 2434 1792 2255  
2912 6055 3095 4011 2468  2349 4742 2449 3567 1245  1931 4921 1508 3825 1476  
8367 20483 5938 16130 4742  3974 8798 4034 6820 2461  2026 4146 3388 2757 2897  
10511 23321 10024 16348 8465  3564 8548 3735 7450 2237  1106 2611 1744 2178 1233  
13136 26442 14373 17565 10425  2076 7991 1366 7009 2754  475 1741 515 2138 390  
7241 14096 7878 9932 4403  3778 8456 4126 5648 4055  2188 6455 1518 5924 1340  
12143 25268 12507 17708 8732  2597 6574 3064 5277 2785  789 3230 626 2970 1462  
5746 12616 5688 8461 5146  3803 8140 3859 6449 2039  2385 5367 2614 4120 1894  
14387 30252 15140 19868 12684  1304 5674 1065 6283 881  112 731 175 1278 57  
8385 15980 10201 8659 8968  4808 12582 3859 10368 3033  1520 3937 1554 3338 1015  
2919 6862 2483 4975 2295  2507 5456 2446 4091 1614  2019 4535 1991 3396 1484  
2666 6106 2495 4030 2623  2311 5518 1988 4010 1944  1835 3738 2165 2390 1729  
4448 10232 3648 7957 2440  3239 7058 3473 4860 2974  2344 5420 2394 4002 2065  
3698 7080 4459 3951 3818  3172 6202 3505 4426 1933  2451 5879 2320 4274 2197  
7460 18463 5873 12714 7271  4691 9894 5360 7604 3416  2097 4462 2876 3717 1524  
5505 14738 3376 10518 5263  3473 8510 2482 6461 3111  3197 6413 3877 5273 1802  
14164 31981 13391 21676 12854  1591 4157 2912 4857 607  59 693 60 1579 93  
4466 9379 4642 6367 3606  2801 5930 3137 3689 2900  2342 5779 2094 4407 1956  
11045 27015 8580 19749 8872  3295 6403 5088 4729 3653  1096 2345 1984 2211 802  
1302 3249 983 2334 1136  1230 2874 1116 1967 1166  1012 2559 762 1834 951  
2713 6800 1905 5190 1884  2450 5290 2310 4114 1248  1623 4210 1205 3037 1651  
3655 9487 2436 6923 3157  3174 6917 3331 4692 3000  2129 4885 2141 3414 2121  
2617 5762 2638 3640 2680  2548 5747 2385 4276 1814  1833 3809 2099 2472 1723  
11053 27199 7699 21494 6177  3467 7055 4740 5079 3139  936 1796 2257 1173 1514  
15117 32189 15293 22296 11787  643 3778 955 4842 985  54 888 95 1011 627  
13691 29246 13013 21887 7925  1746 5310 2960 3910 4299  315 1981 272 1881 1112  
7003 16953 5035 13464 3685  3234 8261 2617 5754 3899  2667 5449 3574 4029 2398  
7047 15316 7129 10067 6523  3972 10046 3233 8172 2809  2006 4530 2431 3266 2102  
11691 28591 9665 18715 12642  2802 4576 4820 3858 988  943 2097 1418 2459 4  
9863 21396 10260 12870 10818  3627 10215 2478 9643 1777  1471 3310 1801 3368 719  
10296 23945 8245 18684 5647  3677 7527 5486 5071 4373  1162 3521 1193 2968 1510  
12314 26360 12034 19059 8353  2464 7863 2071 6888 2742  804 1931 1619 1565 1556  
7896 16637 8663 9192 9458  5276 13014 4564 11408 2513  1702 4012 2161 3620 977  
2087 4119 2503 2012 2651  2009 4324 2145 2538 2177  2098 4353 2275 3035 1548  
9677 21659 9602 13215 10777  4386 9149 5329 7431 1935  1304 4057 1098 4401 656  
10513 24356 9028 17979 7556  3469 6958 5030 5138 3109  1004 2943 1219 2136 2055  
10547 21661 11896 12061 12092  3591 9431 3094 7686 1378  1057 3026 959 3063 146  
6968 13000 8019 8771 4483  4255 10251 3949 7811 3504  2008 4715 2106 3765 1645  
6793 15637 5101 12829 2411  4106 9225 4104 6951 2625  2318 5650 2678 3955 2944  
6045 11680 7432 5398 7890  5154 12833 4308 10179 3276  2475 6342 2279 5728 1390  
1208 2897 1044 1890 1287  1126 2192 1356 1236 1176  1296 2954 1189 2207 919  
2992 6965 2546 5162 2134  2458 5327 2369 4064 1437  1918 4049 2176 2725 1799  
8525 20699 6294 16091 5150  3785 8535 3631 6817 2073  1953 4321 2861 2920 2956  
7507 18761 5718 13139 7068  4404 10032 3923 8620 2247  1426 3439 1302 2575 1923  
6223 12858 6909 7517 6694  3549 7437 4024 4475 3347  2377 6352 1941 5135 1747  
4610 11823 3313 8147 4657  3520 8269 3127 5997 3171  2608 6061 2326 5051 1654  
12259 26759 11348 20039 7414  2564 7344 3074 5405 4507  742 1868 1338 1869 712  
15110 30996 15584 22129 9853  684 5334 701 5119 3255  16 368 97 567 413  
5670 11233 6381 7224 4745  3316 8148 3033 5571 3473  2233 5594 2068 4159 2098  
5525 12302 5397 8111 5255  3696 8544 3586 6212 3140  2520 5492 2823 4301 1735  
2835 6458 2639 4414 2549  2438 5610 2070 4458 1316  1788 4101 1818 2751 1884  
7343 15258 7776 10186 6090  3196 7972 3012 5316 3704  2418 6414 1921 5979 1309  
1465 3258 1255 2557 701  1277 2977 998 2391 583  1233 2748 1239 1902 1103  
12957 30411 11570 20207 12949  2708 6011 3844 7197 522  143 426 839 682 132  
2741 6530 1963 5306 1164  2121 5039 1498 4171 704  1760 4523 1299 3311 1643  
11730 29422 8624 21352 9953  3392 6114 5324 5433 2648  552 1048 1632 1067 772  
5748 12143 6018 7984 5092  2701 5732 3133 3085 3349  2669 5793 2856 4486 1675  
3996 9933 3002 7226 3326  2908 7186 2240 5419 2363  2460 5165 2883 3627 2204  
10607 21969 10703 15951 6589  3301 7754 3782 6036 3027  1162 3411 1289 2778 1792  
3071 6836 2841 4986 2166  2156 5483 1566 4163 1684  1990 4629 1833 3477 1536  
2537 6413 1847 4611 2237  2388 5408 2290 3798 2090  2099 4631 2111 3451 1541  
3924 9065 3622 5965 3932  3414 7272 3590 5273 2484  1738 3544 2174 1914 2106  
9235 23780 6530 16498 9202  3938 7989 4477 6528 3105  1842 3566 2897 3588 820  
