# NumberOfHospitals NumberOfScenarios TimeHorizon
5 50 3
# DemandeScenario_0_Hospital_0_Period_0 DemandeScenario_0_Hospital_1_Period_0 ... DemandeScenario_0_Hospital_0_Period_1 DemandeScenario_0_Hospital_1_Period_1 ...
# DemandeScenario_1_Hospital_0_Period_0 DemandeScenario_1_Hospital_1_Period_0 ... DemandeScenario_1_Hospital_0_Period_1 DemandeScenario_1_Hospital_1_Period_1 ...
# ...
# ...
# ...
7522 16092 7967 9681 8097  3518 7329 4133 4358 3218  2328 6225 1961 5424 1360  
6097 12632 6766 7290 6717  3656 9645 2745 7338 3097  2685 5733 3158 4431 1798  
12713 32454 8828 23812 10586  2894 4227 5525 4236 1819  147 141 1131 110 1015  
4991 9918 5791 5682 5238  3442 7714 3527 4998 3312  2781 6499 2688 5244 1771  
14468 28220 15610 20083 8479  1192 6921 696 5415 4935  148 1649 62 2364 185  
9803 21442 9833 14086 9167  3260 6972 4059 4620 2982  1765 4586 1716 4558 758  
11687 27843 9413 20807 8326  2934 5627 5198 3833 3946  896 2347 1297 2176 974  
10417 26664 7523 18371 10501  4307 7812 6188 6914 2545  861 1686 2091 1752 501  
10635 23015 9864 17384 6039  3514 8538 4161 6393 3901  1069 3101 1521 2252 2379  
4523 9895 4413 6907 3606  2559 6884 1666 5218 2245  2530 5639 2551 4416 1687  
4417 9228 4227 7028 2190  3106 6250 3451 4495 2064  2407 5726 2316 4343 1963  
4350 10098 3845 7154 3625  3074 7508 2455 5835 2182  2304 5198 2152 4258 1170  
1458 3061 1536 2038 1239  1353 3165 1116 2463 802  1248 2815 1192 2038 981  
1369 2538 1543 1786 733  1287 2487 1424 1751 786  1229 2689 1148 2079 667  
2733 6814 1961 5163 1949  2500 5175 2737 3595 1957  1976 4706 1712 3630 1416  
7530 16933 6984 12043 5915  3303 7468 3681 4864 3816  1899 5013 1647 4054 1729  
2685 4844 3151 3279 1568  2247 4561 2550 2854 2143  1991 4434 2035 3070 1783  
7553 15563 7873 10874 5381  3988 9333 3987 7034 3336  1800 4375 2077 2999 2325  
1509 3268 1498 2274 1192  1275 3139 975 2379 928  1178 2568 1227 1728 1087  
14507 30191 15415 19914 12440  1253 5679 912 6651 855  47 881 40 1510 180  
5863 11705 6427 7874 4419  3297 8087 3075 5488 3598  2112 4609 2450 2998 2150  
11422 21990 12969 14583 8333  3090 8388 2693 6851 3003  941 3911 565 3759 1388  
2087 4065 2537 1963 2638  2443 5541 2337 3851 2099  1677 3955 1589 2588 1745  
4039 10173 2763 7830 2707  3187 7112 2814 5676 1517  2104 5010 2100 3393 2545  
1531 3410 1386 2551 968  1267 2464 1478 1586 1047  1245 2805 1201 2011 1005  
11584 23546 11471 17802 5572  3060 9506 2638 7766 3256  859 2404 1761 1482 3267  
10930 22183 12165 13799 10252  3544 9637 3096 8085 2527  957 2977 857 3466 399  
7694 17091 7101 12519 5317  3746 9330 3228 7408 2830  1867 4477 2228 3145 2565  
2740 6727 2115 4915 2217  2273 5034 2315 3363 2196  1976 4259 2135 2953 1724  
5651 11015 6788 5733 6582  4502 9383 4754 6879 2772  2576 7059 2101 5843 2016  
15232 34635 13257 26035 9803  542 1740 3037 1515 3224  33 473 56 521 541  
11779 23393 13544 13938 11574  3512 10621 2405 10419 1477  388 2212 252 2555 482  
15192 32247 14592 24051 8810  579 4361 1126 3982 2991  33 183 656 111 1371  
10251 20263 10919 14473 6117  3726 9928 3629 7582 4261  1082 3366 1198 2484 2119  
13467 33897 9083 26335 8592  1680 2190 3426 1363 3651  367 363 1555 248 1126  
11640 27727 9004 21455 6999  3218 6281 5438 4445 3588  729 1913 1448 1480 1704  
2440 6239 1735 4442 2246  2038 4928 1726 3376 2059  2174 4643 2307 3394 1607  
9130 22999 6594 16830 7564  4482 9094 5444 7424 2773  1276 2609 2434 1792 2255  
2912 6055 3095 4011 2468  2349 4742 2449 3567 1245  1931 4921 1508 3825 1476  
8367 20483 5938 16130 4742  3974 8798 4034 6820 2461  2026 4146 3388 2757 2897  
10511 23321 10024 16348 8465  3564 8548 3735 7450 2237  1106 2611 1744 2178 1233  
13136 26442 14373 17565 10425  2076 7991 1366 7009 2754  475 1741 515 2138 390  
7241 14096 7878 9932 4403  3778 8456 4126 5648 4055  2188 6455 1518 5924 1340  
12143 25268 12507 17708 8732  2597 6574 3064 5277 2785  789 3230 626 2970 1462  
5746 12616 5688 8461 5146  3803 8140 3859 6449 2039  2385 5367 2614 4120 1894  
14387 30252 15140 19868 12684  1304 5674 1065 6283 881  112 731 175 1278 57  
8385 15980 10201 8659 8968  4808 12582 3859 10368 3033  1520 3937 1554 3338 1015  
2919 6862 2483 4975 2295  2507 5456 2446 4091 1614  2019 4535 1991 3396 1484  
2666 6106 2495 4030 2623  2311 5518 1988 4010 1944  1835 3738 2165 2390 1729  
4448 10232 3648 7957 2440  3239 7058 3473 4860 2974  2344 5420 2394 4002 2065  
