# NumberOfHospitals NumberOfScenarios TimeHorizon
3 300 4
# DemandeScenario_0_Hospital_0_Period_0 DemandeScenario_0_Hospital_1_Period_0 ... DemandeScenario_0_Hospital_0_Period_1 DemandeScenario_0_Hospital_1_Period_1 ...
# DemandeScenario_1_Hospital_0_Period_0 DemandeScenario_1_Hospital_1_Period_0 ... DemandeScenario_1_Hospital_0_Period_1 DemandeScenario_1_Hospital_1_Period_1 ...
# ...
# ...
# ...
55657 31724 34380  22461 20256 14960  8457 6914 7311  7355 2572 2943  
45603 30216 28220  25842 14086 15021  10197 8476 9035  8549 6029 4852  
22738 19266 16752  15246 10483 12398  17054 9967 9186  11757 7423 6860  
56262 38767 28377  27009 18424 20821  9090 4492 4551  4005 3231 3851  
46765 55160 33932  30219 9895 17540  10780 1649 6400  8932 365 3574  
7888 4690 3384  8039 4751 3987  7939 4396 4444  6789 3720 3369  
32860 20152 23428  19095 17030 14248  14726 8295 9144  9984 7030 5907  
62572 51207 45265  25731 10732 13323  7383 3670 3164  3541 1052 754  
7289 6164 5705  8122 4568 5286  6071 5252 3627  6222 3606 4424  
34330 14181 20457  24973 16723 14460  14717 12939 10242  8213 6681 6536  
36808 18075 21762  23659 16010 13222  14292 9921 10216  9167 6253 6223  
62197 27717 36851  24256 24683 15324  9180 7495 6233  2974 4316 2887  
83020 41053 49068  11647 20530 11542  4339 2731 1667  1035 2284 501  
27188 17763 17479  18981 9319 11916  14806 10650 8481  10998 5489 5856  
82448 51248 52471  14632 10476 8322  2489 4718 1555  594 399 448  
79715 55628 51765  13720 9675 9011  5441 1248 1781  997 370 267  
58427 36463 28023  22946 17221 14864  12154 7560 11019  3771 3960 5153  
64164 34720 26256  27190 18767 23763  6748 8599 8446  1273 2843 1464  
46198 29616 28034  20624 14888 16310  15264 8660 6658  6482 6765 4545  
51560 37891 32015  25309 12437 16999  7511 9354 5071  8130 3846 3733  
73222 47136 46273  20236 13438 11055  4948 4086 4138  1131 1932 819  
54982 35918 32672  23077 14674 11820  12523 8253 9563  4867 4145 5066  
79946 35401 47226  17321 23240 11123  2114 5307 3832  653 1527 533  
52122 41860 29170  27174 16090 17465  11196 6188 9136  4869 2029 4182  
34190 23417 18615  22850 12354 11149  15635 9582 9548  8833 8224 7366  
42543 31072 25278  27334 13275 15920  13490 7992 7019  6466 7131 6404  
7713 6499 5413  8613 4946 5219  6959 5093 3994  7119 4371 4090  
13259 12541 10856  12019 8022 9431  11265 8944 6632  10762 7154 6334  
85549 46760 48550  11991 16453 10872  2364 2882 2345  412 873 936  
10994 12349 7766  14420 10518 9209  10392 8581 7450  11017 6742 6868  
74361 37907 36931  16777 17194 11967  6642 4708 8543  1836 2610 3174  
77653 51924 53539  17187 7546 6973  4024 6702 1842  1295 749 434  
40217 38612 31518  30427 15644 17590  15446 6977 7704  5241 3404 2757  
17833 12321 11441  12474 10302 9315  12493 7034 7839  8665 6396 6387  
77107 48654 38643  17207 15006 16525  5185 2136 5579  558 846 812  
75924 42787 42721  18058 13636 13957  4054 6973 4699  1472 2875 858  
43159 28675 29743  26911 14960 14605  13473 7634 8070  7565 5688 4669  
39205 30349 22299  23764 14758 12237  14137 9741 9454  9627 5025 6360  
35570 16937 21739  23625 14109 14536  14698 9775 9368  9828 7305 4889  
8288 4602 3602  7833 5743 4723  6584 5409 4293  6642 4130 3432  
46434 25368 23732  19371 19280 13368  14450 9353 8809  7740 6363 7157  
31718 23424 23656  21975 16054 14558  12588 10701 7533  10827 6528 5651  
66586 35852 36927  22255 15783 14464  6772 7013 7245  3019 5402 2543  
54485 38215 41293  18857 14795 13000  15710 7299 5448  7417 2994 1824  
8722 5064 5831  8575 4182 4310  6986 5264 4930  5794 3730 4378  
35854 21560 18388  23702 12402 12642  13604 12658 11180  10279 6220 6906  
17513 12118 11752  13053 8135 9476  12060 5372 6992  7924 6726 6313  
59325 51872 39716  30002 10807 15835  7773 3138 4569  2339 916 1713  
57145 51855 38948  27214 11817 16598  11837 2379 5421  2804 817 1211  
46679 21305 25376  25134 15910 15700  10753 10886 10089  8333 7959 4886  
8019 5193 5879  6375 5050 5202  7131 5313 4766  6646 2540 3731  
48366 35243 26205  23159 18003 16166  16150 7059 11081  7090 3420 4698  
7364 6519 5216  8407 4925 4353  6474 5359 4258  5237 4835 4069  
85376 44851 48460  10660 19216 11481  3208 2240 2516  816 464 344  
46815 38190 34163  28584 12028 15486  12979 8050 7399  5775 4741 3242  
27961 15084 14312  17893 14050 13704  15419 8840 8525  8993 8329 6058  
80100 52827 53118  16713 10305 7951  2409 3067 1525  716 518 230  
18300 9606 11237  13312 6919 9029  11289 8947 8010  10730 5372 5571  
58852 52170 42169  28351 11238 13929  9018 2810 4656  1975 697 1126  
35557 18956 16636  24260 12946 14215  14893 9321 10918  8548 8895 5821  
43869 39121 31583  29005 14110 17802  14637 6675 7556  5482 4004 3180  
31924 17027 22418  20143 16492 14982  17524 8996 8851  8832 8277 6085  
8201 5509 4129  8659 4130 4664  6427 5561 4449  6335 4597 3588  
29357 23831 16377  19043 16706 15261  14545 10113 10888  13169 6099 7002  
44733 22381 27737  25490 14130 14572  12249 10406 9313  8342 7273 4018  
63305 41919 47089  21619 16342 11496  11105 5902 3168  3096 1594 794  
38619 22963 28603  22300 14877 15344  17827 8252 7520  8868 8930 5311  
7929 6489 5400  8577 5167 4844  6299 5239 4730  6886 4546 3979  
77677 52419 58731  17285 4972 2681  4816 5906 1207  312 2616 198  
64888 40763 39911  18312 17397 11561  7659 5043 7267  5497 2502 2137  
86433 60161 59125  11599 4091 3188  1646 2632 503  529 253 69  
15609 8755 6311  14765 10593 9134  12551 6821 6475  10654 5412 6006  
66006 31264 34597  21201 20987 14454  8129 6246 8317  3131 5399 3532  
14634 11748 11607  12698 10663 8926  10034 8662 6636  10216 5942 6735  
26776 12498 16139  20809 11570 10987  14130 11801 9640  10646 8258 6908  
32269 24253 18294  18710 16510 15007  17227 9427 9349  10491 4867 4675  
64995 29219 35556  22012 24090 15813  8437 7736 7447  3252 3049 2387  
84408 60109 47431  13631 6643 13650  1726 340 1089  454 50 521  
23862 19010 21919  27619 16098 15245  13189 11384 9168  7549 5763 5514  
85329 43245 47417  10435 14832 12841  3619 7418 2142  863 1298 300  
58816 38762 41626  23984 12734 13187  11712 8105 4377  2420 3407 2259  
25319 16789 17848  20906 13012 12062  15190 7588 7381  9450 8326 5875  
38690 22839 28570  25589 18651 16131  15986 11083 8450  8715 5099 4379  
17846 10849 11768  15384 9593 9091  10432 7324 7856  10582 5860 5199  
94871 47892 52214  5015 15236 8678  469 2617 1042  102 1256 912  
63632 47537 47249  23666 11754 11540  8399 5475 3006  3376 1101 723  
22425 19415 16435  16743 13190 12567  11904 8526 9106  13126 6310 5385  
15640 12935 11076  15310 7773 9330  13040 7103 6734  9164 6249 4464  
54275 37585 45128  28941 22668 12559  11976 3090 3475  3168 1853 1178  
55146 30877 28022  21195 21040 18088  12474 8444 8336  6383 3144 3812  
61093 43763 40129  22521 14480 11326  11092 4379 6630  3421 2239 1993  
68672 33593 44080  21588 12661 11208  7496 10430 4494  2004 6095 1865  
61524 43744 39801  23783 15009 14847  8967 5249 5401  3795 2026 1684  
39506 22231 28386  28824 17230 14789  12566 10363 9127  7111 7684 4823  
51697 33816 35685  21128 19357 13826  14436 7226 7529  4485 2774 3011  
86930 48070 57559  10518 13652 4540  2478 4032 680  384 896 97  
17164 12143 11790  14210 6896 8965  11597 7618 7905  10058 6433 4759  
45486 38643 29475  25015 14544 18844  15930 7657 7934  7673 3090 3671  
9398 4638 4781  7523 3446 4892  6614 5237 3705  7009 3933 3541  
50999 37387 30454  19543 16998 13886  15470 7190 9869  4760 3138 3523  
56698 31930 33406  20282 19129 16435  11451 4999 6497  6812 4696 3109  
16586 9703 7488  15760 8973 9777  11509 7678 6030  9553 6296 5103  
74285 46856 44964  19656 12287 11460  4135 5644 4892  1329 1602 1167  
18943 9432 10016  13484 10819 9716  11447 4933 7077  9634 7936 6349  
43954 31318 27466  26688 13659 15183  11225 9543 6312  7954 4768 6537  
28346 16542 16134  18963 10203 8846  14311 8943 7910  10293 6661 5906  
37067 20675 22808  20303 17710 14421  15368 9867 9577  9833 5530 5857  
77052 63861 48527  21151 2953 13637  2093 284 617  136 41 64  
41918 37782 26466  22297 16251 14205  10807 7146 8066  11337 3407 6594  
63944 35877 45529  25952 18543 12481  6001 9146 3491  3463 2208 951  
29849 25390 22560  26024 14674 14152  12886 10120 7383  10358 5019 7019  
26093 21038 22610  27086 16018 14837  15570 11048 9434  11031 5059 5689  
67305 51183 43169  17600 12326 12773  11366 2466 5168  2801 839 1330  
6257 5330 5577  8109 5179 5406  6742 4476 4852  6673 4233 4425  
84558 55945 43608  11913 8256 11075  2223 2313 4231  1649 505 3292  
27230 23813 22621  20988 16838 13129  19073 9457 9671  12408 5267 6222  
66920 23361 37808  23416 19409 15783  6022 8811 5657  2987 10503 2507  
55777 33110 30312  22807 13672 17691  10169 11139 6173  6471 3935 3747  
16352 10673 11829  15452 6783 8156  12170 5891 7170  7292 7772 6303  
15444 12622 11446  10905 8274 9198  13037 8214 6697  9479 5361 6512  
93689 55874 56761  5369 6047 5088  1366 4214 680  43 719 188  
65970 33071 37403  19268 19573 16820  9941 7831 4609  3369 3171 2422  
59606 41273 32707  23562 15928 15231  8507 4568 4588  5124 3560 6248  
44872 29028 29451  26257 14618 13701  13719 7997 7501  7144 5333 4268  
7273 6447 4813  8736 4667 4616  7750 4865 4874  5152 4549 4347  
18031 11989 10438  15411 8433 8238  11224 8859 7948  9912 6799 5960  
9426 5063 5519  8473 4447 4994  7809 4331 4368  6220 4569 3372  
44381 36248 25294  28877 17478 20147  14226 7497 9365  6304 3377 4355  
9427 4840 4885  7255 5923 4624  6910 2631 4188  6286 4054 2971  
17123 12393 10145  15597 9179 9332  12454 7192 7934  8427 6978 4940  
44897 39129 31782  30355 15025 16248  10245 7343 6166  5764 2815 4724  
20960 16194 17281  20168 14392 12415  15851 10039 8976  11629 6909 6767  
29359 25632 22175  23131 15947 14301  17654 8924 9539  11337 5465 5611  
7691 5877 5872  8459 5005 5269  5604 5274 4455  5610 4946 3890  
84688 46164 44652  12557 16217 12910  1891 4102 3350  1081 510 1720  
49512 51179 35849  30437 11963 19740  13975 2951 4706  3317 778 1339  
63441 49685 46566  25061 12981 11941  6215 3442 2852  3869 742 1137  
46733 25321 28054  24058 16371 12429  13031 7390 9357  7333 6862 4315  
75422 50172 53545  17569 8113 6911  4778 2514 1423  2286 4840 795  
20191 19489 15022  22154 12381 12091  9442 9727 6575  9616 7171 5963  
86746 51466 41987  7903 10117 8152  5118 4798 10558  651 475 1620  
50176 28850 22610  26875 18509 17823  11673 9292 8714  5793 5572 6085  
69302 65013 51767  27182 1772 8038  3453 336 2885  408 26 163  
12550 12695 8690  10919 10448 8171  12876 8387 8129  8800 6794 6486  
81765 64604 54420  16734 1719 5500  1701 718 2854  245 87 112  
56696 33133 33092  19634 16322 16721  13661 7794 6621  5261 5556 3482  
30879 22128 15488  21723 17378 15652  13785 10727 10541  12840 5206 6994  
58745 43477 34754  19087 15961 15909  14590 4142 7849  4266 2141 1895  
20497 19490 14707  16312 13527 12484  12993 9902 8709  10462 6522 7286  
52632 30844 35098  22403 18896 15582  10845 8508 6685  8079 4404 2608  
67280 51173 43068  17812 10714 14515  8266 4012 2967  4555 934 1450  
49215 32043 24010  22682 19292 16150  14048 7656 8966  8098 4114 7456  
23816 16513 17754  21655 11183 11658  14024 6606 8398  11197 8213 6900  
20383 16275 17157  19857 12990 12947  13663 7544 8837  10857 8806 6150  
76000 40621 43103  16919 19091 12270  4727 4431 3252  1922 1606 3204  
14217 12961 9713  15357 9700 8732  11290 8197 8253  9622 6603 6761  
67998 58083 49817  23534 7421 10931  4583 1009 1646  3164 506 409  
18960 10289 10929  15084 7488 8719  12406 7728 6853  9486 5565 6459  
23237 19276 16836  18016 13902 11863  16205 8900 8551  8725 7260 6297  
26156 17174 13980  16173 14494 11558  13753 8798 7111  11421 5864 5818  
79418 33276 45950  14451 19912 13476  4754 7885 2573  1492 3416 597  
6577 6476 4844  7857 5648 5358  7092 5105 4128  6511 4596 4516  
29637 24644 22975  21527 15424 14737  18339 9250 8992  9059 5583 5976  
27143 17807 17487  18088 8010 11422  15647 9110 8567  10308 6790 4733  
6694 5562 5684  7725 4609 5316  6703 5222 4795  6538 4940 4169  
15959 12824 10116  15599 8817 9663  11630 8588 7228  7681 6817 6302  
9470 5105 5087  8555 4586 4993  6399 5508 4683  6807 4741 4245  
55100 23955 30278  25209 20000 17407  11297 10450 7766  4632 5369 3981  
35028 21329 17538  21736 14924 12048  14357 10352 9003  10898 6180 7581  
9182 4873 4522  8552 4286 4479  5982 5400 3795  6980 3068 3989  
58572 39778 30633  19922 17741 15161  13044 6385 10675  5230 1895 3150  
68107 42825 47365  23838 11724 9888  5787 5273 3508  1885 4814 1539  
87762 42387 54800  10161 19792 7283  1528 3862 670  767 442 103  
18340 11764 11536  12757 10020 9550  11344 8692 7072  10383 6178 6489  
63768 40224 40942  23181 10486 12004  8628 8401 4765  3000 3904 3232  
54020 30892 34823  25190 13326 13964  11294 11766 6264  5100 4738 4286  
22811 19500 15337  17136 13723 11012  17081 7999 9683  11369 6758 6141  
80527 55127 51790  13362 8486 9376  5513 2135 1092  888 867 428  
83043 53490 50088  14271 8381 7922  2472 4326 3882  563 516 724  
56601 32331 31087  18799 20298 15698  13663 6071 8598  6276 4309 3665  
18007 8130 10537  12964 7604 9375  12379 9414 7717  9327 5414 6293  
57522 36221 41222  25366 19872 13983  11198 5133 4624  4056 3491 1924  
36204 32562 25144  28677 14210 14112  16584 8587 10371  7696 4804 6307  
89871 43207 54454  9246 22179 7440  1221 1175 783  91 271 159  
73754 64820 54317  20969 1771 8089  4124 479 421  1148 71 59  
35455 32463 24493  19014 16342 13076  19649 8081 9606  11961 4557 7194  
74067 57142 45770  21901 7810 13468  3711 1299 2336  501 521 504  
14507 13044 10353  13170 9205 9844  10724 8692 6825  10985 6590 6591  
26199 18723 15961  19600 11161 13091  14473 8125 6734  10214 7952 7588  
55331 45378 36579  24240 12054 10739  11245 6394 10011  5879 2153 3412  
94040 47112 47982  5650 12474 11202  665 5741 2599  101 1085 704  
50899 36386 29005  22627 13857 11113  14728 7773 10293  6811 3757 5835  
67658 56642 57006  26105 10199 5175  3846 202 596  1928 79 98  
71880 48904 43077  19549 13451 12834  6282 2574 3482  2018 1463 2349  
53992 55435 35306  28721 9242 15762  14078 1943 8511  2828 446 2668  
7496 6515 5159  6491 5786 4254  7816 4924 4861  7201 4367 4117  
76316 57379 48537  15830 8077 8768  6487 1203 3541  1259 336 1135  
9499 4969 5291  8103 3967 4976  6381 4621 4915  7221 3833 3877  
43872 17344 24745  26209 19840 17146  13158 8266 8536  6098 7526 5654  
55638 35158 33918  22719 17382 16264  12081 6718 5517  5177 4320 3448  
13087 11337 11272  16257 8901 9337  10756 7691 7884  7128 6103 5992  
26369 25528 17896  19657 15459 12083  19621 9208 10850  11992 6361 7919  
49263 32408 24308  28683 16780 20844  10295 7989 5617  6449 5405 6742  
55486 52087 40032  32136 10441 14471  7099 3164 6214  3817 973 1652  
56401 32861 33885  24709 16402 14008  9678 10183 7960  5162 2454 3285  
26745 12310 16033  16917 11895 12933  15126 11635 9332  10791 8786 6587  
18064 12224 10989  13597 9043 9810  12351 6719 7648  8707 7588 5792  
40497 28771 29694  19354 14455 14822  13637 8608 8155  9825 4840 4433  
28172 14620 14450  18800 14710 13126  15033 9385 9063  10280 7063 5874  
37287 38600 27875  28926 15967 19249  16920 7210 8351  8138 3097 3662  
70230 48443 40435  16448 14457 13745  10374 2393 5651  2319 1372 2029  
61784 58376 43516  28300 7571 15554  6916 926 2111  2437 224 1454  
34112 25056 20630  17621 16277 13364  18190 8296 9367  10212 6407 6054  
51430 34347 35713  27442 12846 13358  9919 8540 7617  5551 6589 3223  
31531 25091 18994  21720 10754 8881  16183 11791 12228  11356 6408 8436  
83550 39231 47314  14050 21179 12008  2057 4190 2955  656 1888 475  
54311 22822 30100  24998 15004 15245  10731 9415 8483  5765 8290 3702  
78173 52390 42501  16765 8966 10942  4433 4740 7859  637 865 901  
73334 32628 41191  19812 21077 15409  5433 7980 3580  1255 1974 1537  
56918 28805 30373  24556 16367 15732  9865 9278 6184  3994 6782 3993  
51887 37924 33829  26525 15635 15107  11702 5080 7249  5622 4511 3340  
86294 46324 38820  11433 19555 19791  2373 800 2920  271 391 921  
8456 5315 4153  8101 4827 4107  7825 4778 4635  5249 4714 3212  
34301 32534 25252  26711 14899 17795  16130 8875 7288  10642 4458 5807  
63393 45393 51693  29620 17302 9318  5566 3482 1558  994 691 238  
16551 8176 11011  14797 6095 8041  11895 7344 7931  9477 6572 6600  
82744 53798 50489  14804 8055 9270  2293 4365 2287  460 743 715  
34203 37901 25494  29180 15596 14807  19262 7281 10654  7964 3534 6600  
45260 44024 29765  28868 15452 17935  13914 4774 7224  6437 1957 4599  
25492 18829 17353  21145 10057 11384  11374 10350 9286  12024 6625 6355  
37256 29247 29186  22888 18312 14372  11487 6968 8304  10462 6053 4746  
76046 63167 56993  21616 3462 4633  2359 476 1123  249 40 106  
47211 26443 33982  29513 16119 14576  12970 9720 7247  5605 7081 3898  
8222 6430 5320  8187 5586 5179  6770 5265 4693  6956 4348 3856  
53479 32925 35386  19178 15951 15007  13105 9489 6954  8127 4375 2623  
22278 16194 17526  14802 11319 12069  14184 11429 8706  13289 7464 6790  
7926 6392 4987  6398 5561 3839  8089 3986 4229  5214 4836 3501  
18794 8806 10169  15038 8385 7673  10675 6196 7987  9562 6958 6953  
69041 46314 47582  22685 14369 9625  6047 3609 4170  1863 1404 1035  
64314 42918 47306  19802 18733 10342  8555 3696 3711  5681 1059 1106  
7130 6042 4105  7295 5864 4746  6656 5348 4556  6545 4623 3869  
7201 4633 5681  7814 5287 5404  7826 5048 4661  5422 4007 4305  
41217 21029 27830  28040 17781 14808  14031 12745 9068  6985 7088 5188  
8462 6349 5294  8142 4229 5179  5505 5109 4618  6814 3946 3224  
55750 48805 45215  32715 11189 12927  5938 4606 3317  3924 1732 1047  
35252 20352 17101  21192 17837 16511  15435 9625 8563  9835 5263 5079  
26816 24192 22362  25596 12237 14785  13630 11871 8680  11109 5899 6373  
56766 31429 30790  21817 19893 17813  10986 7653 5581  4923 3869 2899  
39081 22844 28583  25147 16582 15867  16648 12141 8219  8801 6471 4698  
28106 14892 16642  18548 9165 11816  13584 11177 9731  9539 6515 6724  
82287 40796 49392  15293 19702 9979  2147 3911 2819  429 1868 592  
57567 44407 40217  25856 11836 14715  10496 6909 4474  3585 2537 1673  
81395 54539 48295  13506 7320 6473  4212 3538 4918  835 1496 2146  
7290 5958 4078  8688 5115 5283  7894 4721 4617  5332 4957 4088  
8515 5622 4425  8014 5163 4288  6905 4439 3444  6947 4504 4712  
53467 42336 30336  23537 16309 16378  14560 5386 9562  4286 2006 3138  
35405 25342 28763  22264 15910 15408  18649 8096 8085  8749 5484 4598  
77137 55621 58959  21786 7252 3361  1204 4179 503  290 82 71  
47664 38570 40052  34398 15256 14346  11734 6574 5231  3606 2685 1944  
18978 9560 10199  13044 9879 7091  12368 7254 8359  9909 7343 6849  
56970 37438 41417  28678 17098 12770  7661 8585 5058  4718 2141 2167  
9079 4929 4438  8124 5438 4625  7008 5297 4953  6436 4669 3779  
23730 14762 10607  15532 14963 11313  15163 10520 9866  12192 6087 6428  
66549 36655 37457  17954 18103 10858  9728 5919 6461  3801 3634 5434  
63149 53837 51367  21101 8825 8894  13643 2945 2142  1872 802 361  
8096 5538 5930  8245 5606 4853  5218 4172 4612  6805 2671 3779  
35361 24942 21943  24078 13903 14959  15134 7002 8369  9451 6498 5122  
72079 58108 46797  23614 6325 13251  3418 2343 2208  996 267 328  
29766 31625 21301  27113 14756 12966  12764 9544 9009  9435 5262 6723  
8250 5660 4285  6152 5858 4232  6097 5228 3874  6676 4787 4277  
34068 24613 23479  19618 15000 14573  15463 5862 8268  11558 6447 4845  
17665 9718 8332  15406 9468 9869  12353 8394 7594  8853 7607 6231  
56577 26891 30386  24228 19294 15021  9903 10133 9940  5487 4996 3708  
15101 13006 10806  13664 8558 9780  10033 8747 6342  8614 7131 5944  
14756 12933 10917  14153 10384 9059  9793 8367 7325  11530 5758 6412  
44397 27911 34280  22352 17608 15320  18356 11167 7316  6693 4637 3212  
53389 50161 43604  26634 10606 14064  12350 4955 3400  5243 1044 1335  
47290 33616 39584  24279 20893 14232  17524 6570 5792  5825 2420 1909  
19019 10153 10480  15193 9166 8456  10136 6954 8120  8913 7888 6070  
69209 60528 56571  23803 5803 5657  6061 616 592  1015 200 74  
9029 3820 5044  8333 5418 4674  7375 5333 4676  7063 3741 3666  
89890 43547 54645  9452 14076 5951  668 4361 1694  213 3083 526  
18489 11535 10462  12101 10774 8420  11931 5827 7840  9918 5014 6402  
25703 17876 17788  18062 10732 12499  12562 11204 8307  11180 4395 6016  
18808 9634 9648  12989 7653 5598  12431 8978 8474  10598 6169 6392  
7416 6520 5237  8579 4914 5279  5180 5255 3579  7359 4044 4424  
14604 12301 8623  15840 9566 9382  11039 8299 8345  11050 6157 6398  
59885 37012 29409  26104 15028 17305  8983 9156 9004  3285 3876 4529  
8948 6124 5736  6985 4705 5311  7199 5326 4561  5245 4550 4236  
35068 22910 23740  21317 14989 14777  15404 10530 7759  9798 6076 6249  
52063 25110 32879  20509 21773 16472  12042 10476 7405  7320 3017 3026  
47818 35696 39973  24371 18711 14210  16991 8040 5631  4877 2557 1832  
11563 12582 8339  15229 9246 7894  11396 8420 8584  7550 6828 4879  
22990 16877 17665  21309 9668 11417  11747 8995 9220  10400 9062 6548  
85365 46543 46412  12565 12622 11977  2062 4778 3118  335 2357 1197  
34699 21574 17454  22148 16971 16802  12414 11031 8799  10653 6564 7235  
43870 38705 32845  22585 16299 15113  11252 6766 5676  12644 2743 4659  
47150 36204 26560  25028 17729 17367  12718 5377 5584  8431 4223 7307  
17226 9448 11469  10331 8019 9037  12888 6363 7361  8314 8017 6198  
69189 50019 53029  21985 13775 8089  6199 1497 1264  2440 1227 406  
