# NumberOfHospitals NumberOfScenarios TimeHorizon
2 300 5
# DemandeScenario_0_Hospital_0_Period_0 DemandeScenario_0_Hospital_1_Period_0 ... DemandeScenario_0_Hospital_0_Period_1 DemandeScenario_0_Hospital_1_Period_1 ...
# DemandeScenario_1_Hospital_0_Period_0 DemandeScenario_1_Hospital_1_Period_0 ... DemandeScenario_1_Hospital_0_Period_1 DemandeScenario_1_Hospital_1_Period_1 ...
# ...
# ...
# ...
37623 20186  17795 9499  8429 4890  6776 3135  2327 1052  
59125 34359  12638 4982  3655 958  1195 146  221 18  
13154 6913  10918 5661  8686 5154  7561 4231  6382 3508  
10226 5230  11556 6347  9094 4429  6339 3989  6240 3239  
52490 30070  16614 7257  5220 2401  1465 550  637 120  
66310 35808  8598 4521  1502 110  313 31  112 6  
34353 16973  16167 10009  13461 6619  6623 3415  3251 1761  
53495 29249  18827 8826  3176 1511  1045 594  260 201  
35991 17019  18245 9482  9294 5003  6738 4567  2702 1708  
19828 11094  13778 6467  9915 4701  8168 5161  6452 3747  
33441 18967  17613 9879  10442 5150  6228 3079  3866 1488  
34755 17019  16105 8710  11710 6401  6554 4113  3941 2010  
25018 13511  16924 9021  9270 4402  7665 4168  5585 2930  
52846 25111  15364 10111  3863 3304  3152 1380  1123 468  
13370 7724  9601 5683  8301 4831  7405 3635  6405 3466  
10412 5188  9411 4553  9818 5238  8198 4292  6554 3703  
25927 13289  17105 9681  11588 6323  6893 3026  4458 2207  
54321 29063  14756 8678  4347 1480  2435 919  679 251  
18182 9449  13012 7703  12018 6394  6893 3758  6634 2897  
63861 33531  8095 4643  2465 1789  1929 447  164 36  
62232 29564  12192 9985  1418 579  564 252  417 86  
14008 7067  13065 7731  11359 6419  8631 4509  5310 3027  
40549 21327  20139 10608  11373 6063  2895 1389  1220 770  
53229 26147  20448 13144  2695 1004  315 120  161 39  
61593 31454  8183 7463  4287 1042  1409 422  740 65  
40415 20739  23968 13592  4655 2324  3541 1774  2214 1004  
38629 21473  19314 10947  9387 4635  3651 1529  3116 1038  
20212 10487  14062 7094  10947 6019  7215 4481  6311 3224  
60952 34616  12252 4569  2778 931  640 221  224 96  
32031 19393  19195 9921  10247 5058  6840 2799  3282 1391  
23226 11479  17707 8872  8708 4810  9008 5118  6463 3600  
5795 2960  5750 2736  4564 2688  5039 2445  4356 2414  
5897 3154  5489 3114  5627 3106  3918 1861  4712 2427  
38490 22926  17673 9549  10304 4611  4313 1664  3074 933  
20232 10532  13827 7220  9571 5082  8438 4426  5897 3009  
40311 22667  17353 9334  7976 4366  5152 2252  3168 1039  
12248 5740  9866 4678  9424 5403  7242 3638  6455 3585  
20003 10237  13437 6466  11452 6457  8092 4328  6060 3723  
59212 34125  14731 5917  1674 198  538 97  311 88  
10881 6221  10645 5470  8586 5319  7548 4110  4848 2322  
24913 13683  15370 8617  9381 5239  8697 4578  5606 2694  
58589 31172  12995 7764  4252 1153  837 329  182 51  
6437 3744  5333 3103  5553 3202  4798 2600  3531 2129  
24594 11680  18447 10623  11549 6292  6793 3969  4594 2334  
40796 19013  21752 13214  6865 4725  4417 2120  1419 698  
32685 18364  17326 8601  11650 6143  5393 2690  4216 2106  
30487 14952  20522 10436  11851 6863  7999 4379  3034 1845  
53301 28895  16326 8693  4829 2116  1127 400  814 221  
6052 2926  5675 2710  5364 2682  4837 2723  4800 2572  
31983 19234  19519 9099  9955 5496  6529 2886  3716 1597  
24583 13794  18383 9751  11579 6379  6623 3398  5347 2629  
66777 38757  7505 1347  1719 285  580 77  321 11  
9709 6235  10007 6177  7628 4415  7800 3698  5127 3013  
25969 15476  17426 9009  10651 5834  7682 3832  4946 2195  
45931 24280  16749 8413  6899 3727  4275 2369  1500 903  
25270 16520  22759 11073  11560 6038  7071 3104  3825 1707  
6295 3856  6063 3371  5578 2991  4884 2877  4069 2375  
41139 22985  21325 10862  8505 4439  3740 1342  1447 594  
13136 6705  10304 4935  9077 4753  6576 3251  6675 3862  
18442 8681  14431 7717  10653 5889  8407 4500  6007 3391  
39429 19809  16969 8718  10654 6250  4792 2637  2199 1363  
46830 26416  19407 8392  5638 3631  2894 1274  1143 405  
30570 15684  15447 7783  11895 7702  6276 3108  5125 2240  
38963 20911  18735 9559  7478 4335  5431 2743  3392 1485  
42635 20605  19984 12611  8191 3810  3712 2176  1374 697  
12754 7149  11117 5652  8437 4022  7705 4212  6068 3371  
17030 9776  11462 5741  11451 6792  7090 3765  7409 3377  
59312 32248  12662 6035  3415 1800  1070 269  222 49  
26707 13969  15406 7912  11781 6843  8113 4341  4879 2739  
38689 24723  18465 7884  9525 5128  6329 1775  2153 653  
46243 27083  17583 8629  7573 2562  3280 1254  1322 578  
24536 11687  16248 7962  11778 6469  6451 3485  5900 3474  
19841 10259  14718 7549  9243 5358  6977 4100  6994 3574  
52781 26569  15570 8633  5808 3630  1839 1114  569 391  
46424 26679  17250 7520  5981 3491  2685 1357  1683 657  
6374 3837  5340 3249  4391 2426  5024 2796  4502 2464  
6263 3010  6024 3161  5096 2531  4608 2265  4728 2503  
28793 17272  20378 11021  11993 5740  6209 3065  3622 1394  
50537 30932  20818 8964  2740 411  1578 86  668 61  
46858 24435  17681 9888  6864 3126  3142 2017  1396 665  
19959 12385  16678 8223  13385 7389  6830 3824  5459 2953  
45574 20473  20710 12952  6874 4421  2083 1579  848 644  
31025 15130  16586 8412  11709 7564  7495 4125  4293 2067  
67925 36270  6944 4058  1429 147  464 7  155 0  
11731 7247  11592 6043  7557 4452  8034 4346  6447 3526  
10327 5868  8581 4491  8706 5280  8602 4521  5339 2683  
25315 12626  19312 9535  9712 6731  7529 3676  5198 2810  
6291 3862  5650 3150  5361 3068  5035 2735  4726 2634  
10340 5481  8934 5586  8457 4415  7115 3662  5983 3548  
40104 19114  22852 13739  7764 3942  3399 1880  1454 852  
53883 28603  16142 8642  3718 1521  2172 1136  660 412  
37761 19221  16702 9810  12080 6501  4799 2649  2341 909  
54074 29774  14757 8196  5604 1862  1712 468  457 114  
6275 3800  5696 2995  4945 3025  5084 2605  4823 2652  
10552 5453  9746 5224  9398 5041  7660 3724  5889 3016  
13621 7388  10643 5422  8829 5237  7466 3877  6124 3475  
20223 11565  13235 6885  11259 5591  8001 4594  5865 2913  
62625 34394  11386 4433  2576 1372  292 246  32 24  
45981 24542  17624 8395  8139 4852  2998 1667  1289 617  
62750 33362  10595 6283  1731 562  1460 252  180 20  
29727 17191  15143 6889  13928 7585  7610 3785  3658 1670  
44525 24199  18245 8788  8728 4502  3300 1900  1278 712  
38910 22763  19145 9706  9741 4376  3748 1630  2093 803  
33156 18790  16954 7737  9168 5545  7896 3909  3808 2098  
42631 19975  20198 13042  8463 4639  2840 1408  1419 879  
6758 3674  5609 2819  5478 2762  4922 2657  4313 2611  
11281 5186  11265 5891  8450 4390  7543 3990  6587 3597  
6380 3536  6203 3459  5179 2657  5046 2905  4305 2590  
30026 17680  18240 8782  12346 6676  6219 2976  3949 1937  
15835 8839  13329 8338  10136 4534  8340 4854  6928 3530  
26747 14193  17102 8573  9255 5497  8299 4206  4517 2115  
11992 6979  10326 5065  9159 4809  7176 3900  6308 3336  
19792 10332  15033 8010  11085 5971  7665 4484  5540 2845  
18903 10285  14455 7566  11108 5591  8294 4219  5641 3032  
12409 5963  10749 5764  9523 5357  7529 3805  6219 3296  
37007 21601  24533 11798  8691 4396  4097 1717  1026 499  
21211 12533  12877 6527  13750 8007  9215 4926  6091 3061  
26567 14558  16533 7849  11048 5622  7975 4528  4958 2584  
30296 14754  14541 8321  12408 5985  6297 4092  5584 2730  
19845 10218  13344 6564  10806 5527  8305 4432  6310 3671  
61638 36274  12964 3865  1845 303  279 31  162 8  
60542 34748  12732 4894  2495 586  496 186  412 37  
40046 23066  19067 8872  9002 4284  4092 1794  2311 1196  
57764 32460  16588 6675  1783 1124  640 168  130 44  
19719 10174  14558 8007  11170 5871  7478 3638  5492 2669  
55774 32686  16544 6732  2601 687  1317 219  479 92  
46312 24813  17438 8530  7951 4719  3098 1470  1078 437  
36178 16738  19826 10928  9416 5674  5072 3589  3230 1865  
9765 5076  8566 5413  9848 5100  7526 3497  5628 2777  
26073 13389  16535 9302  11661 5866  7440 4255  5311 2894  
34419 22039  17301 8336  9095 4509  4969 2474  6041 1683  
6238 3112  6126 3430  5370 2817  4283 1968  4307 2513  
60635 32221  12547 6654  2705 1025  762 502  190 54  
12570 7303  9579 6001  9273 5214  6900 4021  6479 3437  
35200 20169  21899 12168  10102 4515  3339 1307  2376 1049  
20292 11556  14926 8196  9875 4999  8123 4054  5552 2991  
61460 37888  11381 2068  2304 328  1084 157  564 37  
12775 6336  10101 4809  9162 5519  7063 3393  6427 3582  
43051 27405  16545 7603  12598 4098  1643 744  2124 468  
40263 22488  15489 8796  10656 4840  5540 2157  2380 912  
51553 25326  16457 10938  5571 2314  2296 1364  629 321  
40635 21250  18792 10055  8583 4288  4474 2815  2150 1095  
29579 14569  19045 11696  11349 5905  7385 3731  4093 2029  
60760 33647  11714 5767  3160 887  761 135  399 27  
45212 23280  18100 10211  7409 3960  3618 1941  1239 701  
36061 21930  19118 10165  9680 4139  5989 2416  2463 955  
47176 26113  17862 9578  6738 3096  3056 1065  1032 366  
42768 20411  20127 11856  8135 5176  2900 1614  1720 881  
32500 18235  16817 9389  11229 5979  6023 2573  4195 1836  
20477 11104  13610 6430  9931 5156  8153 4593  5932 3235  
61606 33513  10933 4673  3230 1636  850 478  232 149  
40194 21294  18194 9348  9437 5006  3860 1967  2222 1549  
45552 27643  15178 8050  8569 2497  2881 871  2873 1066  
35545 20532  17843 9383  12470 5564  5107 2392  2872 1400  
13540 7694  11063 5966  8376 3956  7726 4184  6108 3313  
49073 28837  18109 8873  6476 2108  1660 458  847 123  
13162 7311  9665 4475  9121 4695  7080 4328  6596 3692  
40453 21271  16635 8048  10122 5600  4108 2528  2765 1742  
33526 19363  18722 9107  10429 5340  4785 2822  3984 1834  
28968 17406  20090 10939  11196 5442  7090 3199  3446 1551  
59320 33191  13631 4850  3528 2131  257 161  146 123  
13321 6877  10835 5494  8950 4931  7147 4099  5427 2500  
64436 36847  10649 3454  919 68  753 78  122 25  
34032 16200  15602 8644  14670 8284  6261 3477  2428 1327  
46083 26071  17894 9661  7699 2749  2649 1158  1588 497  
20649 13537  16745 8914  12962 6237  9222 4284  5231 2670  
11745 5951  11223 5707  8700 5331  6198 2931  6161 3206  
6247 3190  6117 3124  5628 3139  4983 2870  4782 2603  
18327 8915  18858 10067  12857 6351  7814 4338  5602 3546  
20340 10492  16425 9303  13362 6514  8286 4310  5574 3102  
52789 25043  16134 11470  3403 2606  3133 904  510 229  
32892 18462  19377 9646  9831 5225  5626 3008  2858 1462  
19348 11587  13419 8088  11739 5606  8323 4281  5942 3128  
61442 34217  10094 4018  3480 1466  785 429  551 268  
61590 38274  10736 1724  4346 444  195 29  42 8  
5562 2819  5792 3436  4382 2593  5375 2953  4501 2259  
6514 3883  5326 3188  5680 2979  5269 2791  4771 2433  
59779 28031  13131 8658  3282 3530  499 241  105 11  
45096 22580  18315 9964  7974 4781  3367 2017  1135 531  
46575 23837  17394 10222  6755 4178  3679 1486  1382 501  
20216 11208  14141 8353  11267 5925  7706 3981  5452 2263  
18959 10041  14820 7371  11232 6164  7677 4224  5763 2674  
5428 2694  4713 2317  4429 2304  4171 2591  5013 2766  
40523 21434  18166 10945  9017 4665  4502 1936  2408 849  
66833 35426  8657 4476  1163 462  223 117  47 2  
13039 6504  9979 4703  8870 5021  6717 3437  6066 3166  
41782 20868  21965 12646  6846 3211  3190 1657  1369 779  
33739 19232  18557 10058  9832 4166  5649 3191  3731 1666  
58789 31183  9809 5538  6635 3008  1212 646  351 75  
36742 18034  20990 12484  10001 5297  4689 2433  2319 1252  
26111 14121  13195 7504  13091 6345  6106 3216  6467 3056  
53762 27783  15849 8745  4400 2221  1999 1283  622 316  
38786 19694  17692 8574  10509 6686  4525 2416  2547 1465  
37419 22011  21306 10817  9532 4735  5228 1698  1365 637  
6158 2933  5782 3281  5228 2517  5278 2948  4626 2361  
62789 30605  11568 8778  2279 904  248 177  30 11  
58955 31687  13154 6382  2866 1987  1040 249  634 145  
6229 3675  5876 3016  5085 2507  5147 2945  4775 2678  
33356 17395  21641 10540  9327 5487  6174 3086  3023 1644  
59363 34575  13232 5544  2636 272  812 65  701 18  
11449 7214  11048 6374  8579 4794  7910 4196  5925 3328  
45255 23868  18468 10947  5918 3379  4757 1233  1557 609  
19257 10226  14888 8283  10847 5363  8346 4720  5938 3417  
31603 21642  22391 10522  13366 5254  3679 1447  3332 1066  
11952 6428  11049 6509  7202 4462  7720 3549  6390 3699  
39618 23243  18746 8179  8698 4374  5194 2627  2241 1129  
13286 6778  10559 5925  7705 3700  7498 3713  5896 3297  
58808 34940  14636 5068  2602 440  734 34  55 1  
10481 6599  8273 5335  8258 3996  7194 3874  6793 3841  
64898 38778  10323 1627  1067 71  522 6  82 0  
31635 18806  20189 9867  8032 4442  7539 3332  4240 1842  
37395 20101  18813 10539  9574 5000  4887 2444  2960 1198  
43976 25061  19820 8646  8992 4415  2100 1432  935 465  
9992 5878  9800 5728  9492 4741  8104 4306  6267 3186  
33152 16066  18122 11250  11030 6260  5884 2986  3264 1388  
6815 3765  5149 2514  5334 2585  5118 2901  4493 2626  
62922 35913  9467 3986  3687 569  427 9  170 1  
18452 9744  12958 6331  10830 6590  7795 4559  7047 3428  
19407 9770  14265 8100  10653 5526  7362 4231  6339 3554  
5905 2700  6058 3374  5326 2653  5144 2668  4478 2258  
43920 21645  19648 10932  7632 4439  3417 2234  1128 536  
60904 33186  10271 5829  3240 1157  1634 213  721 74  
45484 22649  17375 9060  7125 4702  3600 1988  2027 1241  
10844 5395  8259 4551  7428 4611  7950 4412  4688 2346  
10408 5538  10196 5775  8948 5156  6829 3897  7054 3734  
38635 19737  18403 9602  9491 4738  4825 2915  2813 1710  
30922 15054  17855 10038  11679 6748  5722 2956  3051 1773  
17876 9676  12832 7475  12073 6707  9114 4447  6546 3433  
59583 35560  13625 4669  3089 248  384 2  206 0  
33466 17301  18757 9870  9066 4441  5768 3469  3987 2562  
12529 7071  7839 3798  9753 5295  7812 3761  6695 3537  
47501 23712  20759 12143  4515 2379  2963 1664  801 405  
32486 18998  18152 10239  10230 5218  6910 2850  3669 1437  
31187 17405  18352 10678  10934 5061  7038 3470  3655 1774  
11756 6864  7217 3507  8751 4919  5903 3870  6120 3657  
12201 6337  9141 5622  8043 3750  8225 4586  6377 2985  
15122 8435  10312 5169  12992 7430  8461 4064  7088 3681  
13199 6914  10806 5761  8784 5321  6985 3711  6468 3416  
11737 5402  9972 4765  9021 4638  6475 3171  6453 3458  
6657 3449  5993 3489  5113 2391  5124 2845  4285 2563  
35676 19336  20981 11338  7198 3796  6898 3450  2230 1226  
56135 30671  15146 8487  3867 1077  1152 195  257 32  
6341 3409  5777 3535  5530 2890  5097 2913  4311 2421  
42121 24687  20999 10418  8158 3333  2411 1165  1338 525  
59752 31781  13479 7387  2560 817  814 402  212 40  
13262 7504  11103 6296  9012 4773  7032 3258  6300 3555  
60750 34674  12518 4948  2746 704  663 128  189 20  
26113 15550  16959 8171  11403 5975  7897 4073  4985 2371  
26276 15434  17608 9333  10875 5948  7099 3466  4782 2061  
36495 17001  18503 10010  11247 7105  4716 2450  2760 1967  
52728 30705  16157 6438  4407 1897  1895 897  1307 380  
64066 31420  9373 7603  3272 1321  202 99  13 30  
13036 6532  10752 6412  9084 5021  7085 3416  5486 2564  
61153 34139  12362 5172  2273 801  574 290  372 45  
30853 16725  17993 8804  11672 7144  6026 3558  3508 1870  
54212 28384  13118 6251  6570 4127  2005 1188  624 304  
54276 28482  14380 7370  5154 2578  1880 1139  706 458  
42815 27428  23894 9874  6262 2294  1645 529  1430 250  
6221 3105  6052 3267  5213 3111  4489 2599  4781 2487  
46137 27139  20917 10044  6842 2639  2205 549  385 53  
59601 30862  12977 8336  3243 1065  829 155  139 32  
45489 27173  16684 7573  8925 3479  3231 1482  1523 511  
63619 38745  10590 1635  2379 96  259 2  31 0  
39005 20904  18504 10472  8433 4790  6771 2690  1319 553  
6796 3763  5728 3011  4686 2824  4987 2413  4824 2597  
25950 13327  16338 8795  11996 6552  6349 3127  4691 2450  
12462 6132  10503 6030  8658 4194  7862 4326  5509 2801  
58201 30845  10564 7447  5032 1781  1892 330  758 45  
28559 15874  20970 11210  7871 3670  5340 2860  3878 1811  
26860 14474  17570 9621  11379 6011  5485 2707  5188 2611  
47122 29880  18345 7826  8232 2022  2108 554  541 105  
56776 33233  11216 4417  5209 2260  2314 446  912 89  
32827 18575  17407 8136  10426 5188  6792 3932  3893 1792  
27120 13838  17662 10230  14062 7517  5281 3055  4066 1823  
63415 38144  11427 2134  1806 191  229 13  28 1  
64302 38641  10957 1581  1353 201  277 54  31 6  
57272 33367  11013 5195  6879 1468  793 245  449 122  
64577 34832  8049 4349  3329 1198  528 51  383 50  
56897 28891  12236 7482  3616 2919  2642 779  1118 286  
19509 11061  14902 8403  11186 5627  7784 4404  6189 3075  
19661 11629  14631 7372  10975 5306  7921 3944  5786 2945  
65141 36132  10687 4053  942 256  99 30  28 5  
12603 7176  10308 4946  8854 4869  7708 4320  5815 3047  
44658 24988  20054 10048  5019 1959  3584 2052  2100 820  
33656 17571  17071 8256  10393 6420  6550 3942  3914 1846  
23166 12320  16992 10140  12646 6769  6260 2822  5853 2476  
36627 18616  23441 14186  9208 4072  4211 1845  2096 1037  
12505 5981  11183 6173  9122 4892  7639 4273  6430 3454  
33646 18480  22737 11319  9592 5839  5772 2734  1942 807  
61180 29100  11399 8226  1591 1882  2253 976  438 210  
24592 14163  17864 9970  9935 5662  6509 3597  6125 2548  
13603 7570  10369 6194  8064 4709  7826 4044  6486 3213  
5612 3117  5047 2419  5417 2646  5384 2954  4476 2530  
49557 26480  16656 9679  4180 2173  3632 1539  1584 374  
5236 3103  5104 3196  5547 3250  4833 2670  4300 2549  
31568 15741  17124 10600  12181 6488  6508 3087  3745 2046  
58375 35097  14186 3886  3152 1338  1065 151  117 6  
46191 28620  16341 8414  8588 2006  3332 971  1582 305  
25207 13500  21739 11032  9080 4572  7778 3897  4499 3093  
34029 18134  17278 8255  10398 6627  6234 2942  3383 1875  
