# NumberOfHospitals NumberOfScenarios TimeHorizon
1 100 2
# DemandeScenario_0_Hospital_0_Period_0 DemandeScenario_0_Hospital_1_Period_0 ... DemandeScenario_0_Hospital_0_Period_1 DemandeScenario_0_Hospital_1_Period_1 ...
# DemandeScenario_1_Hospital_0_Period_0 DemandeScenario_1_Hospital_1_Period_0 ... DemandeScenario_1_Hospital_0_Period_1 DemandeScenario_1_Hospital_1_Period_1 ...
# ...
# ...
# ...
241476  115680  
384953  66131  
193929  133597  
395281  64183  
342428  101504  
42074  36204  
224853  131477  
34937  36985  
228714  132200  
325181  103633  
283568  86036  
335873  73974  
70158  70930  
76798  71942  
300899  104746  
128123  87880  
317642  106721  
221401  127896  
235319  120133  
108756  87859  
77151  65461  
39807  38954  
127518  91354  
382360  52927  
139595  112403  
338713  91477  
302441  100898  
255081  110216  
188242  113098  
303088  106043  
160404  108598  
184428  120692  
295177  106219  
80892  70993  
256092  113604  
77054  71960  
122237  90219  
198973  113732  
323793  115100  
201763  121509  
71411  71285  
183088  105834  
277313  127247  
122735  94278  
250478  126379  
194852  120978  
380869  73502  
156217  107744  
142436  100563  
66913  72175  
160174  100227  
156310  91279  
195474  124994  
404461  52664  
245443  116951  
316124  96776  
318822  97051  
118856  90571  
103839  69591  
244361  115847  
370047  81231  
292718  104910  
220262  146778  
168013  109312  
382343  57976  
64599  67076  
222328  128447  
302927  111466  
163118  104161  
41362  38417  
81543  70446  
351300  81499  
329152  94672  
202388  100706  
225979  128065  
345363  89556  
201220  118826  
306912  117943  
77828  59952  
314233  98365  
395912  58556  
107130  94012  
189217  127901  
429126  31612  
35152  35831  
302658  110563  
328813  104789  
124632  81944  
121396  84468  
378208  75318  
166613  100647  
41726  37333  
265167  116865  
172981  107312  
249056  128889  
213374  106996  
192910  115956  
391331  69275  
296640  107175  
344397  89588  
