# NumberOfHospitals NumberOfScenarios TimeHorizon
1 50 2
# DemandeScenario_0_Hospital_0_Period_0 DemandeScenario_0_Hospital_1_Period_0 ... DemandeScenario_0_Hospital_0_Period_1 DemandeScenario_0_Hospital_1_Period_1 ...
# DemandeScenario_1_Hospital_0_Period_0 DemandeScenario_1_Hospital_1_Period_0 ... DemandeScenario_1_Hospital_0_Period_1 DemandeScenario_1_Hospital_1_Period_1 ...
# ...
# ...
# ...
241476  115680  
384953  66131  
193929  133597  
395281  64183  
342428  101504  
42074  36204  
224853  131477  
34937  36985  
228714  132200  
325181  103633  
283568  86036  
335873  73974  
70158  70930  
76798  71942  
300899  104746  
128123  87880  
317642  106721  
221401  127896  
235319  120133  
108756  87859  
77151  65461  
39807  38954  
127518  91354  
382360  52927  
139595  112403  
338713  91477  
302441  100898  
255081  110216  
188242  113098  
303088  106043  
160404  108598  
184428  120692  
295177  106219  
80892  70993  
256092  113604  
77054  71960  
122237  90219  
198973  113732  
323793  115100  
201763  121509  
71411  71285  
183088  105834  
277313  127247  
122735  94278  
250478  126379  
194852  120978  
380869  73502  
156217  107744  
142436  100563  
66913  72175  
