# NumberOfHospitals NumberOfScenarios TimeHorizon
1 300 2
# DemandeScenario_0_Hospital_0_Period_0 DemandeScenario_0_Hospital_1_Period_0 ... DemandeScenario_0_Hospital_0_Period_1 DemandeScenario_0_Hospital_1_Period_1 ...
# DemandeScenario_1_Hospital_0_Period_0 DemandeScenario_1_Hospital_1_Period_0 ... DemandeScenario_1_Hospital_0_Period_1 DemandeScenario_1_Hospital_1_Period_1 ...
# ...
# ...
# ...
241476  115680  
384953  66131  
193929  133597  
395281  64183  
342428  101504  
42074  36204  
224853  131477  
34937  36985  
228714  132200  
325181  103633  
283568  86036  
335873  73974  
70158  70930  
76798  71942  
300899  104746  
128123  87880  
317642  106721  
221401  127896  
235319  120133  
108756  87859  
77151  65461  
39807  38954  
127518  91354  
382360  52927  
139595  112403  
338713  91477  
302441  100898  
255081  110216  
188242  113098  
303088  106043  
160404  108598  
184428  120692  
295177  106219  
80892  70993  
256092  113604  
77054  71960  
122237  90219  
198973  113732  
323793  115100  
201763  121509  
71411  71285  
183088  105834  
277313  127247  
122735  94278  
250478  126379  
194852  120978  
380869  73502  
156217  107744  
142436  100563  
66913  72175  
160174  100227  
156310  91279  
195474  124994  
404461  52664  
245443  116951  
316124  96776  
318822  97051  
118856  90571  
103839  69591  
244361  115847  
370047  81231  
292718  104910  
220262  146778  
168013  109312  
382343  57976  
64599  67076  
222328  128447  
302927  111466  
163118  104161  
41362  38417  
81543  70446  
351300  81499  
329152  94672  
202388  100706  
225979  128065  
345363  89556  
201220  118826  
306912  117943  
77828  59952  
314233  98365  
395912  58556  
107130  94012  
189217  127901  
429126  31612  
35152  35831  
302658  110563  
328813  104789  
124632  81944  
121396  84468  
378208  75318  
166613  100647  
41726  37333  
265167  116865  
172981  107312  
249056  128889  
213374  106996  
192910  115956  
391331  69275  
296640  107175  
344397  89588  
213895  113460  
165890  101544  
227293  126488  
388811  57111  
210572  110586  
431396  29783  
375927  72809  
372483  77866  
274603  110407  
245305  108069  
40415  38554  
111347  87867  
232322  135275  
413007  44281  
188532  124210  
165925  107641  
82053  70127  
338256  94065  
277879  115391  
339369  84576  
80146  62305  
248258  119263  
39805  39136  
39114  34818  
293108  103940  
283500  107356  
78016  58046  
240740  100150  
423733  32637  
127791  86450  
169479  107726  
35024  38544  
425717  37599  
145660  91070  
64108  69940  
294078  111473  
36017  31228  
313886  98516  
387521  63273  
195230  108717  
85543  70214  
374533  73297  
259875  119211  
151111  102075  
405834  52373  
203464  120461  
283043  132068  
36192  35888  
37851  31526  
324961  103604  
407474  35765  
76880  69099  
78207  70747  
41401  39284  
430524  28969  
351146  86662  
289132  103549  
198894  105612  
299241  99904  
198243  117008  
159925  111215  
84320  63785  
324103  103341  
259506  102545  
388930  63848  
322004  114807  
353196  92851  
78455  53302  
364634  56993  
164797  108488  
86019  63975  
186455  83367  
190949  124047  
81708  62883  
370135  65295  
156282  113555  
122968  94645  
276108  100836  
39809  38410  
41584  35412  
239512  112995  
164347  99960  
326919  98182  
299804  96085  
432014  30738  
203724  119961  
193609  116347  
384919  70909  
252752  103209  
256511  114580  
77515  62878  
387489  65832  
211024  106873  
275223  111419  
244192  105477  
117148  69295  
235278  125286  
190876  88364  
321350  97570  
293035  109506  
237019  121059  
316812  86339  
83621  69356  
194747  122898  
301717  103572  
299340  92540  
209168  105197  
126528  88940  
158041  99660  
122945  92815  
206457  119837  
168160  105114  
260512  124967  
128887  90400  
192632  126744  
178035  127813  
326671  104369  
118834  90707  
317487  120651  
341335  81284  
377549  74576  
296977  120903  
420949  31809  
152588  101918  
75408  61765  
84090  66790  
76198  69953  
129703  92998  
151581  112956  
244816  119366  
342390  90678  
124487  84121  
171373  85070  
118187  66801  
281716  101869  
165276  107040  
278495  120650  
165909  106062  
403579  42202  
398166  53496  
215397  114811  
227474  116088  
320225  97774  
196689  100738  
373608  82800  
118948  92588  
255593  100260  
199605  109613  
199397  118732  
347053  84355  
303217  100359  
299508  115404  
235010  117942  
287678  110931  
182760  98353  
123798  87578  
157339  90851  
167793  108893  
233545  118768  
214439  107423  
338767  93030  
277742  109218  
187772  127904  
123279  92924  
211619  104381  
258463  100031  
294960  107540  
39567  32777  
64958  56084  
312306  86351  
129605  86867  
204964  100411  
285410  110074  
255496  110927  
122990  91362  
245185  119483  
197290  107293  
423698  38537  
209485  118311  
158537  105044  
289130  114307  
311287  97510  
85475  62802  
343744  87458  
113829  97352  
194601  116017  
415754  47512  
37651  35661  
85700  66886  
218041  119292  
236550  105085  
246335  109970  
159169  97268  
379726  56248  
205742  120632  
257694  111980  
407223  50676  
39432  37866  
84949  65417  
39560  38561  
