# NumberOfHospitals NumberOfScenarios TimeHorizon
4 20 3
# DemandeScenario_0_Hospital_0_Period_0 DemandeScenario_0_Hospital_1_Period_0 ... DemandeScenario_0_Hospital_0_Period_1 DemandeScenario_0_Hospital_1_Period_1 ...
# DemandeScenario_1_Hospital_0_Period_0 DemandeScenario_1_Hospital_1_Period_0 ... DemandeScenario_1_Hospital_0_Period_1 DemandeScenario_1_Hospital_1_Period_1 ...
# ...
# ...
# ...
15194 14041 16810 2832  7420 3279 6920 2051  2584 4812 5910 435  
23434 10510 17687 5550  3994 9409 10102 612  490 5272 4588 69  
26958 14417 28052 5692  1051 5474 4318 561  35 6065 1697 12  
14644 20319 23015 1615  7318 4414 7944 1368  4723 942 2380 2254  
13533 9887 15421 2638  7009 5529 6813 1697  3207 5107 5337 614  
12817 15342 16410 1944  8751 5439 9544 2126  3849 2112 3878 1257  
20726 17219 25503 3755  5413 5906 5349 1658  1429 1455 1572 649  
10513 9141 12302 1947  5396 6427 6419 977  4731 2665 4411 1285  
23886 16478 27769 4629  3309 8079 5295 1011  733 988 958 488  
13885 8326 13889 2958  6526 6031 6562 1484  3403 4336 6440 651  
5264 4577 5990 990  2764 4271 4259 299  3943 2567 3975 906  
6579 7455 9278 956  5883 4357 6966 1184  4523 2447 4424 1135  
20851 17860 25298 3790  4474 6519 6216 1027  2052 934 1392 1083  
12670 6821 9514 2941  7466 6881 10926 1440  3530 3983 3908 836  
21170 22326 31633 2955  6662 3152 2443 2858  213 564 212 406  
21713 18275 28822 3676  5561 5153 3925 2147  662 1866 1260 329  
13456 5678 11487 3113  6849 6941 7613 1441  3728 4356 6539 750  
12287 9987 15971 2135  7526 6773 8210 1683  3513 4459 4533 774  
15260 9108 12028 3460  7360 7906 12101 1388  3100 3402 3891 811  
3967 5178 5571 527  4221 3623 5384 761  3643 2838 3497 819  
