# NumberOfHospitals NumberOfScenarios TimeHorizon
4 300 3
# DemandeScenario_0_Hospital_0_Period_0 DemandeScenario_0_Hospital_1_Period_0 ... DemandeScenario_0_Hospital_0_Period_1 DemandeScenario_0_Hospital_1_Period_1 ...
# DemandeScenario_1_Hospital_0_Period_0 DemandeScenario_1_Hospital_1_Period_0 ... DemandeScenario_1_Hospital_0_Period_1 DemandeScenario_1_Hospital_1_Period_1 ...
# ...
# ...
# ...
15194 14041 16810 2832  7420 3279 6920 2051  2584 4812 5910 435  
23434 10510 17687 5550  3994 9409 10102 612  490 5272 4588 69  
26958 14417 28052 5692  1051 5474 4318 561  35 6065 1697 12  
14644 20319 23015 1615  7318 4414 7944 1368  4723 942 2380 2254  
13533 9887 15421 2638  7009 5529 6813 1697  3207 5107 5337 614  
12817 15342 16410 1944  8751 5439 9544 2126  3849 2112 3878 1257  
20726 17219 25503 3755  5413 5906 5349 1658  1429 1455 1572 649  
10513 9141 12302 1947  5396 6427 6419 977  4731 2665 4411 1285  
23886 16478 27769 4629  3309 8079 5295 1011  733 988 958 488  
13885 8326 13889 2958  6526 6031 6562 1484  3403 4336 6440 651  
5264 4577 5990 990  2764 4271 4259 299  3943 2567 3975 906  
6579 7455 9278 956  5883 4357 6966 1184  4523 2447 4424 1135  
20851 17860 25298 3790  4474 6519 6216 1027  2052 934 1392 1083  
12670 6821 9514 2941  7466 6881 10926 1440  3530 3983 3908 836  
21170 22326 31633 2955  6662 3152 2443 2858  213 564 212 406  
21713 18275 28822 3676  5561 5153 3925 2147  662 1866 1260 329  
13456 5678 11487 3113  6849 6941 7613 1441  3728 4356 6539 750  
12287 9987 15971 2135  7526 6773 8210 1683  3513 4459 4533 774  
15260 9108 12028 3460  7360 7906 12101 1388  3100 3402 3891 811  
3967 5178 5571 527  4221 3623 5384 761  3643 2838 3497 819  
11003 7263 11865 2242  5226 7368 7089 853  3676 4465 5433 644  
2474 2436 2945 436  2229 1950 2188 449  2283 1605 2311 492  
11352 15560 16354 1407  6180 6311 8345 850  5872 2159 5344 1847  
18205 16302 20886 3377  6649 3159 6243 2011  1835 4502 3890 382  
5227 4527 6265 956  2473 4245 4080 203  3975 2219 3502 979  
27169 15117 28317 5718  862 7123 4784 512  20 2689 874 41  
20458 5515 15878 4947  5876 13404 12166 914  1346 4179 3728 305  
18904 23188 25218 2742  7713 2066 7572 2516  1112 611 1261 641  
27329 17245 29555 5584  684 6789 4118 580  34 1746 430 86  
5862 7423 9052 715  6541 4275 6364 1494  3767 4070 4255 745  
2228 2547 2958 340  2518 1539 2309 564  2269 1737 2439 472  
2757 1901 2759 576  2433 1271 2090 561  2007 1754 1924 415  
7524 5395 6437 1621  5642 5628 7256 1044  4199 3829 5646 843  
22330 13529 14520 5161  5548 9867 15243 986  162 2440 3504 102  
20278 22887 26632 3138  6908 2204 5724 2560  588 1006 1348 265  
14459 15448 24168 1659  9956 6283 7261 2826  2619 2922 2078 1043  
22566 24744 26462 3787  3449 1469 6138 752  1238 22 1234 517  
23649 23980 31731 3779  4015 1593 2297 1918  384 364 212 563  
2417 2254 2489 460  2258 2191 2603 415  2141 1196 1700 508  
2618 880 2132 621  2388 1968 2953 444  2127 1975 2305 421  
21539 15485 20693 4521  5131 5031 8510 1328  1038 1646 2494 333  
5536 3807 5803 1138  4006 3818 4256 790  3448 2935 3596 739  
15126 20696 21005 1939  8998 4159 9126 2322  2711 1007 2524 1122  
2709 1403 2737 582  2304 2188 2571 437  2206 971 1939 520  
3782 5159 5643 455  4359 2878 5215 863  3832 3003 4056 833  
23583 16521 21210 5058  3803 3694 6765 1092  567 3832 3613 101  
9489 8368 12843 1562  5860 6709 7788 982  4522 3115 4972 1085  
3510 5078 5652 358  3928 4070 5071 644  4020 2690 4063 918  
12321 7733 9487 2777  7043 4751 6376 1633  4084 2540 6024 907  
10626 8997 12202 2002  6384 4018 5229 1583  4346 3161 4940 1042  
16479 9066 14823 3674  6636 4281 7690 1542  2919 5253 5876 578  
7659 8127 12318 950  5780 7141 7279 894  3852 4215 4996 594  
18256 22936 23254 2678  7229 2720 9316 1837  1561 503 1345 589  
2289 2531 2942 365  2164 1789 2914 370  2140 1853 2183 438  
1916 2013 3077 240  1957 1805 2844 294  2282 1389 2457 487  
23649 14796 20087 5249  3452 8782 8673 694  640 2272 3348 158  
4560 4944 6229 699  3851 3243 5211 659  3823 2171 3795 899  
9053 15385 14875 699  8832 6357 9868 1728  3824 2659 4434 715  
19170 16298 25625 3217  4374 7857 5309 754  3436 1025 2313 1604  
8071 4014 6719 1856  5749 2959 5412 1318  3915 5083 6075 681  
13433 10597 15536 2562  6916 3214 5718 1853  3594 2081 3968 918  
9370 8263 8693 1866  6259 6762 8145 1134  4567 3510 4899 1101  
18322 15871 21898 3354  3964 7131 6573 501  2315 2226 2994 414  
8252 12899 12998 788  7973 6427 8699 1594  4017 3413 4946 753  
20042 22528 27690 2981  4393 3286 4634 846  2954 291 1680 1643  
8330 5313 8554 1743  5796 4653 6742 1194  3444 4352 4080 669  
15814 6765 12264 3741  7268 7868 10392 1430  2859 3076 4464 657  
18483 20387 28243 2459  8290 2932 4429 3123  952 2275 1333 379  
22447 21849 27374 3911  5002 2666 4964 1988  531 1022 1228 319  
16491 22810 25978 1817  9388 2770 6826 2862  1253 585 1036 497  
2763 1725 2869 578  2233 1458 1766 506  1768 2113 2713 251  
6941 10342 10155 773  8130 5131 7942 1896  4836 3778 5782 1106  
24081 9768 21593 5495  3538 10532 9287 644  355 4642 2309 94  
11851 11488 12418 2205  7979 4225 8392 1958  3892 4503 5929 843  
22052 12077 21803 4761  4740 7128 8025 1132  976 4127 2625 276  
5478 2876 4874 1232  3700 4164 4195 669  3162 2230 2466 739  
11004 5683 10457 2424  6297 6483 6962 1296  3680 5309 5985 647  
7808 10364 10888 1027  7688 5420 8232 1694  4557 3470 4494 1139  
15647 10424 10841 3522  7940 7172 9654 1738  3069 3630 6779 687  
4872 4251 6431 825  3855 3823 5208 642  3776 2396 3387 911  
26110 22518 28065 5040  1620 1920 2040 1079  266 1343 4151 88  
16262 12149 18504 3161  5477 6665 8759 964  2861 3694 3845 628  
10975 7208 11900 2230  6353 4192 5399 1539  3695 5519 5494 679  
24586 17478 27380 4874  2140 5774 5580 517  1072 2388 1066 598  
13008 20638 20363 1224  9622 4310 8897 2332  3280 955 3722 1036  
17866 12648 15541 3848  6931 4850 8864 1677  2099 2804 3506 513  
2623 1638 2224 583  2454 1150 2194 563  2148 1932 2347 427  
21719 17073 24097 4239  4836 6117 7229 1323  792 2341 2049 197  
9474 9473 15247 1192  8931 5153 8095 2242  4742 3796 4591 1300  
15725 5780 12101 3764  7247 8280 9911 1420  2727 5361 4544 551  
27183 14952 28158 5742  745 7983 5454 379  117 2405 586 126  
12858 9562 15760 2378  7339 3868 6690 1894  2991 6144 4506 539  
15083 14485 18039 2672  5717 6657 8727 946  4304 2014 3541 1510  
10299 12906 13864 1461  8535 4580 9063 2056  4530 3030 4848 1243  
6074 7759 8326 837  5635 4755 5542 1184  4770 3202 5405 1094  
13266 11272 14793 2534  4948 5814 8794 672  4205 3013 3042 1271  
15114 10316 12606 3307  6126 9303 10946 954  3350 3783 5748 690  
19088 19576 28487 2693  6881 5491 4802 2040  1318 1033 791 592  
10255 9338 12520 1828  6995 4007 6400 1728  4202 2840 4878 1017  
11268 12615 15193 1716  5903 5818 8685 907  3964 3568 4700 793  
7049 5742 9507 1180  5546 5728 6560 1041  4271 3857 5012 903  
2722 1993 2733 562  2403 1338 2021 553  2069 1814 2092 422  
18711 25571 28710 2163  6253 653 4539 1509  2843 8 1006 1994  
21766 13520 23623 4445  3675 8725 7779 647  1966 2744 2022 763  
5380 2745 5495 1150  4386 3796 5084 864  3576 2075 3512 829  
5550 3268 5449 1194  3541 4367 4422 585  3669 1825 3662 862  
4869 3980 4426 1000  4430 1896 4225 1023  3605 1828 3414 844  
22177 15071 22540 4618  3511 7737 8735 604  1681 2520 2158 588  
13576 10081 13657 2791  7060 5861 7940 1597  3095 4535 4400 650  
2325 1894 1986 483  2274 1760 2053 483  1959 2135 2722 317  
20847 25285 25826 3191  6873 793 6790 2576  258 145 1642 260  
18471 13280 17093 3914  5638 7944 11360 984  2407 2953 2832 729  
18560 15807 21374 3486  6036 6268 8398 1402  2312 1808 2710 845  
17682 16751 20481 3200  6666 4931 6457 1849  2103 2451 4944 489  
4992 3178 3951 1118  4208 1240 3483 1018  3494 1384 3196 821  
16087 11338 18526 3130  7090 5371 7482 1794  2231 4749 4591 398  
7279 7259 8326 1298  4730 4607 7222 726  3882 3505 5249 715  
23145 18285 28654 4210  3571 6799 4566 1049  1175 566 751 866  
24819 23666 27571 4561  3160 1741 5797 1517  54 810 724 99  
27451 14101 26448 6018  590 8861 6662 225  11 1229 727 30  
15997 9673 13740 3563  6175 8946 9152 1133  3412 2910 4616 902  
18682 15631 21204 3552  6005 5359 5993 1651  2087 3234 3658 559  
11400 11808 15917 1739  6539 6985 7421 1259  3719 3495 4921 724  
5695 7728 7717 751  6538 3936 6086 1533  4521 3540 5588 966  
13345 11100 14628 2584  4929 6064 8883 656  4809 2979 4533 1389  
26461 22667 29650 5030  1177 3503 3788 589  407 43 705 601  
7310 7207 9463 1217  4078 5348 6450 488  4412 3003 3546 1133  
10112 9276 12695 1763  6193 6207 6852 1254  3300 3493 5399 526  
12789 6554 9605 2988  6368 9232 9665 1055  4336 2816 5149 1097  
8191 4015 7808 1809  5505 3893 4827 1252  3991 4683 5159 777  
16297 12424 16843 3300  6070 7790 8705 1186  2839 3389 4768 633  
8849 10091 10855 1420  7414 4979 8430 1629  3893 3197 5560 792  
8161 4123 8062 1773  5867 4383 6638 1232  4128 3776 5062 875  
2725 2076 2864 549  2249 1770 2038 477  2174 1615 2663 424  
2700 1245 2564 600  2287 1317 1767 530  1964 1288 1481 450  
18145 16258 20398 3396  6705 3947 6421 1964  1955 3919 4217 441  
10974 7784 12066 2191  5501 7153 7580 921  4295 3481 4200 1081  
19112 24049 30382 2236  8419 1864 3577 3205  313 317 286 256  
22334 22234 31966 3355  4469 2754 1814 1680  1085 1141 504 842  
11335 12428 15498 1723  5274 6794 7472 698  5552 2761 5014 1642  
18934 15110 21130 3673  5676 6461 8643 1254  2268 2731 2874 741  
17840 23285 25388 2337  8646 2140 6054 3001  1286 651 2305 615  
24222 19277 21370 5041  2881 6823 10772 570  886 51 1117 662  
8321 5343 8626 1733  5862 4072 6124 1290  4041 2906 4046 950  
16744 15756 25061 2404  8951 5378 6086 2906  1849 2504 2046 717  
16336 8771 16653 3485  6146 8857 7627 1265  2714 4990 5008 530  
16308 16618 17838 2924  5015 6614 8958 645  3748 1864 4958 1010  
26296 10080 20347 6271  1705 12105 12494 3  48 1586 815 0  
21770 10056 19906 4900  4561 11772 10125 795  1357 2505 2682 427  
7813 6965 8931 1455  5443 5064 7075 1005  4040 2147 3029 1087  
5488 7775 7892 659  6178 4256 7365 1249  4175 3281 5328 836  
24905 13917 24386 5389  2803 7537 6874 749  277 3925 2312 89  
23036 13002 17907 5281  3862 6249 6332 805  898 4023 4234 147  
7882 6868 8878 1488  4342 5354 6858 589  3640 3177 5123 645  
7576 7159 8712 1378  5843 3391 6537 1278  4272 2798 4710 995  
13499 7506 11571 3044  6707 5846 6913 1481  3639 4155 4806 801  
8421 12924 12713 871  6489 6540 7971 1018  5595 2651 4238 1675  
21233 15150 16648 4637  5447 5734 7788 1342  1023 4264 5713 182  
14230 14071 19182 2284  6208 7134 7204 1198  4168 2630 3774 1305  
23812 8641 19805 5592  3742 10217 10846 556  428 5657 2841 91  
15477 13691 16735 2956  5397 7401 8161 887  3752 2077 3081 1227  
4388 2634 2761 1019  4650 2639 4705 1022  3747 2891 4196 793  
13851 9537 14496 2845  6709 6757 9060 1356  2641 4701 4741 411  
23326 23629 25337 4203  2974 2568 6772 635  1599 25 1222 1260  
13433 10580 13911 2697  6766 5978 7189 1533  3690 2781 3959 974  
18404 15557 19594 3588  6654 4414 8084 1786  2017 1995 2995 624  
22921 13456 15247 5319  4318 9038 9668 774  780 3018 7133 156  
13518 20668 20154 1426  9810 4242 9549 2447  3281 947 2704 1380  
12786 14338 18821 1777  7235 5658 8574 1464  4203 3014 3830 1229  
8236 6122 8828 1653  5704 4241 5555 1272  3135 4576 4404 512  
13155 4577 10739 3112  6949 5501 6887 1532  3874 4978 5799 785  
10083 12836 13191 1440  8797 5169 8786 2148  3703 3667 4199 872  
8133 3629 7220 1853  5775 5460 6757 1145  3924 4016 5639 746  
24860 13855 24597 5358  2241 10777 7637 423  726 1366 1575 287  
13229 9846 15681 2507  6173 7831 8211 1130  3474 3726 4846 722  
4274 5063 6043 604  4528 3537 4725 946  3301 3008 3343 692  
12415 10716 12197 2462  7262 6677 10131 1437  4104 2900 5054 1077  
8335 5447 8462 1747  5157 3680 4181 1193  3414 4298 6078 514  
8655 9999 12289 1235  7288 5198 8109 1577  2750 4338 4119 319  
6640 6967 9540 977  6359 3760 6067 1490  4023 4263 5058 791  
12658 11494 15914 2211  7503 5160 6968 1887  3869 3215 4848 981  
22510 21722 27745 3909  4216 3641 5498 1309  1057 677 703 722  
11756 12322 15578 1875  6244 6210 8626 1071  4931 2321 3696 1612  
18950 14791 21489 3662  5097 7536 8137 984  2724 2147 2672 1003  
9293 8167 12789 1505  7260 5722 7081 1668  4446 2771 4691 1136  
16625 10764 16269 3536  5678 6600 5911 1273  3068 2588 3372 825  
16169 10983 15009 3465  5587 8820 10210 866  3125 3681 4820 686  
2672 1856 2477 571  2441 1756 2378 520  1889 1998 2082 349  
21543 17468 24264 4144  3362 6830 6652 543  2367 963 2372 1069  
2680 2075 2716 545  2493 1381 2359 557  2109 1014 1633 506  
9653 6246 7335 2166  6445 4015 5257 1508  4636 3565 6991 959  
27762 18526 28168 5802  276 2830 3732 463  14 2617 1331 9  
4658 4647 6401 732  4563 2465 4508 1033  2684 3751 3613 405  
21857 20658 28891 3622  4416 4881 4186 1316  1551 414 955 1069  
21857 13973 20264 4736  4466 8567 8510 943  1277 2493 4105 351  
25224 23620 31444 4392  2358 2447 2141 1225  410 138 704 451  
7565 4888 6124 1683  5063 4449 4561 1072  4545 3066 5749 984  
24161 10673 19918 5623  3469 9573 10171 547  308 2979 1343 78  
2373 2135 2289 466  2381 1916 2383 489  1543 2182 2212 201  
5290 3464 4653 1157  3573 4438 5052 542  3316 3417 4044 621  
21752 12960 23284 4492  4469 8701 8175 985  1438 2572 1914 576  
1834 2505 2922 201  2266 2213 2609 412  2148 1802 2140 445  
16211 7218 15033 3638  6820 9387 10279 1301  2862 3455 4562 693  
24339 15512 18559 5475  3663 7422 13523 708  48 2376 1668 83  
12598 11746 15791 2188  6727 6471 8601 1329  3835 3609 4571 921  
14753 12928 14513 2908  7854 6001 9883 1813  2560 4119 4248 543  
6191 7465 9159 824  4699 4321 6842 708  3867 4254 4620 688  
2509 2318 2724 472  2430 1778 2348 517  2267 1244 2255 508  
14945 11238 18930 2685  6916 8366 8240 1457  3658 2839 3643 1153  
24538 16586 27195 4910  2131 7414 5725 453  1135 1806 1112 620  
1899 2562 2876 227  1754 1837 2808 219  2145 1896 2164 436  
15947 6391 12817 3760  6866 4485 8382 1482  2796 6400 4649 529  
8280 5916 8798 1679  5030 3300 3726 1201  3652 3566 3509 793  
18046 15549 22298 3234  6777 5041 6069 1990  2078 3134 2916 614  
23775 17820 28278 4491  2516 7490 4371 563  1333 791 1283 695  
8024 6130 9378 1529  5828 4302 5661 1310  4058 3414 4170 931  
19409 23033 26587 2820  7481 2375 6070 2591  879 584 825 584  
1889 2569 2540 250  2535 1728 2443 549  2329 1592 2443 499  
8103 10212 10386 1182  6570 6105 7727 1252  4721 3689 5650 1053  
24724 15918 23344 5323  2801 3272 5618 852  463 4096 3357 84  
24702 12427 22355 5545  2826 10901 9402 507  452 1984 1607 177  
16965 14530 22476 2869  7303 6998 6976 1939  2534 2474 3048 852  
11818 10952 11684 2276  7799 5185 7929 1858  3869 4215 5435 865  
10203 5072 7554 2398  6696 3780 6208 1535  3973 4530 4677 820  
4933 4858 5770 876  4315 3534 5266 828  3627 1686 3432 880  
12683 11315 15970 2223  7329 6299 8085 1651  3808 2012 3102 1188  
24967 16295 25997 5178  2617 3430 4234 986  401 2654 2570 94  
10002 15451 15923 955  10527 5071 9773 2726  3731 3278 4543 919  
18883 8255 17366 4255  6016 11009 10286 1109  1920 3455 4298 438  
18717 13959 21852 3583  5155 6557 8004 1032  2053 3958 2539 496  
7676 7123 9010 1390  5763 4710 6957 1151  4234 2010 3734 1109  
25523 6754 19921 6166  2447 10310 9398 107  76 5133 3518 1  
10560 6716 9117 2330  6693 3277 6734 1558  3581 5877 5341 635  
21709 10649 18538 4966  4952 9776 10348 921  1097 2949 3370 292  
13228 8368 15068 2621  6834 5239 5860 1699  2667 5738 5940 329  
12547 9970 15944 2232  7646 5921 7542 1850  3701 3238 3507 1023  
8123 3752 7681 1806  5847 3756 6288 1269  4175 3939 5084 879  
11702 12241 13503 2029  6840 6302 9700 1258  4516 2324 4769 1289  
6953 4652 5093 1555  5758 5688 7008 1089  4550 3266 5525 1002  
13478 9745 13041 2821  6744 2547 6275 1710  2936 6760 5674 445  
4155 5160 5682 587  4360 3691 5279 823  2629 3435 3661 367  
23693 18751 28472 4406  3861 4598 3975 1580  410 1396 852 245  
5316 4257 6280 997  4236 3708 5160 804  3570 1974 3071 878  
24663 16037 19387 5502  3210 6551 9304 728  164 1688 2879 43  
7770 3684 5862 1831  5501 6168 7561 957  3862 4610 5475 695  
23248 10726 17322 5503  3626 8254 6855 594  947 3535 4196 150  
5181 4538 6309 935  4421 2983 4115 993  2791 3643 3753 446  
12514 9512 15817 2250  6862 7754 8245 1374  2975 3908 4591 496  
24244 12561 24901 5163  3316 6964 6693 920  423 3087 1492 169  
21964 19169 28959 3718  5295 4518 4183 1988  642 2021 873 389  
27131 13537 23152 6197  900 6718 7945 75  17 5092 2696 1  
15815 14858 22388 2444  8315 4727 6891 2443  2685 3458 2846 882  
22222 25490 28400 3470  4338 732 4886 1323  1032 12 733 643  
24404 19321 26698 4787  3159 3456 5536 1213  307 3068 1533 103  
15570 20431 23348 1919  9722 3638 7709 2997  2138 1400 2211 929  
13829 9605 14665 2820  6660 3010 5793 1726  3620 3049 4381 860  
8218 4198 7316 1852  5800 4092 5792 1276  3965 4586 5737 739  
1986 2335 3096 250  1916 1722 2821 284  1778 2163 2442 259  
8169 4099 8006 1782  5829 3544 5609 1325  4106 3366 5131 868  
1949 2144 3101 245  1615 2356 2505 171  2126 1901 2678 381  
24862 17623 26428 5048  2385 6909 6610 649  673 471 643 516  
5330 4392 6202 1004  3581 3608 5226 556  3165 3340 4221 546  
19360 10592 18579 4230  5556 8673 10210 1052  1853 4593 3463 428  
16161 20282 23863 2098  7874 4295 6103 2227  2299 1257 3101 648  
8270 5907 8512 1700  5483 5109 7166 1026  3699 3914 5237 682  
13291 18120 19481 1626  7625 4681 9614 1483  4677 1954 2863 1859  
10778 5257 8988 2481  6059 7758 8352 1058  4272 4287 5357 934  
4626 4977 5526 779  4266 3188 5326 816  3430 2917 4384 658  
17068 16721 22168 2839  5906 6326 6325 1337  2473 2009 3711 568  
6856 10203 11092 671  7029 5761 8637 1307  5334 3367 4623 1443  
6915 7212 7708 1218  4790 5521 6115 789  3851 3808 5582 658  
13744 8221 14364 2872  5404 6520 9064 853  3370 4943 4960 614  
25673 7236 19668 6220  2192 10896 8326 51  185 5723 5022 2  
4280 4598 6326 603  4299 3707 5209 807  3819 2639 3672 888  
7795 6584 9532 1414  5390 4251 4751 1220  3787 4166 5582 671  
10874 7748 10616 2276  6768 4308 7055 1552  3534 5327 5364 642  
18112 14195 22242 3320  6593 5114 5551 1954  2317 3240 3512 660  
10427 12191 15489 1404  7668 6499 8553 1593  4556 2790 4718 1242  
9792 8587 9580 1932  7091 5164 8780 1492  3798 4733 5618 715  
7390 7305 8677 1306  4658 4633 7106 706  4589 2229 3575 1255  
15348 17136 24708 1866  9328 5009 6810 2751  1911 3039 1951 555  
17660 14179 16598 3622  5123 8162 10711 727  3303 1533 2521 1233  
15914 17640 19579 2594  8154 4000 7077 2405  2737 1898 4239 839  
18884 20355 28392 2593  7189 4492 4898 2209  1658 894 801 1067  
5745 7465 8959 678  6374 3692 6689 1424  3985 3630 5219 759  
1883 2591 2675 236  1728 2325 2361 226  2208 1826 2725 413  
12535 12068 15329 2190  6049 6471 8724 1030  4001 2768 4724 990  
16639 9269 11412 3885  6587 6146 6448 1441  3127 5472 7225 586  
17095 15640 17451 3284  6417 5821 6965 1565  3005 1630 3891 983  
2514 1852 2203 536  2360 2146 2906 431  2160 756 1887 518  
8141 6039 9232 1588  5585 5312 6630 1095  4212 3174 4788 957  
13075 4343 10997 3071  7391 6504 8805 1548  3419 6434 5311 656  
8492 10275 11114 1261  6650 4527 8575 1312  4705 3191 5314 1128  
12604 11150 13015 2444  6771 4057 5343 1732  4134 4674 6754 860  
26760 10697 22642 6224  1278 11478 9405 45  13 3755 1823 3  
8161 5681 9135 1619  5795 4634 5947 1258  3482 4493 4517 641  
13694 10331 14642 2742  6997 6030 8667 1523  3076 4685 4473 636  
22054 14084 23427 4542  4742 6939 7203 1264  835 3056 1586 288  
5456 3132 5706 1144  4453 2682 4331 994  3126 3337 3304 628  
2709 1880 3049 537  2266 1757 2031 485  1666 1818 2671 227  
