# NumberOfHospitals NumberOfScenarios TimeHorizon
4 50 3
# DemandeScenario_0_Hospital_0_Period_0 DemandeScenario_0_Hospital_1_Period_0 ... DemandeScenario_0_Hospital_0_Period_1 DemandeScenario_0_Hospital_1_Period_1 ...
# DemandeScenario_1_Hospital_0_Period_0 DemandeScenario_1_Hospital_1_Period_0 ... DemandeScenario_1_Hospital_0_Period_1 DemandeScenario_1_Hospital_1_Period_1 ...
# ...
# ...
# ...
15194 14041 16810 2832  7420 3279 6920 2051  2584 4812 5910 435  
23434 10510 17687 5550  3994 9409 10102 612  490 5272 4588 69  
26958 14417 28052 5692  1051 5474 4318 561  35 6065 1697 12  
14644 20319 23015 1615  7318 4414 7944 1368  4723 942 2380 2254  
13533 9887 15421 2638  7009 5529 6813 1697  3207 5107 5337 614  
12817 15342 16410 1944  8751 5439 9544 2126  3849 2112 3878 1257  
20726 17219 25503 3755  5413 5906 5349 1658  1429 1455 1572 649  
10513 9141 12302 1947  5396 6427 6419 977  4731 2665 4411 1285  
23886 16478 27769 4629  3309 8079 5295 1011  733 988 958 488  
13885 8326 13889 2958  6526 6031 6562 1484  3403 4336 6440 651  
5264 4577 5990 990  2764 4271 4259 299  3943 2567 3975 906  
6579 7455 9278 956  5883 4357 6966 1184  4523 2447 4424 1135  
20851 17860 25298 3790  4474 6519 6216 1027  2052 934 1392 1083  
12670 6821 9514 2941  7466 6881 10926 1440  3530 3983 3908 836  
21170 22326 31633 2955  6662 3152 2443 2858  213 564 212 406  
21713 18275 28822 3676  5561 5153 3925 2147  662 1866 1260 329  
13456 5678 11487 3113  6849 6941 7613 1441  3728 4356 6539 750  
12287 9987 15971 2135  7526 6773 8210 1683  3513 4459 4533 774  
15260 9108 12028 3460  7360 7906 12101 1388  3100 3402 3891 811  
3967 5178 5571 527  4221 3623 5384 761  3643 2838 3497 819  
11003 7263 11865 2242  5226 7368 7089 853  3676 4465 5433 644  
2474 2436 2945 436  2229 1950 2188 449  2283 1605 2311 492  
11352 15560 16354 1407  6180 6311 8345 850  5872 2159 5344 1847  
18205 16302 20886 3377  6649 3159 6243 2011  1835 4502 3890 382  
5227 4527 6265 956  2473 4245 4080 203  3975 2219 3502 979  
27169 15117 28317 5718  862 7123 4784 512  20 2689 874 41  
20458 5515 15878 4947  5876 13404 12166 914  1346 4179 3728 305  
18904 23188 25218 2742  7713 2066 7572 2516  1112 611 1261 641  
27329 17245 29555 5584  684 6789 4118 580  34 1746 430 86  
5862 7423 9052 715  6541 4275 6364 1494  3767 4070 4255 745  
2228 2547 2958 340  2518 1539 2309 564  2269 1737 2439 472  
2757 1901 2759 576  2433 1271 2090 561  2007 1754 1924 415  
7524 5395 6437 1621  5642 5628 7256 1044  4199 3829 5646 843  
22330 13529 14520 5161  5548 9867 15243 986  162 2440 3504 102  
20278 22887 26632 3138  6908 2204 5724 2560  588 1006 1348 265  
14459 15448 24168 1659  9956 6283 7261 2826  2619 2922 2078 1043  
22566 24744 26462 3787  3449 1469 6138 752  1238 22 1234 517  
23649 23980 31731 3779  4015 1593 2297 1918  384 364 212 563  
2417 2254 2489 460  2258 2191 2603 415  2141 1196 1700 508  
2618 880 2132 621  2388 1968 2953 444  2127 1975 2305 421  
21539 15485 20693 4521  5131 5031 8510 1328  1038 1646 2494 333  
5536 3807 5803 1138  4006 3818 4256 790  3448 2935 3596 739  
15126 20696 21005 1939  8998 4159 9126 2322  2711 1007 2524 1122  
2709 1403 2737 582  2304 2188 2571 437  2206 971 1939 520  
3782 5159 5643 455  4359 2878 5215 863  3832 3003 4056 833  
23583 16521 21210 5058  3803 3694 6765 1092  567 3832 3613 101  
9489 8368 12843 1562  5860 6709 7788 982  4522 3115 4972 1085  
3510 5078 5652 358  3928 4070 5071 644  4020 2690 4063 918  
12321 7733 9487 2777  7043 4751 6376 1633  4084 2540 6024 907  
10626 8997 12202 2002  6384 4018 5229 1583  4346 3161 4940 1042  
