# NumberOfHospitals NumberOfScenarios TimeHorizon
1 300 2
# DemandeScenario_0_Hospital_0_Period_0 DemandeScenario_0_Hospital_1_Period_0 ... DemandeScenario_0_Hospital_0_Period_1 DemandeScenario_0_Hospital_1_Period_1 ...
# DemandeScenario_1_Hospital_0_Period_0 DemandeScenario_1_Hospital_1_Period_0 ... DemandeScenario_1_Hospital_0_Period_1 DemandeScenario_1_Hospital_1_Period_1 ...
# ...
# ...
# ...
53120  24021  
25253  19913  
28284  19418  
41838  20986  
28360  20897  
75181  20406  
57351  25259  
56643  24103  
78607  15679  
48914  28298  
35072  21167  
56916  26479  
8578  8046  
27639  18402  
8321  8643  
66039  21914  
65141  25025  
67184  21959  
55564  26055  
9460  8136  
88627  15115  
54749  25478  
15992  13472  
33772  25125  
17703  12381  
7313  8320  
49926  28299  
53175  27055  
48388  31156  
15955  14714  
51074  27942  
28588  19308  
34942  24745  
73826  21337  
25845  17778  
47548  22733  
94396  7298  
48454  30513  
78071  17503  
74666  21461  
42222  28448  
17905  15663  
37616  22860  
58344  29615  
44276  26608  
35424  21127  
27749  19369  
72348  22470  
40249  24609  
57081  28223  
52321  25723  
75465  18266  
41503  28872  
43601  27474  
44494  27312  
47450  29773  
17670  14686  
18666  14299  
57821  23979  
43885  26674  
18144  13270  
35498  22293  
15777  14660  
45044  25599  
9177  6578  
39149  26294  
9051  8427  
17732  14964  
44339  23141  
85358  18979  
51479  22182  
9329  8069  
31504  22778  
36592  24069  
77675  16843  
71137  26372  
85015  13695  
62968  28758  
57210  24202  
22094  17990  
73498  24426  
75615  19609  
44034  26196  
9371  8592  
80341  19202  
36112  25054  
17799  14326  
58292  28365  
19058  13000  
17338  15125  
72423  22310  
83965  16369  
39746  24807  
8566  7359  
7784  8573  
92555  11371  
59941  28502  
58007  23825  
72559  18678  
59687  27836  
75960  22497  
36866  23235  
74700  19112  
93614  8326  
8731  8607  
37404  21823  
80514  12142  
43252  27120  
51946  28704  
67734  25313  
83862  14954  
69257  22684  
36285  25328  
83019  16907  
37403  21289  
70891  25130  
59733  25493  
43934  25225  
71840  17614  
9502  8203  
50971  24685  
34518  25768  
84240  16922  
25851  19365  
8187  8812  
83454  18026  
37859  26797  
83887  19105  
55381  23880  
66349  23307  
16851  15987  
79050  21245  
44860  26522  
49748  27808  
83255  18368  
44000  26510  
52097  28758  
91071  13160  
17044  13678  
17377  14807  
59636  25796  
65603  22618  
37146  21436  
73395  21327  
44362  25978  
41090  27716  
71433  24781  
18923  14402  
73683  22658  
25816  19572  
7148  8109  
48296  28647  
33988  23486  
64662  25025  
7630  8747  
25502  19955  
69173  24463  
17739  15307  
77754  18922  
9069  8033  
36006  25207  
56096  26865  
26017  17466  
38100  18932  
53964  26043  
55607  24414  
35376  24374  
26748  20468  
66490  24449  
8232  7958  
16669  15551  
37718  25603  
54763  31588  
70967  20769  
67171  27072  
50588  28712  
62400  26531  
32054  22614  
37293  23998  
9305  8424  
35548  22354  
45838  24089  
8277  8778  
48495  29743  
65298  28891  
52771  22709  
27173  18356  
57144  26017  
48433  30488  
42790  27860  
17603  15445  
58571  31783  
56243  29360  
54903  25995  
17262  15829  
18314  14578  
27886  20147  
60595  32169  
16887  14166  
9249  8249  
15121  16228  
63638  24998  
58737  31625  
69400  24037  
70186  22468  
60731  27828  
89154  15125  
43324  21932  
18194  14504  
53150  24600  
49678  28670  
18483  13644  
94501  9443  
9538  8597  
73719  15936  
89271  12388  
56626  25281  
7594  7986  
82873  12926  
52426  28729  
70975  27977  
16811  14981  
52575  28818  
28591  19694  
19109  14751  
93331  10041  
46038  24491  
73989  21744  
37761  21580  
75615  19994  
76899  20848  
57419  28310  
80903  17984  
77023  22114  
72003  24204  
82927  14864  
67714  23433  
15545  14518  
87245  11826  
39187  29285  
94960  7198  
63293  25917  
51466  25996  
61761  23313  
9124  8226  
8921  8484  
16944  14581  
8695  8770  
28177  20581  
52964  28081  
65519  23840  
78471  19017  
45089  32375  
17784  14129  
36871  23443  
46469  23120  
65715  21387  
63550  26183  
62702  24413  
40878  28240  
45649  25774  
56867  22412  
42315  28128  
8530  8098  
88540  15269  
36508  20969  
14694  12417  
73416  20483  
16155  14917  
27820  21021  
89990  14609  
32584  20653  
75911  15966  
85405  16592  
35997  24517  
26172  20866  
85208  13502  
84628  16846  
47809  24729  
36836  22064  
76137  18915  
92941  9639  
91015  10318  
37419  22604  
34188  22982  
69005  25647  
38034  19149  
56020  25137  
25526  20763  
33163  22404  
73165  26792  
9358  7995  
70098  26516  
9399  8412  
81192  19317  
53074  27015  
17839  13036  
7634  8711  
9182  7674  
55872  29641  
