# NumberOfHospitals NumberOfScenarios TimeHorizon
1 50 2
# DemandeScenario_0_Hospital_0_Period_0 DemandeScenario_0_Hospital_1_Period_0 ... DemandeScenario_0_Hospital_0_Period_1 DemandeScenario_0_Hospital_1_Period_1 ...
# DemandeScenario_1_Hospital_0_Period_0 DemandeScenario_1_Hospital_1_Period_0 ... DemandeScenario_1_Hospital_0_Period_1 DemandeScenario_1_Hospital_1_Period_1 ...
# ...
# ...
# ...
53120  24021  
25253  19913  
28284  19418  
41838  20986  
28360  20897  
75181  20406  
57351  25259  
56643  24103  
78607  15679  
48914  28298  
35072  21167  
56916  26479  
8578  8046  
27639  18402  
8321  8643  
66039  21914  
65141  25025  
67184  21959  
55564  26055  
9460  8136  
88627  15115  
54749  25478  
15992  13472  
33772  25125  
17703  12381  
7313  8320  
49926  28299  
53175  27055  
48388  31156  
15955  14714  
51074  27942  
28588  19308  
34942  24745  
73826  21337  
25845  17778  
47548  22733  
94396  7298  
48454  30513  
78071  17503  
74666  21461  
42222  28448  
17905  15663  
37616  22860  
58344  29615  
44276  26608  
35424  21127  
27749  19369  
72348  22470  
40249  24609  
57081  28223  
