# NumberOfHospitals NumberOfScenarios TimeHorizon
4 20 4
# DemandeScenario_0_Hospital_0_Period_0 DemandeScenario_0_Hospital_1_Period_0 ... DemandeScenario_0_Hospital_0_Period_1 DemandeScenario_0_Hospital_1_Period_1 ...
# DemandeScenario_1_Hospital_0_Period_0 DemandeScenario_1_Hospital_1_Period_0 ... DemandeScenario_1_Hospital_0_Period_1 DemandeScenario_1_Hospital_1_Period_1 ...
# ...
# ...
# ...
14046 12918 13594 2727  6510 7808 10401 1094  3582 3205 5034 824  1801 1337 2403 523  
8149 5904 9203 1600  4327 5956 5777 660  3289 4256 4698 500  3415 2679 3911 802  
25382 22539 31965 4452  2604 1822 1639 1767  42 1489 630 22  16 308 83 25  
18282 13891 22108 3406  6444 6247 7671 1625  2220 3553 2805 712  705 1588 1035 283  
8156 5598 9117 1621  5601 4108 5069 1278  3641 4635 4839 669  2893 3170 4201 577  
2357 1440 1677 540  2242 2094 2350 433  1934 1578 1660 413  1875 1970 2417 333  
4756 4840 5398 843  4372 2743 5101 898  3733 2636 3824 841  2901 2528 3623 602  
1891 2479 2981 219  2549 1745 2761 526  1849 2113 2240 311  1974 1786 2385 376  
14547 15082 24139 1709  9825 7791 7499 2653  2825 1779 1829 1328  551 1216 605 273  
4205 4982 6129 576  2599 4161 4010 232  3984 2528 4416 870  2360 2295 3555 352  
2388 2261 3212 390  2133 2261 2501 373  2297 1678 2500 478  1609 1445 2378 256  
10794 4699 9222 2492  6378 6595 7119 1292  4139 4419 5179 890  2415 3840 4217 464  
8879 9440 12688 1309  5627 5044 7843 922  5350 2881 4245 1558  3202 2657 3312 874  
17586 20385 23863 2613  7593 4251 7198 2152  1912 1011 1493 892  704 403 1280 370  
18598 11298 15900 4143  6164 9238 11212 1147  2262 2996 4055 620  582 1818 1903 145  
26949 11714 22754 6241  1051 6129 7890 32  46 7772 3005 0  2 344 452 0  
20194 18607 25380 3513  6104 3057 5352 2118  953 3613 2319 198  602 319 693 342  
24799 22933 26291 4690  3225 2289 6229 1473  24 558 742 103  1 319 637 6  
18510 19825 28291 2488  8421 4327 4751 3016  959 1021 905 623  94 937 287 55  
1843 2575 2805 212  2539 1732 2802 519  2270 1787 2570 456  1405 1948 2196 168  
