# NumberOfHospitals NumberOfScenarios TimeHorizon
4 50 4
# DemandeScenario_0_Hospital_0_Period_0 DemandeScenario_0_Hospital_1_Period_0 ... DemandeScenario_0_Hospital_0_Period_1 DemandeScenario_0_Hospital_1_Period_1 ...
# DemandeScenario_1_Hospital_0_Period_0 DemandeScenario_1_Hospital_1_Period_0 ... DemandeScenario_1_Hospital_0_Period_1 DemandeScenario_1_Hospital_1_Period_1 ...
# ...
# ...
# ...
14046 12918 13594 2727  6510 7808 10401 1094  3582 3205 5034 824  1801 1337 2403 523  
8149 5904 9203 1600  4327 5956 5777 660  3289 4256 4698 500  3415 2679 3911 802  
25382 22539 31965 4452  2604 1822 1639 1767  42 1489 630 22  16 308 83 25  
18282 13891 22108 3406  6444 6247 7671 1625  2220 3553 2805 712  705 1588 1035 283  
8156 5598 9117 1621  5601 4108 5069 1278  3641 4635 4839 669  2893 3170 4201 577  
2357 1440 1677 540  2242 2094 2350 433  1934 1578 1660 413  1875 1970 2417 333  
4756 4840 5398 843  4372 2743 5101 898  3733 2636 3824 841  2901 2528 3623 602  
1891 2479 2981 219  2549 1745 2761 526  1849 2113 2240 311  1974 1786 2385 376  
14547 15082 24139 1709  9825 7791 7499 2653  2825 1779 1829 1328  551 1216 605 273  
4205 4982 6129 576  2599 4161 4010 232  3984 2528 4416 870  2360 2295 3555 352  
2388 2261 3212 390  2133 2261 2501 373  2297 1678 2500 478  1609 1445 2378 256  
10794 4699 9222 2492  6378 6595 7119 1292  4139 4419 5179 890  2415 3840 4217 464  
8879 9440 12688 1309  5627 5044 7843 922  5350 2881 4245 1558  3202 2657 3312 874  
17586 20385 23863 2613  7593 4251 7198 2152  1912 1011 1493 892  704 403 1280 370  
18598 11298 15900 4143  6164 9238 11212 1147  2262 2996 4055 620  582 1818 1903 145  
26949 11714 22754 6241  1051 6129 7890 32  46 7772 3005 0  2 344 452 0  
20194 18607 25380 3513  6104 3057 5352 2118  953 3613 2319 198  602 319 693 342  
24799 22933 26291 4690  3225 2289 6229 1473  24 558 742 103  1 319 637 6  
18510 19825 28291 2488  8421 4327 4751 3016  959 1021 905 623  94 937 287 55  
1843 2575 2805 212  2539 1732 2802 519  2270 1787 2570 456  1405 1948 2196 168  
7900 10239 11679 1001  6241 4945 8364 1096  4027 4140 5083 710  3623 2300 2835 1121  
10325 8213 12737 1882  6808 3760 5648 1727  3126 5625 5209 460  3036 2665 3748 761  
18086 23202 24124 2533  8731 2174 7656 2926  794 631 2190 314  257 201 243 164  
21140 7923 16841 5014  5245 12002 10949 852  1259 4003 4753 257  289 1332 1306 89  
11012 12646 13610 1753  6019 5694 9488 910  4688 2958 5209 1172  2459 2021 2762 638  
13370 7683 14524 2746  6602 8278 8032 1322  3870 2777 3757 1078  1872 3328 3077 421  
13824 7556 13329 3015  6926 6865 8112 1485  3524 4775 5660 742  1550 3335 2816 320  
23660 20885 32102 3884  4324 3163 1738 2259  68 1415 390 123  0 593 70 2  
21213 21343 28681 3376  5950 3088 4431 2256  739 1182 747 502  98 495 386 66  
18938 25326 29255 2211  8070 716 4738 2821  693 192 276 485  245 0 37 357  
8197 6163 9073 1616  4856 5252 7064 785  4067 3589 3950 942  2730 1735 1905 760  
14170 14946 18359 2294  8002 5365 7616 2081  2301 3402 4270 368  1849 1424 2076 610  
19042 14222 19352 3895  6167 6332 9129 1448  1898 1774 2949 618  634 1600 1637 197  
10736 8823 12001 2067  6714 3937 7266 1546  4122 4283 5046 927  2333 853 2186 680  
5170 4692 6074 943  4380 3451 5113 872  3302 3330 3981 635  2966 1574 2932 732  
8021 3394 7483 1800  5811 3349 6038 1285  3670 5367 5721 606  3066 3152 3998 662  
11542 7946 8569 2561  7925 7436 11551 1522  3539 5186 5726 670  2362 2467 3606 601  
18988 12215 17359 4125  6261 7180 9667 1370  1885 2773 4203 488  613 2173 1587 181  
17195 17047 20125 3040  7450 3514 7600 2171  2237 3443 3828 594  613 1371 1815 154  
7138 6320 6787 1413  4984 5610 7512 767  4691 2468 4351 1198  3053 3208 3937 646  
22830 11228 16669 5384  4120 8287 8050 711  925 2507 4714 161  143 3195 3932 12  
16070 12370 16130 3278  6198 7391 10192 1139  2500 3760 4153 473  1945 1059 1784 788  
17058 17086 19937 3004  7434 3682 8318 2077  2451 2850 3470 754  709 1323 1656 237  
11005 8072 11809 2212  5719 5544 8383 1008  2880 4986 4278 405  3338 2165 3231 976  
11058 6642 10403 2408  6636 6114 7948 1365  3993 2665 4854 945  2050 2337 1838 514  
7191 7380 9303 1179  5857 4041 5229 1362  4251 2935 3968 1034  3037 2558 4300 655  
20329 24975 30332 2644  7573 958 3414 3218  139 250 392 338  8 43 157 57  
2686 2168 2888 529  2418 1366 2060 555  1951 2117 2366 345  1647 1847 2494 248  
11941 12462 15005 1983  5940 6722 7459 1045  5023 2186 4475 1561  2180 1450 1746 715  
23335 19748 20700 4754  4672 4621 11205 1383  32 1760 1605 79  6 82 400 41  
