# NumberOfHospitals NumberOfScenarios TimeHorizon
4 200 4
# DemandeScenario_0_Hospital_0_Period_0 DemandeScenario_0_Hospital_1_Period_0 ... DemandeScenario_0_Hospital_0_Period_1 DemandeScenario_0_Hospital_1_Period_1 ...
# DemandeScenario_1_Hospital_0_Period_0 DemandeScenario_1_Hospital_1_Period_0 ... DemandeScenario_1_Hospital_0_Period_1 DemandeScenario_1_Hospital_1_Period_1 ...
# ...
# ...
# ...
14046 12918 13594 2727  6510 7808 10401 1094  3582 3205 5034 824  1801 1337 2403 523  
8149 5904 9203 1600  4327 5956 5777 660  3289 4256 4698 500  3415 2679 3911 802  
25382 22539 31965 4452  2604 1822 1639 1767  42 1489 630 22  16 308 83 25  
18282 13891 22108 3406  6444 6247 7671 1625  2220 3553 2805 712  705 1588 1035 283  
8156 5598 9117 1621  5601 4108 5069 1278  3641 4635 4839 669  2893 3170 4201 577  
2357 1440 1677 540  2242 2094 2350 433  1934 1578 1660 413  1875 1970 2417 333  
4756 4840 5398 843  4372 2743 5101 898  3733 2636 3824 841  2901 2528 3623 602  
1891 2479 2981 219  2549 1745 2761 526  1849 2113 2240 311  1974 1786 2385 376  
14547 15082 24139 1709  9825 7791 7499 2653  2825 1779 1829 1328  551 1216 605 273  
4205 4982 6129 576  2599 4161 4010 232  3984 2528 4416 870  2360 2295 3555 352  
2388 2261 3212 390  2133 2261 2501 373  2297 1678 2500 478  1609 1445 2378 256  
10794 4699 9222 2492  6378 6595 7119 1292  4139 4419 5179 890  2415 3840 4217 464  
8879 9440 12688 1309  5627 5044 7843 922  5350 2881 4245 1558  3202 2657 3312 874  
17586 20385 23863 2613  7593 4251 7198 2152  1912 1011 1493 892  704 403 1280 370  
18598 11298 15900 4143  6164 9238 11212 1147  2262 2996 4055 620  582 1818 1903 145  
26949 11714 22754 6241  1051 6129 7890 32  46 7772 3005 0  2 344 452 0  
20194 18607 25380 3513  6104 3057 5352 2118  953 3613 2319 198  602 319 693 342  
24799 22933 26291 4690  3225 2289 6229 1473  24 558 742 103  1 319 637 6  
18510 19825 28291 2488  8421 4327 4751 3016  959 1021 905 623  94 937 287 55  
1843 2575 2805 212  2539 1732 2802 519  2270 1787 2570 456  1405 1948 2196 168  
7900 10239 11679 1001  6241 4945 8364 1096  4027 4140 5083 710  3623 2300 2835 1121  
10325 8213 12737 1882  6808 3760 5648 1727  3126 5625 5209 460  3036 2665 3748 761  
18086 23202 24124 2533  8731 2174 7656 2926  794 631 2190 314  257 201 243 164  
21140 7923 16841 5014  5245 12002 10949 852  1259 4003 4753 257  289 1332 1306 89  
11012 12646 13610 1753  6019 5694 9488 910  4688 2958 5209 1172  2459 2021 2762 638  
13370 7683 14524 2746  6602 8278 8032 1322  3870 2777 3757 1078  1872 3328 3077 421  
13824 7556 13329 3015  6926 6865 8112 1485  3524 4775 5660 742  1550 3335 2816 320  
23660 20885 32102 3884  4324 3163 1738 2259  68 1415 390 123  0 593 70 2  
21213 21343 28681 3376  5950 3088 4431 2256  739 1182 747 502  98 495 386 66  
18938 25326 29255 2211  8070 716 4738 2821  693 192 276 485  245 0 37 357  
8197 6163 9073 1616  4856 5252 7064 785  4067 3589 3950 942  2730 1735 1905 760  
14170 14946 18359 2294  8002 5365 7616 2081  2301 3402 4270 368  1849 1424 2076 610  
19042 14222 19352 3895  6167 6332 9129 1448  1898 1774 2949 618  634 1600 1637 197  
10736 8823 12001 2067  6714 3937 7266 1546  4122 4283 5046 927  2333 853 2186 680  
5170 4692 6074 943  4380 3451 5113 872  3302 3330 3981 635  2966 1574 2932 732  
8021 3394 7483 1800  5811 3349 6038 1285  3670 5367 5721 606  3066 3152 3998 662  
11542 7946 8569 2561  7925 7436 11551 1522  3539 5186 5726 670  2362 2467 3606 601  
18988 12215 17359 4125  6261 7180 9667 1370  1885 2773 4203 488  613 2173 1587 181  
17195 17047 20125 3040  7450 3514 7600 2171  2237 3443 3828 594  613 1371 1815 154  
7138 6320 6787 1413  4984 5610 7512 767  4691 2468 4351 1198  3053 3208 3937 646  
22830 11228 16669 5384  4120 8287 8050 711  925 2507 4714 161  143 3195 3932 12  
16070 12370 16130 3278  6198 7391 10192 1139  2500 3760 4153 473  1945 1059 1784 788  
17058 17086 19937 3004  7434 3682 8318 2077  2451 2850 3470 754  709 1323 1656 237  
11005 8072 11809 2212  5719 5544 8383 1008  2880 4986 4278 405  3338 2165 3231 976  
11058 6642 10403 2408  6636 6114 7948 1365  3993 2665 4854 945  2050 2337 1838 514  
7191 7380 9303 1179  5857 4041 5229 1362  4251 2935 3968 1034  3037 2558 4300 655  
20329 24975 30332 2644  7573 958 3414 3218  139 250 392 338  8 43 157 57  
2686 2168 2888 529  2418 1366 2060 555  1951 2117 2366 345  1647 1847 2494 248  
11941 12462 15005 1983  5940 6722 7459 1045  5023 2186 4475 1561  2180 1450 1746 715  
23335 19748 20700 4754  4672 4621 11205 1383  32 1760 1605 79  6 82 400 41  
27607 14716 25861 6097  398 10681 7060 123  35 730 851 38  2 83 541 8  
15187 14160 18828 2658  6995 4307 5391 1977  3167 3744 5687 696  1381 2234 2404 353  
26811 12421 21940 6227  1080 12375 9073 33  138 1146 1902 10  17 224 1225 2  
24510 17632 27529 4828  2785 7163 5467 868  565 1237 1019 322  154 65 155 228  
11648 9842 15911 1914  7757 6837 7574 1816  3651 4212 5043 778  2406 2017 2234 790  
19340 19434 25089 3191  5379 4228 6829 1284  2359 1628 1750 1015  743 471 373 591  
2757 1978 2905 561  2393 1288 1978 555  1668 2024 2684 222  1703 1587 2474 279  
9513 12926 14025 1160  8946 5454 8879 2148  4126 3373 4039 1085  2273 2089 3361 555  
22317 19461 22107 4399  5016 4833 8776 1475  597 1090 1633 333  100 574 1248 53  
11982 10229 11094 2416  5487 7890 8840 766  3142 3992 5353 405  3120 1968 3819 833  
23771 12450 19102 5474  3642 10332 12485 557  515 2520 1609 176  92 413 373 55  
6974 7541 8634 1149  5811 3895 5067 1359  4421 2361 4097 1111  3128 2723 3646 723  
7499 6241 9621 1314  6003 4645 6541 1279  3486 4371 4228 654  3182 2679 3736 748  
8129 6379 9137 1578  4770 4840 7035 769  3368 4427 4548 551  3435 1731 2810 994  
8191 12808 13390 737  7526 5204 9651 1370  5371 3495 5263 1378  3065 1805 2768 976  
21304 17090 21982 4261  4252 6584 9209 826  1719 1703 1661 715  537 514 651 306  
26290 17837 23315 5694  1516 7980 9506 359  213 392 1316 138  26 23 117 58  
12143 13856 18717 1572  6889 6172 8459 1222  4868 3367 3644 1546  2243 1516 1712 876  
21759 12159 22666 4580  4821 7022 7875 1182  1159 3673 2431 379  242 1652 808 101  
8746 8954 12735 1276  6385 6288 6471 1317  4288 3741 5668 869  3096 2556 2980 851  
15117 13850 16309 2853  7351 5407 7605 1838  3150 3621 5530 740  1314 1570 1877 416  
5242 1947 4036 1254  4340 2849 5124 876  3533 1935 3698 790  2873 1886 2818 665  
19196 13923 21141 3817  5106 7414 8615 995  2591 2066 2495 975  759 1677 1168 279  
13187 11171 15623 2441  5409 7311 8087 831  2964 3806 4240 451  2483 1883 2831 628  
8245 5004 7616 1803  5257 5305 5751 1040  4256 2478 4715 992  2382 3931 3902 387  
18253 16045 20169 3464  6490 5192 6905 1759  2040 3252 4210 509  808 782 1151 343  
16684 10496 16759 3529  5205 7551 9756 813  3647 3583 3922 1051  1273 2401 1647 375  
7809 5965 7390 1622  5764 2409 5152 1388  3554 3537 3306 772  2732 2583 2600 623  
2479 1520 1905 562  2488 1310 2257 562  2278 1663 2532 470  1947 775 1679 466  
15801 13111 16494 3118  6877 2716 6405 1884  2727 5570 6398 462  1568 1928 2357 457  
23532 8214 18148 5645  3853 13105 11084 482  496 3384 2325 100  138 1084 2307 31  
10678 4212 9379 2457  6677 3859 6916 1496  3899 6577 6237 686  2679 3362 3960 589  
10872 7418 10311 2315  5641 7018 7320 1002  4314 2456 3879 1144  2495 2404 2654 616  
13658 9701 15205 2709  5015 8161 7786 717  3328 3731 5132 576  2968 1283 2258 1110  
16055 10830 14638 3460  6374 8569 10001 1179  3201 3365 5262 781  1206 1758 1670 364  
2646 1826 3081 513  1902 2365 2406 294  1965 2013 2662 324  2031 1260 2280 432  
7204 6145 6683 1452  4999 3020 3333 1206  3627 5001 6216 531  3562 1907 3684 912  
16616 11494 17430 3407  4634 8510 8677 607  2963 3295 4498 585  2196 1112 1504 946  
7667 6242 7434 1554  5355 5497 6515 999  4376 2319 4801 1048  3146 2707 3920 721  
14056 20696 21449 1513  8974 4263 8214 2212  3504 913 2760 1469  855 231 1456 364  
26440 21541 27281 5266  1583 2798 5642 931  18 1868 1050 34  4 18 218 38  
14889 20691 22194 1756  9569 3873 7644 2796  2582 1176 2702 1046  740 352 1199 410  
6798 6526 9608 1048  5797 4364 6814 1168  4246 4105 4544 928  2983 3086 3334 674  
18813 19685 21970 3245  5224 5082 7032 1103  2579 1034 2667 998  1058 284 1986 558  
8748 10083 12190 1274  5324 6268 7551 755  5194 3227 4463 1411  3432 1727 3430 1024  
8264 5021 8636 1725  5086 5141 5158 1035  4070 3742 5701 798  2972 2794 4077 636  
3005 5127 4924 232  4442 3906 5224 832  3781 3055 4377 770  3208 2354 3547 720  
17231 25881 25792 1852  10489 292 7401 3762  301 50 748 527  22 9 329 107  
16119 12143 18683 3095  6560 6095 6287 1655  3136 3037 4722 821  1065 2737 1936 259  
4865 3066 3686 1098  3996 4347 5487 663  3511 2809 3433 772  3101 2102 3419 708  
19090 23258 30649 2239  5771 2198 2905 1412  2090 776 685 975  824 1 67 844  
16749 13875 15048 3430  6225 8424 11435 1050  2988 1612 2387 1064  1285 1445 3566 337  
5001 3608 6253 913  4467 3578 4984 908  3671 2637 3701 831  2002 2903 3449 252  
22415 21837 27570 3884  4104 3685 4388 1340  1310 476 1926 778  176 174 256 199  
18546 20159 23985 2962  5872 4526 7536 1316  1864 1209 1840 519  1173 191 712 764  
24164 9911 21197 5552  3325 8889 7447 618  472 3092 2706 92  68 3186 1852 8  
16271 10143 17786 3309  6071 5967 5360 1513  3348 4608 5311 783  1252 3031 3153 272  
7713 5657 9427 1432  5931 4360 5666 1343  3063 4466 5168 418  3322 2748 3559 813  
13796 13412 19255 2149  7354 7199 8147 1585  3270 2790 3838 822  1576 1660 1432 494  
14370 14778 18588 2354  6004 6109 8613 1025  3692 2896 3932 950  2352 996 1484 1100  
8129 5951 8037 1686  5597 5049 7251 1063  3857 2739 3257 954  3031 3037 4147 648  
2362 2275 3210 380  2481 1457 2167 566  2202 1858 2625 426  2060 1192 2082 464  
24313 15952 27187 4855  3189 3574 3783 1275  414 4959 2797 79  105 1370 411 45  
18413 17068 27921 2600  8534 6172 5016 2969  959 1362 927 600  103 1080 348 61  
18978 11088 20272 3930  6271 6356 7372 1586  1855 5263 4086 423  594 1995 1672 169  
15898 6099 12754 3759  6424 9017 8166 1236  2691 3326 2656 630  1514 3589 3432 294  
16219 7459 13713 3740  6988 8436 10465 1356  2715 2838 3367 696  1238 3290 3537 248  
13537 8867 12437 2928  6230 4799 5325 1472  3705 5479 7718 643  2142 2887 3301 516  
27377 16238 28830 5703  662 4795 3557 564  11 4151 1302 5  0 572 485 1  
9602 9912 12214 1590  6842 4169 5627 1715  4114 4087 4712 917  2874 1811 3876 738  
13641 6801 11910 3097  7129 6080 8652 1519  3505 4991 6133 695  1620 3770 3518 304  
5697 7472 8927 663  5166 4362 7015 864  4344 3752 3969 1005  3566 2408 3972 866  
15366 14616 22260 2301  7978 7118 7794 1959  2422 2963 2651 637  1403 977 932 694  
2660 1461 2206 606  2419 1334 2073 553  2148 834 1805 510  1681 1381 1347 368  
10940 8295 11956 2167  6479 4463 7761 1394  3961 1763 3608 1069  2497 3359 3959 526  
18444 16602 25605 2942  6704 7212 6085 1814  2191 1576 1903 968  541 556 505 364  
17463 21908 27340 2097  6147 3861 4864 1310  3717 358 1518 2085  596 85 477 526  
2651 2139 2729 530  2191 2270 2774 374  1982 1293 1506 461  1794 1077 1292 430  
18234 5870 14363 4367  6178 12405 10697 1023  2363 2978 3507 593  828 3019 3160 162  
10657 4221 8729 2502  6695 7290 8855 1262  4112 4650 5998 831  2461 2736 3831 543  
10182 7848 12694 1849  6205 6013 8079 1163  4428 4219 4712 1061  2787 2265 3098 756  
10753 5151 8892 2485  6301 7039 9476 1094  4125 2223 3709 1076  2523 4061 3822 514  
9272 10078 11995 1482  6727 5580 8327 1332  4542 3659 4854 1105  2011 2317 3292 334  
9253 5247 6131 2162  6815 2113 6277 1622  4529 3662 5190 982  2735 5127 5002 486  
21288 17985 24102 4043  5020 5736 7393 1348  1335 1313 1468 662  256 742 1040 98  
24896 22076 32156 4279  3055 1957 1499 1923  70 1981 581 33  14 217 73 13  
2720 1309 2378 620  2442 1161 2172 560  2132 1838 2185 437  1986 1231 2271 418  
2604 2262 2818 501  2207 2248 2793 379  2196 831 1908 530  1892 1062 1446 456  
4644 4254 6417 743  4117 3018 5076 785  2509 2791 4001 326  3320 2219 3075 823  
18783 8039 15558 4377  6275 10400 11331 1120  1891 4981 4442 394  702 1728 1619 208  
11483 20428 19285 766  8588 4564 8730 1585  5327 938 4542 1882  1329 234 1176 496  
10591 8715 11101 2093  6323 5480 8662 1212  4381 3311 4944 1074  2419 3128 3096 564  
8245 5545 8948 1670  5611 4011 6689 1154  3018 4751 4926 414  3227 2943 3538 769  
17309 20175 21203 2740  6304 4449 9626 1229  3221 776 1563 1671  891 556 1101 411  
18849 22185 27752 2555  6404 3427 5311 1692  1850 408 1008 902  628 189 195 511  
15979 9948 17956 3197  6110 7333 9029 1172  3103 5009 3716 781  1690 1645 1797 618  
2634 1109 2047 624  2317 2226 2653 432  2181 886 1839 520  1987 1858 2470 379  
20802 16682 20462 4221  4312 7271 9912 731  1965 1227 1541 851  745 427 1482 350  
23808 8755 19331 5624  3455 12468 12543 415  588 2891 1145 170  160 1591 1067 43  
9308 7065 7505 1992  6914 6591 9895 1269  4021 4359 4735 863  2598 2659 2972 628  
24238 23326 31995 4000  2879 2828 2018 1127  899 36 222 1095  16 41 72 16  
18870 21143 28246 2568  5839 4344 4768 1367  2587 633 1051 1390  630 89 192 687  
20619 21530 28557 3162  5864 3878 4249 1991  1367 592 1160 865  157 160 182 191  
16497 17552 20869 2703  7778 4247 6725 2301  2355 2776 4330 609  672 1066 1505 166  
9436 12859 12730 1242  6028 6581 8663 823  3259 3311 4536 345  4448 1357 3189 1688  
19492 25890 28006 2492  5820 333 5428 1396  2382 9 847 1643  177 3 31 145  
13238 15268 16710 2076  8791 4660 8810 2306  2451 3684 4452 413  2098 1195 2135 794  
10145 6629 8336 2247  6957 4365 8349 1495  4110 2182 4246 1008  2338 2874 2502 535  
5552 3583 5698 1161  4256 2654 3690 975  3421 2760 4482 669  2466 2685 3813 421  
14909 13231 19298 2558  6351 7550 7535 1282  3636 2704 4197 1022  1637 1488 1814 553  
18090 16156 19967 3416  6739 3612 7789 1877  1996 2519 2263 621  774 1974 2794 185  
8050 5941 9329 1551  5345 3349 4110 1295  4107 1911 3603 1028  2050 4454 4067 240  
9125 6455 6790 2010  6748 6825 8226 1303  4739 2650 5774 1139  2734 3603 4308 570  
20835 6944 15998 5014  5547 11694 13131 834  1304 4738 3463 298  262 1904 1259 75  
4415 5088 5575 693  3404 4159 4525 504  3245 3256 4305 553  3319 2134 3334 799  
19225 11565 17657 4215  5164 8475 7412 1045  2121 3494 6211 414  1000 1407 1406 366  
16633 11080 17428 3431  6590 7526 8835 1420  2779 2054 3070 849  972 3212 2632 184  
4679 5022 5816 772  3933 2536 2910 926  3736 2994 4598 756  2547 2765 3919 424  
4661 5026 6020 748  4221 3868 4866 806  2358 3406 3692 266  2728 2547 2881 568  
12917 10704 12966 2581  4396 7577 8300 425  5131 3342 5663 1344  2080 2234 3209 440  
15712 9190 12887 3550  6206 8788 8661 1155  3348 4195 5598 747  1598 1600 3772 420  
1877 2589 2642 236  2175 2199 2898 354  1987 2058 2448 344  1848 1350 1498 425  
23733 19819 25058 4657  3758 2697 5820 1416  430 3163 2639 116  105 380 548 68  
21381 25454 29970 3036  5578 749 3522 2049  884 31 553 750  186 1 206 339  
7643 6960 8384 1437  6045 3789 6461 1342  2820 4549 4796 348  2499 2695 4043 407  
5535 3731 5841 1137  3801 3447 5301 645  3552 3009 4227 722  2217 3103 2843 371  
24828 24370 29821 4350  2129 1706 4086 657  1056 92 261 1227  23 55 142 16  
9937 11853 15441 1244  8481 5963 7528 2085  3908 4063 4724 860  2152 1861 3078 495  
7768 6975 9298 1407  5845 4714 6218 1247  3855 2572 3132 975  2453 3480 4098 398  
11044 6542 11324 2331  5717 7523 7987 972  4034 3258 3609 1031  2733 2748 4168 616  
26064 23239 30386 4800  1295 2709 3572 496  490 270 316 427  178 10 24 490  
8289 4473 7852 1822  5195 5208 5395 1050  4011 4324 5061 800  2681 2832 4512 492  
5257 3447 4583 1152  3914 3381 3660 815  3338 3602 4591 591  2977 1555 3326 692  
9685 9902 11981 1640  6237 4682 8254 1206  4703 3424 4345 1247  2459 1835 1793 734  
17649 19703 24926 2576  6708 4844 5606 1842  2273 1026 2876 774  767 502 630 327  
18237 23048 23612 2637  6235 2793 8254 1317  2758 291 2118 1351  717 61 213 817  
18443 24431 29819 2023  6625 1732 3842 1657  2120 72 513 1206  604 0 103 640  
11867 11573 16031 1910  7906 5173 7032 2024  3880 3957 4447 967  1814 2496 3163 397  
24036 17461 22892 5045  3515 5878 7674 1003  377 2101 1880 154  102 457 1240 60  
13887 15130 17402 2262  6904 6270 7761 1482  2968 2566 5006 550  2529 996 1992 1086  
16132 12696 16720 3238  6227 4073 5003 1661  3068 4788 5357 647  1357 2640 3545 289  
9717 7689 8567 2026  6079 6407 6983 1176  4338 4491 6279 862  3106 1826 4015 826  
6395 10254 10513 548  5830 6304 7717 838  5386 3151 6054 1235  3357 2370 2882 926  
23431 20512 25562 4475  3467 4933 6519 992  978 552 1368 628  144 179 668 129  
5192 2583 3983 1214  4257 2717 3716 956  3530 1671 3630 799  2959 2316 3355 640  
2154 2476 3092 305  2326 2120 2534 447  2231 1564 2592 451  1875 1514 2422 350  
10164 9424 11428 1880  5772 6405 7187 1049  4355 3791 5641 943  2654 1860 2258 778  
6421 7713 8612 942  5204 5380 6682 884  3240 3109 5109 456  3728 2557 3767 945  
24148 18033 28037 4638  3484 4989 4491 1377  351 2387 1445 181  54 399 225 66  
13428 7555 14366 2786  6108 8173 9288 1036  4053 2090 3480 1214  1780 4002 3212 335  
