# NumberOfHospitals NumberOfScenarios TimeHorizon
4 100 4
# DemandeScenario_0_Hospital_0_Period_0 DemandeScenario_0_Hospital_1_Period_0 ... DemandeScenario_0_Hospital_0_Period_1 DemandeScenario_0_Hospital_1_Period_1 ...
# DemandeScenario_1_Hospital_0_Period_0 DemandeScenario_1_Hospital_1_Period_0 ... DemandeScenario_1_Hospital_0_Period_1 DemandeScenario_1_Hospital_1_Period_1 ...
# ...
# ...
# ...
14046 12918 13594 2727  6510 7808 10401 1094  3582 3205 5034 824  1801 1337 2403 523  
8149 5904 9203 1600  4327 5956 5777 660  3289 4256 4698 500  3415 2679 3911 802  
25382 22539 31965 4452  2604 1822 1639 1767  42 1489 630 22  16 308 83 25  
18282 13891 22108 3406  6444 6247 7671 1625  2220 3553 2805 712  705 1588 1035 283  
8156 5598 9117 1621  5601 4108 5069 1278  3641 4635 4839 669  2893 3170 4201 577  
2357 1440 1677 540  2242 2094 2350 433  1934 1578 1660 413  1875 1970 2417 333  
4756 4840 5398 843  4372 2743 5101 898  3733 2636 3824 841  2901 2528 3623 602  
1891 2479 2981 219  2549 1745 2761 526  1849 2113 2240 311  1974 1786 2385 376  
14547 15082 24139 1709  9825 7791 7499 2653  2825 1779 1829 1328  551 1216 605 273  
4205 4982 6129 576  2599 4161 4010 232  3984 2528 4416 870  2360 2295 3555 352  
2388 2261 3212 390  2133 2261 2501 373  2297 1678 2500 478  1609 1445 2378 256  
10794 4699 9222 2492  6378 6595 7119 1292  4139 4419 5179 890  2415 3840 4217 464  
8879 9440 12688 1309  5627 5044 7843 922  5350 2881 4245 1558  3202 2657 3312 874  
17586 20385 23863 2613  7593 4251 7198 2152  1912 1011 1493 892  704 403 1280 370  
18598 11298 15900 4143  6164 9238 11212 1147  2262 2996 4055 620  582 1818 1903 145  
26949 11714 22754 6241  1051 6129 7890 32  46 7772 3005 0  2 344 452 0  
20194 18607 25380 3513  6104 3057 5352 2118  953 3613 2319 198  602 319 693 342  
24799 22933 26291 4690  3225 2289 6229 1473  24 558 742 103  1 319 637 6  
18510 19825 28291 2488  8421 4327 4751 3016  959 1021 905 623  94 937 287 55  
1843 2575 2805 212  2539 1732 2802 519  2270 1787 2570 456  1405 1948 2196 168  
7900 10239 11679 1001  6241 4945 8364 1096  4027 4140 5083 710  3623 2300 2835 1121  
10325 8213 12737 1882  6808 3760 5648 1727  3126 5625 5209 460  3036 2665 3748 761  
18086 23202 24124 2533  8731 2174 7656 2926  794 631 2190 314  257 201 243 164  
21140 7923 16841 5014  5245 12002 10949 852  1259 4003 4753 257  289 1332 1306 89  
11012 12646 13610 1753  6019 5694 9488 910  4688 2958 5209 1172  2459 2021 2762 638  
13370 7683 14524 2746  6602 8278 8032 1322  3870 2777 3757 1078  1872 3328 3077 421  
13824 7556 13329 3015  6926 6865 8112 1485  3524 4775 5660 742  1550 3335 2816 320  
23660 20885 32102 3884  4324 3163 1738 2259  68 1415 390 123  0 593 70 2  
21213 21343 28681 3376  5950 3088 4431 2256  739 1182 747 502  98 495 386 66  
18938 25326 29255 2211  8070 716 4738 2821  693 192 276 485  245 0 37 357  
8197 6163 9073 1616  4856 5252 7064 785  4067 3589 3950 942  2730 1735 1905 760  
14170 14946 18359 2294  8002 5365 7616 2081  2301 3402 4270 368  1849 1424 2076 610  
19042 14222 19352 3895  6167 6332 9129 1448  1898 1774 2949 618  634 1600 1637 197  
10736 8823 12001 2067  6714 3937 7266 1546  4122 4283 5046 927  2333 853 2186 680  
5170 4692 6074 943  4380 3451 5113 872  3302 3330 3981 635  2966 1574 2932 732  
8021 3394 7483 1800  5811 3349 6038 1285  3670 5367 5721 606  3066 3152 3998 662  
11542 7946 8569 2561  7925 7436 11551 1522  3539 5186 5726 670  2362 2467 3606 601  
18988 12215 17359 4125  6261 7180 9667 1370  1885 2773 4203 488  613 2173 1587 181  
17195 17047 20125 3040  7450 3514 7600 2171  2237 3443 3828 594  613 1371 1815 154  
7138 6320 6787 1413  4984 5610 7512 767  4691 2468 4351 1198  3053 3208 3937 646  
22830 11228 16669 5384  4120 8287 8050 711  925 2507 4714 161  143 3195 3932 12  
16070 12370 16130 3278  6198 7391 10192 1139  2500 3760 4153 473  1945 1059 1784 788  
17058 17086 19937 3004  7434 3682 8318 2077  2451 2850 3470 754  709 1323 1656 237  
11005 8072 11809 2212  5719 5544 8383 1008  2880 4986 4278 405  3338 2165 3231 976  
11058 6642 10403 2408  6636 6114 7948 1365  3993 2665 4854 945  2050 2337 1838 514  
7191 7380 9303 1179  5857 4041 5229 1362  4251 2935 3968 1034  3037 2558 4300 655  
20329 24975 30332 2644  7573 958 3414 3218  139 250 392 338  8 43 157 57  
2686 2168 2888 529  2418 1366 2060 555  1951 2117 2366 345  1647 1847 2494 248  
11941 12462 15005 1983  5940 6722 7459 1045  5023 2186 4475 1561  2180 1450 1746 715  
23335 19748 20700 4754  4672 4621 11205 1383  32 1760 1605 79  6 82 400 41  
27607 14716 25861 6097  398 10681 7060 123  35 730 851 38  2 83 541 8  
15187 14160 18828 2658  6995 4307 5391 1977  3167 3744 5687 696  1381 2234 2404 353  
26811 12421 21940 6227  1080 12375 9073 33  138 1146 1902 10  17 224 1225 2  
24510 17632 27529 4828  2785 7163 5467 868  565 1237 1019 322  154 65 155 228  
11648 9842 15911 1914  7757 6837 7574 1816  3651 4212 5043 778  2406 2017 2234 790  
19340 19434 25089 3191  5379 4228 6829 1284  2359 1628 1750 1015  743 471 373 591  
2757 1978 2905 561  2393 1288 1978 555  1668 2024 2684 222  1703 1587 2474 279  
9513 12926 14025 1160  8946 5454 8879 2148  4126 3373 4039 1085  2273 2089 3361 555  
22317 19461 22107 4399  5016 4833 8776 1475  597 1090 1633 333  100 574 1248 53  
11982 10229 11094 2416  5487 7890 8840 766  3142 3992 5353 405  3120 1968 3819 833  
23771 12450 19102 5474  3642 10332 12485 557  515 2520 1609 176  92 413 373 55  
6974 7541 8634 1149  5811 3895 5067 1359  4421 2361 4097 1111  3128 2723 3646 723  
7499 6241 9621 1314  6003 4645 6541 1279  3486 4371 4228 654  3182 2679 3736 748  
8129 6379 9137 1578  4770 4840 7035 769  3368 4427 4548 551  3435 1731 2810 994  
8191 12808 13390 737  7526 5204 9651 1370  5371 3495 5263 1378  3065 1805 2768 976  
21304 17090 21982 4261  4252 6584 9209 826  1719 1703 1661 715  537 514 651 306  
26290 17837 23315 5694  1516 7980 9506 359  213 392 1316 138  26 23 117 58  
12143 13856 18717 1572  6889 6172 8459 1222  4868 3367 3644 1546  2243 1516 1712 876  
21759 12159 22666 4580  4821 7022 7875 1182  1159 3673 2431 379  242 1652 808 101  
8746 8954 12735 1276  6385 6288 6471 1317  4288 3741 5668 869  3096 2556 2980 851  
15117 13850 16309 2853  7351 5407 7605 1838  3150 3621 5530 740  1314 1570 1877 416  
5242 1947 4036 1254  4340 2849 5124 876  3533 1935 3698 790  2873 1886 2818 665  
19196 13923 21141 3817  5106 7414 8615 995  2591 2066 2495 975  759 1677 1168 279  
13187 11171 15623 2441  5409 7311 8087 831  2964 3806 4240 451  2483 1883 2831 628  
8245 5004 7616 1803  5257 5305 5751 1040  4256 2478 4715 992  2382 3931 3902 387  
18253 16045 20169 3464  6490 5192 6905 1759  2040 3252 4210 509  808 782 1151 343  
16684 10496 16759 3529  5205 7551 9756 813  3647 3583 3922 1051  1273 2401 1647 375  
7809 5965 7390 1622  5764 2409 5152 1388  3554 3537 3306 772  2732 2583 2600 623  
2479 1520 1905 562  2488 1310 2257 562  2278 1663 2532 470  1947 775 1679 466  
15801 13111 16494 3118  6877 2716 6405 1884  2727 5570 6398 462  1568 1928 2357 457  
23532 8214 18148 5645  3853 13105 11084 482  496 3384 2325 100  138 1084 2307 31  
10678 4212 9379 2457  6677 3859 6916 1496  3899 6577 6237 686  2679 3362 3960 589  
10872 7418 10311 2315  5641 7018 7320 1002  4314 2456 3879 1144  2495 2404 2654 616  
13658 9701 15205 2709  5015 8161 7786 717  3328 3731 5132 576  2968 1283 2258 1110  
16055 10830 14638 3460  6374 8569 10001 1179  3201 3365 5262 781  1206 1758 1670 364  
2646 1826 3081 513  1902 2365 2406 294  1965 2013 2662 324  2031 1260 2280 432  
7204 6145 6683 1452  4999 3020 3333 1206  3627 5001 6216 531  3562 1907 3684 912  
16616 11494 17430 3407  4634 8510 8677 607  2963 3295 4498 585  2196 1112 1504 946  
7667 6242 7434 1554  5355 5497 6515 999  4376 2319 4801 1048  3146 2707 3920 721  
14056 20696 21449 1513  8974 4263 8214 2212  3504 913 2760 1469  855 231 1456 364  
26440 21541 27281 5266  1583 2798 5642 931  18 1868 1050 34  4 18 218 38  
14889 20691 22194 1756  9569 3873 7644 2796  2582 1176 2702 1046  740 352 1199 410  
6798 6526 9608 1048  5797 4364 6814 1168  4246 4105 4544 928  2983 3086 3334 674  
18813 19685 21970 3245  5224 5082 7032 1103  2579 1034 2667 998  1058 284 1986 558  
8748 10083 12190 1274  5324 6268 7551 755  5194 3227 4463 1411  3432 1727 3430 1024  
8264 5021 8636 1725  5086 5141 5158 1035  4070 3742 5701 798  2972 2794 4077 636  
3005 5127 4924 232  4442 3906 5224 832  3781 3055 4377 770  3208 2354 3547 720  
17231 25881 25792 1852  10489 292 7401 3762  301 50 748 527  22 9 329 107  
16119 12143 18683 3095  6560 6095 6287 1655  3136 3037 4722 821  1065 2737 1936 259  
4865 3066 3686 1098  3996 4347 5487 663  3511 2809 3433 772  3101 2102 3419 708  
